"","V1","V2","V3"
"1",0.0189443403416418,9.98926644219451,4.19642635883451
"2",-0.250538703173268,9.75021377337236,4.143491037184
"3",-0.615059620407794,9.2563888412689,4.0404490747788
"4",-0.655243322944722,9.16625901859588,4.02242783383383
"5",-0.679167810915892,9.1019829130738,4.00970521157148
"6",-0.72896497495493,8.90273039429585,3.97089732964564
"7",-0.741109008371627,8.64812654930989,3.92253600104152
"8",-0.706249887717605,8.42279859989728,3.88069276578373
"9",-0.691232775603124,8.36679799823111,3.87041191467377
"10",-0.61995960970242,8.17173394431071,3.83491378363327
"11",-0.443593362770504,7.85367635607822,3.7778654155649
"12",-0.423236014281872,7.82359565277005,3.77251109564764
"13",-0.356244895098761,7.73034014816827,3.75594640486992
"14",-0.348971683261125,7.72067675325083,3.75423265705715
"15",-0.155974352663998,7.48838041423176,3.71315394551138
"16",-0.140515805847485,7.4713824131842,3.71015485739405
"17",-0.0856662723007439,7.41257198015723,3.69978309241096
"18",-0.0790238837290976,7.40559935210731,3.69855381089169
"19",-0.0603444557647719,7.38615376278739,3.69512590993128
"20",0.0100551839558195,7.31487652839363,3.68256466358403
"21",0.0651545979897418,7.26109539802793,3.67308884341252
"22",0.0842781105248132,7.2428031266665,3.66986596730798
"23",0.112555076330927,7.21608611656118,3.66515862662349
"24",0.13311988996673,7.1968937599219,3.66177688566866
"25",0.143190321393012,7.18756599412227,3.66013322855248
"26",0.198055119669959,7.13752369489203,3.65131391519659
"27",0.21561413565347,7.12177278827639,3.64853743913304
"28",0.254662996377032,7.08717815277764,3.64243804161889
"29",0.261885312407181,7.08084301752722,3.64132087926402
"30",0.330767516190894,7.02135985072957,3.63082756454939
"31",0.348523077318698,7.00628983209755,3.62816784982571
"32",0.367270810189555,6.99048883922936,3.62537851714942
"33",0.401588134256723,6.96185165643993,3.62032152145359
"34",0.4509907383576,6.92124682998722,3.61314704487544
"35",0.455989387255744,6.91717759908917,3.61242776384087
"36",0.504551417513995,6.87800403407274,3.6055005123807
"37",0.508327966500061,6.87498424624778,3.60496628198144
"38",0.509838326916902,6.87377759083169,3.60475280327314
"39",0.631867934488962,6.77817505210029,3.58782058620741
"40",0.649215804634466,6.76487088964392,3.58546115886674
"41",0.87352210166412,6.59848232199275,3.55587680852515
"42",0.884312508326992,6.59071973129793,3.5544928009648
"43",0.904220845317379,6.57645116288874,3.55194786564051
"44",0.936931410156986,6.5531545841305,3.5477899608922
"45",0.949555693367783,6.5442115859244,3.54619292104456
"46",1.02527875200238,6.49111103350771,3.53669934487964
"47",1.05874187550299,6.4679302200607,3.53254892611682
"48",1.07774650217234,6.45484011263132,3.53020352524344
"49",1.09918345055568,6.44013841530335,3.52756790014755
"50",1.13105276215625,6.41840448294812,3.52366868231103
"51",1.14557610457855,6.40854761636991,3.52189913387308
"52",1.15150563139282,6.40453174590434,3.52117797721862
"53",1.16799178510561,6.39339170567065,3.51917684482469
"54",1.18973421462054,6.37875651173661,3.5165464168552
"55",1.19768271775053,6.37342211658961,3.51558723717028
"56",1.20349063188999,6.36952963549936,3.51488718843679
"57",1.26348913071038,6.32957639623381,3.50769479758655
"58",1.27023495024907,6.32511318092174,3.50689053089338
"59",1.27798720424009,6.31999114389538,3.50596734467289
"60",1.36464858739015,6.26323355255602,3.4957228339885
"61",1.37923745031982,6.25376675884946,3.4940114511866
"62",1.38345800728806,6.2510326194926,3.49351703585057
"63",1.42079024956372,6.22693695385613,3.48915697830937
"64",1.44441631573468,6.21176884068748,3.48640970475631
"65",1.47066846350969,6.19498691574698,3.48336772551847
"66",1.5003480171261,6.17610373509317,3.47994179528906
"67",1.52769943949442,6.15878447530077,3.47679671003473
"68",1.5889406942156,6.12028551046904,3.46979540148333
"69",1.59887596875335,6.11407540019655,3.46866472422888
"70",1.66370457564441,6.07379071794401,3.4613209582818
"71",1.75543689482836,6.01746452444181,3.45102576241598
"72",1.76540018672363,6.01139280707094,3.44991405454302
"73",1.77252912010904,6.00705377860199,3.44911936177241
"74",1.78390481998292,6.00013923675864,3.44785256020269
"75",1.78396394242252,6.00010332980146,3.44784598045169
"76",1.81282611534074,5.98261076088056,3.44463896149114
"77",1.81629583873241,5.98051270988653,3.44425409735431
"78",1.82255822852794,5.97672862177042,3.44355983107674
"79",1.82655266011606,5.97431671456705,3.44311723976361
"80",1.83040950587906,5.9719891759282,3.44269007193703
"81",1.83159554094791,5.97127367929027,3.44255874694773
"82",1.85774060303076,5.95553143993708,3.43966797860275
"83",1.87068608504931,5.94775805025551,3.43823956407629
"84",1.87087236838147,5.94764629428094,3.43821902340682
"85",1.95036181603875,5.90019831118613,3.4294832685964
"86",1.95452097288261,5.89772754011899,3.4290274024856
"87",1.96138760715997,5.89365066283719,3.42827495861546
"88",1.96201151188329,5.8932803752243,3.42820660151112
"89",1.97675383848909,5.88453732070297,3.42659181362869
"90",1.98251707483776,5.88112268545804,3.42596073622369
"91",1.99339048721794,5.87468515952752,3.42477031773592
"92",2.0387512402731,5.84789119803378,3.41980548048163
"93",2.04226263165895,5.84582080333517,3.41942111031242
"94",2.05035736969018,5.84104980147814,3.41853494335452
"95",2.07251862076014,5.82800029884145,3.41610796759951
"96",2.08688565729468,5.81954905654832,3.41453360115711
"97",2.09300663050586,5.8159503405791,3.41386255913423
"98",2.09405966539631,5.81533133457871,3.41374709532359
"99",2.10610082121241,5.80825529485513,3.4124263540362
"100",2.12648577277829,5.79628405109673,3.41018829414933
"101",2.16060426095011,5.77626583032018,3.40643502033155
"102",2.2201415560159,5.74136525107481,3.39985592611789
"103",2.22259389868348,5.73992803302464,3.3995839580017
"104",2.22685017158413,5.73743360127478,3.3991117265346
"105",2.22712811318707,5.73727071031243,3.39908087989275
"106",2.26635063342488,5.71428090348053,3.39471582704571
"107",2.26749975454958,5.7136072039137,3.39458755939037
"108",2.2737487647935,5.70994334136955,3.39388962333433
"109",2.28531986371938,5.70315790817492,3.39259541732486
"110",2.31755942387234,5.68424170089021,3.38897590675006
"111",2.32311467004118,5.68098028662528,3.38835008177842
"112",2.33976979749784,5.6711981463216,3.38646978610444
"113",2.3450792144793,5.66807832350172,3.38586906954283
"114",2.37318493147917,5.65155025771705,3.38267805306225
"115",2.37473188997818,5.65063984359655,3.38250185586725
"116",2.39396821661878,5.63931211168365,3.38030571809989
"117",2.40650007880433,5.631925199781,3.37886971973174
"118",2.43331422156835,5.61609808921836,3.37578235166805
"119",2.44879533442524,5.6069456373267,3.3739902130813
"120",2.46616176272809,5.59666449721921,3.37197096547072
"121",2.47758548444097,5.58989283089006,3.37063738958024
"122",2.48362628107921,5.58630908600367,3.36993045043551
"123",2.48677501710943,5.58444024997595,3.3695614730113
"124",2.52893698844657,5.55935784451663,3.36458716022236
"125",2.53185636724186,5.55761680605061,3.36424031891509
"126",2.54744044878731,5.5483127817165,3.36238329116214
"127",2.54817230761192,5.54787541880397,3.36229584880242
"128",2.55070584044545,5.54636106253471,3.36199297917416
"129",2.58118965007238,5.52810182499347,3.35832838794324
"130",2.58401033743724,5.52640856621558,3.35798734233722
"131",2.60313157708008,5.51491251236464,3.35566632233306
"132",2.6088761728985,5.51145259272191,3.35496585705244
"133",2.61198743991293,5.50957748117661,3.35458586341854
"134",2.62923748870572,5.49916514266587,3.35247094693438
"135",2.64231271208319,5.49125409485484,3.35085852388615
"136",2.64630017095875,5.48883820242603,3.35036514911192
"137",2.65465694355158,5.48376990934791,3.34932861110792
"138",2.66698908592241,5.47627754751405,3.34779258850801
"139",2.66710378970781,5.4762077850435,3.34777826531493
"140",2.67807076064708,5.46953122799626,3.34640566224819
"141",2.67819746724234,5.469454014833,3.34638976725182
"142",2.69785161209221,5.45745550764186,3.34391384319701
"143",2.69951020725796,5.45644096575683,3.34370394535004
"144",2.70419301474279,5.45357483174218,3.34311050989164
"145",2.7069221238017,5.45190328707181,3.3427640983515
"146",2.73066620577958,5.43732259841483,3.33973238056127
"147",2.75762919347911,5.42067916249062,3.33624938310039
"148",2.77373666294973,5.41069019858505,3.33414724730248
"149",2.77406567143051,5.41048579096118,3.33410413729914
"150",2.77881526546837,5.40753324330903,3.33348101838362
"151",2.78485071635984,5.40377671590067,3.33268708309415
"152",2.79282478740991,5.39880548451877,3.33163444551172
"153",2.79701209501195,5.39619127056026,3.33107998743547
"154",2.80482201766145,5.39130838457405,3.33004266869822
"155",2.8244830577168,5.37897450924616,3.32741255580008
"156",2.82675405819661,5.37754592965868,3.32710699452184
"157",2.84792859806406,5.36418548279826,3.32423985787042
"158",2.86717353838787,5.35197671266548,3.32160472839376
"159",2.89292682504026,5.33553546665073,3.3180327139774
"160",2.89431759930969,5.33464406834723,3.31783827176845
"161",2.89926958593642,5.33146715984298,3.31714463010866
"162",2.9196597127993,5.31833558896551,3.31426651632783
"163",2.92011635879494,5.31804055208318,3.31420164668616
"164",2.93145658724825,5.31069997686361,3.31258474824576
"165",2.93743578810011,5.30681884800955,3.3117275683334
"166",2.9391961040407,5.30567477880533,3.31147458704397
"167",2.94115046350141,5.30440382276426,3.31119338511131
"168",2.9501267827871,5.29855574409912,3.3098972492642
"169",2.95859043567335,5.29302532681869,3.30866807820424
"170",2.96623654274394,5.28801506897107,3.30755156196146
"171",2.96858012505936,5.28647666218037,3.30720816111361
"172",2.97548149015027,5.28193878300794,3.30619363070031
"173",2.98181519287733,5.27776400395754,3.30525814947783
"174",2.98975136215361,5.27251891062111,3.30407988774787
"175",3.00555847230339,5.26202352343629,3.30171209203646
"176",3.00790411851667,5.26046044230259,3.30135827732798
"177",3.03337892689303,5.24338563556774,3.2974726555353
"178",3.04053211638767,5.23855714447598,3.29636681662798
"179",3.04723209014913,5.23402043226736,3.29532488380202
"180",3.05652494329142,5.22770474016531,3.29386958620288
"181",3.05714167903431,5.22728461248414,3.29377257764801
"182",3.06073174475931,5.22483656618235,3.29320681533683
"183",3.06337228469953,5.22303330453771,3.2927895166189
"184",3.06970757919242,5.21869739986758,3.29178419913661
"185",3.0804830713906,5.21129125574375,3.2900606168728
"186",3.0812848943081,5.21073853958239,3.2899316588014
"187",3.08407673174684,5.20881228516762,3.28948187099419
"188",3.11504810353947,5.18725064922942,3.28440801197652
"189",3.11992479647473,5.18382184762532,3.28359434655001
"190",3.12190522963954,5.18242666158229,3.28326271601759
"191",3.13278577890465,5.17473257528023,3.28142809156803
"192",3.13766577202069,5.17126549437298,3.28059814914449
"193",3.15705362697546,5.15738725433045,3.27725542806778
"194",3.16954305395677,5.14835506084962,3.27506180359608
"195",3.17982543749186,5.14086188277611,3.27323080820473
"196",3.20440315583025,5.12272887078603,3.26875678981438
"197",3.21089811438792,5.11788169932946,3.26755021953015
"198",3.216283428271,5.11384424204746,3.2665417097172
"199",3.21881386076721,5.11194125698203,3.26606525470036
"200",3.22403709535875,5.10800107481403,3.26507645949564
"201",3.2318087601288,5.10210762394172,3.26359168832964
"202",3.23603263515696,5.09888869979032,3.26277775949796
"203",3.23872870082553,5.09682812671967,3.26225561814012
"204",3.25379178302373,5.08522738218104,3.2592996423425
"205",3.26701686155953,5.07491309829013,3.25664764661307
"206",3.26844285447725,5.07379343134794,3.25635838586676
"207",3.27447046066502,5.06904394678256,3.25512835114158
"208",3.28289882502985,5.06235635468778,3.25338799383043
"209",3.2830460892288,5.06223901399798,3.25335736916011
"210",3.28402539947814,5.06145825948259,3.25315352255986
"211",3.30004055854988,5.04857958752337,3.24977127403767
"212",3.30265509711061,5.04645667112706,3.24921012522053
"213",3.30516657088301,5.0444118556693,3.24866864000205
"214",3.3078398569254,5.04222920496851,3.24808958804463
"215",3.31543613240232,5.03599208733747,3.24642877876161
"216",3.32214600722056,5.03043845113644,3.24494226207683
"217",3.34234442154969,5.01345427715761,3.24035023014042
"218",3.34527611765194,5.01095409543442,3.23966830224046
"219",3.34831540718609,5.00835233757511,3.23895702315627
"220",3.34902338266399,5.00774482806725,3.23879069702702
"221",3.35632930214169,5.00144292793517,3.23705988442994
"222",3.35693189298696,5.00092044073558,3.23691593466239
"223",3.37114237357248,4.98847423154303,3.23346630615864
"224",3.37618559272308,4.9839973252298,3.23221569676902
"225",3.38212675242822,4.97868105539939,3.23072379689432
"226",3.39012187227323,4.97145186492512,3.22868306881342
"227",3.3910502612542,4.97060666495743,3.22844356599712
"228",3.40277101810476,4.95982862569591,3.22537248019292
"229",3.41232974015388,4.95088382723484,3.22279959990802
"230",3.41243925954162,4.95078049638089,3.22276974821594
"231",3.41350932124579,4.94976986711707,3.22247762614474
"232",3.41724001791337,4.94623155541637,3.2214526262326
"233",3.41750127583641,4.94598289674284,3.22138046111187
"234",3.42015094633517,4.94345444750134,3.22064567143622
"235",3.42571867555326,4.93810173304062,3.21908415238259
"236",3.43145804966363,4.93252575177266,3.21744880134117
"237",3.43168756618162,4.93230150453509,3.21738284606339
"238",3.43643599397811,4.92763967948267,3.21600842192959
"239",3.44109714073827,4.92302092580334,3.21464046034035
"240",3.45056083055474,4.91350688905143,3.21180285271592
"241",3.45080829098,4.91325556472717,3.21172752980977
"242",3.45937033406246,4.90447579694521,3.20908430190369
"243",3.46661654755,4.89691176928758,3.20678835377262
"244",3.47143584769186,4.891809150638,3.20522961443184
"245",3.47530388084143,4.8876701225118,3.20395930567466
"246",3.47974349620211,4.8828696417256,3.20247928899498
"247",3.48461552558216,4.87753770893468,3.20082691668479
"248",3.48621318062933,4.87577416397129,3.20027840853988
"249",3.48757798388073,4.87426159796262,3.19980717204091
"250",3.48854277164847,4.87318894954338,3.19947254814413
"251",3.48953063277882,4.87208770012662,3.19912861921044
"252",3.4905190509096,4.87098282412054,3.19878316775146
"253",3.49158621605999,4.86978652385892,3.19840869078541
"254",3.49428448525616,4.86674582592114,3.19745479822915
"255",3.49834717996792,4.86212371914261,3.19599911500551
"256",3.50874248741406,4.85004717241779,3.19216319055558
"257",3.5131982424412,4.8447555912375,3.19046749492011
"258",3.51871145285701,4.83810753795773,3.1883241677941
"259",3.52365248592828,4.8320511452255,3.18635898838918
"260",3.52370174208611,4.83199028957616,3.1863391807816
"261",3.53277506389414,4.82061217998322,3.18261430894889
"262",3.53595339290365,4.81654472444151,3.18127234071834
"263",3.53613825122911,4.81630680166553,3.18119367314815
"264",3.53642939383191,4.81593178097243,3.1810696368512
"265",3.54124639506161,4.80967216558558,3.17899238320916
"266",3.54777229156237,4.80102125890082,3.17610002627781
"267",3.55393187914644,4.79266632246717,3.17328276132212
"268",3.55587087386393,4.78999642811244,3.17237751416449
"269",3.55914298375017,4.78544612516911,3.17082914021122
"270",3.55974717957639,4.78459964717909,3.17054032673632
"271",3.56545846508111,4.77649867945798,3.16776399768795
"272",3.56995368781581,4.76999154453878,3.16551768322027
"273",3.56999534740679,4.76993068118947,3.1654966042984
"274",3.57237386117407,4.76643834491252,3.16428496853273
"275",3.57250262295001,4.76624830144489,3.16421891448644
"276",3.57281113304801,4.7657925465702,3.16406045567243
"277",3.57855011901168,4.7572053133666,3.16106144352185
"278",3.57883190641665,4.75677822044394,3.16091162127154
"279",3.57941717189783,4.75588948921768,3.16059965630931
"280",3.58019248337036,4.75470867998091,3.16018474274494
"281",3.58270374184069,4.75085630308956,3.15882773506543
"282",3.58442670030637,4.74818828190592,3.15788490254133
"283",3.59394112996229,4.73307057546495,3.15249573441713
"284",3.59647097833763,4.72893539110476,3.15100769256278
"285",3.59762195824742,4.72703715970384,3.15032260357359
"286",3.59776706273252,4.72679708782854,3.15023586913508
"287",3.59993374350618,4.72319181251901,3.14893089433223
"288",3.60503467957397,4.71454724681279,3.14578318656742
"289",3.60689692608623,4.71133434137994,3.14460653771665
"290",3.60693782000011,4.71126343577496,3.14458052891696
"291",3.60793204819873,4.70953484022103,3.14394591206363
"292",3.60817137413842,4.70911738178972,3.14379249185627
"293",3.61194322687161,4.70246693013801,3.14134001194923
"294",3.61225966133792,4.70190279773426,3.14113125150871
"295",3.61676786542793,4.69375734776094,3.13810428918846
"296",3.61972530158652,4.68829991787336,3.13606291512459
"297",3.62213815004726,4.68377746125199,3.1343631468685
"298",3.62410513101566,4.68004254613231,3.13295381023319
"299",3.62504596022469,4.67824040604336,3.1322719844195
"300",3.62667170472374,4.67510186252529,3.13108173195749
"301",3.62782919180625,4.67284806661894,3.13022480439439
"302",3.62912076694647,4.67031390766742,3.12925907452717
"303",3.63047087374948,4.66764275366416,3.12823860872335
"304",3.63139044350153,4.66581020699185,3.12753701435319
"305",3.63603540370666,4.65638413967584,3.12390884496386
"306",3.63843387617798,4.65140137779697,3.12197778958489
"307",3.64086312970933,4.64627027775986,3.11997970694706
"308",3.64136396605519,4.64520153044659,3.11956230955442
"309",3.64321590786704,4.64121645941892,3.11800223061129
"310",3.64563317930618,4.63593416721166,3.11592526425042
"311",3.64817286253213,4.63028192389868,3.11369137854323
"312",3.6487241057164,4.62904076950574,3.11319925873494
"313",3.64959349990338,4.62707264824893,3.11241772010947
"314",3.65064699586521,4.62467005705865,3.1114616981757
"315",3.65090988579495,4.62406744826473,3.11122157480064
"316",3.65101254819232,4.62383178535418,3.11112763263086
"317",3.65144574685144,4.62283528784392,3.11073017031418
"318",3.65165139373233,4.62236104830149,3.11054088527948
"319",3.65206299172286,4.62140956112406,3.1101608612892
"320",3.65548573076129,4.61337501899332,3.10693836222397
"321",3.65757563854746,4.60835771956907,3.10491374360534
"322",3.65976487666372,4.60300667478599,3.10274401477333
"323",3.66059734996807,4.60094543227845,3.10190534743157
"324",3.66120365162217,4.59943479427387,3.10128968856689
"325",3.66771138545321,4.58269242448902,3.09440846905246
"326",3.66940953350172,4.5781543448976,3.09252492740698
"327",3.67096277549562,4.57393762628374,3.09076771836601
"328",3.67228058724522,4.57030894748136,3.08925011275967
"329",3.67341759947502,4.56713922494279,3.08792032377965
"330",3.67505931788558,4.56249685811537,3.08596575399263
"331",3.67568589968901,4.56070402767291,3.08520870185625
"332",3.6764323993161,4.55855254871015,3.08429857004522
"333",3.68077471378546,4.54568940834206,3.07881997862339
"334",3.68315823821155,4.53836437243746,3.07567183215687
"335",3.68407025680753,4.53550971100375,3.07443942296085
"336",3.6842710134001,4.53487740090745,3.07416602419299
"337",3.68457391244903,4.53392067207605,3.07375206434975
"338",3.68730901540689,4.52513148476755,3.06993291176265
"339",3.68770412782699,4.52383902300284,3.06936883833916
"340",3.68985990360714,4.51668304682025,3.06623435397308
"341",3.68999672102058,4.5162228650589,3.06603212540889
"342",3.69022520727264,4.51545273421314,3.06569351098379
"343",3.69064646560671,4.51402750595977,3.06506627442103
"344",3.69082765714047,4.51341234728468,3.06479531088441
"345",3.69098892067644,4.51286375907636,3.06455355070182
"346",3.69283146755147,4.50652237201458,3.06175077252731
"347",3.69301977662708,4.50586660171795,3.06146007858333
"348",3.69749404320021,4.48985502579247,3.05431289707949
"349",3.69762449525187,4.4893755783631,3.05409742384348
"350",3.69883626859506,4.48488717799687,3.05207615292858
"351",3.69942100213785,4.48269873827345,3.05108795006502
"352",3.69945713662936,4.48256301568201,3.05102660601352
"353",3.69966304729014,4.48178852831902,3.05067642345472
"354",3.70035970430061,4.47915457120695,3.04948384641567
"355",3.70039822995125,4.47900829602955,3.04941754317546
"356",3.70389409422542,4.46546497728952,3.04324497303585
"357",3.70394222840946,4.46527475902094,3.04315780526493
"358",3.70496598285317,4.46120495400726,3.04128968788865
"359",3.70555665001907,4.45883591013384,3.04019950845491
"360",3.70792051957539,4.4492024519021,3.03574570780232
"361",3.70833393703292,4.44749276758612,3.03495181627833
"362",3.70871052329222,4.4459290085287,3.034224775239
"363",3.70891155973759,4.44509172781614,3.03383514003342
"364",3.70917111275063,4.44400818620183,3.03333053621244
"365",3.70966422522167,4.4419417326751,3.03236703843714
"366",3.71011353211076,4.440049907535,3.03148363751403
"367",3.71013136085912,4.43997466376318,3.03144847575589
"368",3.71091881970817,4.43663806151553,3.02988725767489
"369",3.71118101560512,4.43552138056556,3.02936387904539
"370",3.71194519481175,4.43225068846745,3.02782841119685
"371",3.7120748318831,4.43169348374857,3.02756644991023
"372",3.71300285790438,4.42768496282496,3.02567869918408
"373",3.71340560832743,4.42593470127656,3.02485267837967
"374",3.7141403582266,4.42272540104127,3.02333530135044
"375",3.71584903299089,4.41518340639419,3.01975531249865
"376",3.71590193616701,4.41494818993064,3.01964334459594
"377",3.71620467511326,4.41360024549975,3.01900132666213
"378",3.71701497791873,4.40997659846903,3.01727229915723
"379",3.71895434609667,4.40121508917801,3.0130731051771
"380",3.71902996926863,4.40087103936048,3.01290767413894
"381",3.71942379845642,4.39907652552163,3.01204415586634
"382",3.71959585773919,4.39829108261686,3.0116658564962
"383",3.72026922057665,4.3952090285443,3.01017939536434
"384",3.72112498215191,4.39127410200654,3.00827691634379
"385",3.72145694522763,4.38974252699308,3.00753500679157
"386",3.72319252942127,4.38169224061467,3.00362238561241
"387",3.72372841201366,4.37919338190034,3.00240346342493
"388",3.72380102561638,4.37885434281283,3.00223792225246
"389",3.72440250635117,4.37604218515684,3.00086336405447
"390",3.72498365540825,4.37331904012035,2.99952980538655
"391",3.72541151092443,4.37131071335916,2.99854472453343
"392",3.72627891630817,4.36723107284555,2.99653955607418
"393",3.72639912835261,4.36666490662098,2.99626084740936
"394",3.72811516235504,4.35856630457943,2.99226257846419
"395",3.72862487451213,4.35615611878446,2.99106852298352
"396",3.72994356382398,4.34991495873143,2.98796772825703
"397",3.73071864865091,4.34624485712307,2.98613841177145
"398",3.73102896288026,4.34477553153516,2.98540482467947
"399",3.73148092271445,4.34263582664905,2.98433529430896
"400",3.73189213090923,4.34068957470421,2.98336118232609
"401",3.73194293168941,4.34044917940062,2.98324077847378
"402",3.73208692456751,4.33976785051557,2.98289942887554
"403",3.73236267763282,4.33846335855905,2.98224545584957
"404",3.73325666707767,4.3342374504844,2.98012316924463
"405",3.73336695009565,4.33371655312371,2.97986117561649
"406",3.73389351659772,4.33123093196948,2.97860980337654
"407",3.73403135047835,4.33058073994041,2.97828214369751
"408",3.73407956312459,4.33035335701215,2.97816752399714
"409",3.73485766114257,4.32668727706922,2.97631725575935
"410",3.7349667379573,4.32617393990144,2.97605783531058
"411",3.73520082998145,4.32507278661629,2.97550107489572
"412",3.73628334921101,4.31999102812381,2.97292670775266
"413",3.73799031436197,4.31201883987966,2.96887176859208
"414",3.73946610768121,4.30517522923251,2.96537509205633
"415",3.7397467066509,4.30387984246839,2.96471159672058
"416",3.74091089262368,4.29852677859041,2.96196428057458
"417",3.7423319182357,4.29204129637809,2.95862394411027
"418",3.74323108956363,4.28796624152884,2.95651845457305
"419",3.74522032161461,4.27903355822687,2.95188519493857
"420",3.74536781072519,4.2783759038601,2.95154310418444
"421",3.74560782489768,4.27730707763045,2.95098684974131
"422",3.74631883577491,4.27415106020404,2.94934228669026
"423",3.74741205119073,4.26932880850227,2.94682351824689
"424",3.74746558106948,4.26909363787878,2.94670049942498
"425",3.74784154601778,4.26744445686148,2.94583732439609
"426",3.74954218861157,4.26004049387213,2.94195174113888
"427",3.7505971055517,4.2554945037212,2.93955760075179
"428",3.75138258910495,4.25213315380458,2.93778323018909
"429",3.75168760086072,4.25083336526819,2.93709616576214
"430",3.75232939965199,4.24810840525473,2.9356540589755
"431",3.75268588654106,4.24660071870516,2.93485516930894
"432",3.75348382619218,4.24324131390189,2.93307255826432
"433",3.75365175587186,4.24253701718259,2.93269839102215
"434",3.75397165346054,4.24119797504858,2.93198658191899
"435",3.75409805243076,4.24066983200257,2.93170567812859
"436",3.75450358034379,4.23897899501283,2.93080578904697
"437",3.75454028451001,4.23882623014979,2.93072444154229
"438",3.7551630537552,4.23624112309605,2.92934676931362
"439",3.75562354428576,4.23433801775677,2.92833122730932
"440",3.75695388452289,4.22888014809217,2.92541253723773
"441",3.75734555959676,4.2272846334109,2.924557559264
"442",3.75885446367982,4.22118641726344,2.92128245368078
"443",3.7619988406228,4.20872499887483,2.91455394903689
"444",3.76212440220835,4.20823428096933,2.91428799807276
"445",3.76268681040896,4.20604275204389,2.91309935502571
"446",3.76403675651484,4.20082544405377,2.91026356701342
"447",3.76415048130814,4.20038868125565,2.91002578654459
"448",3.76434649820177,4.19963687875808,2.90961635432336
"449",3.76523607098516,4.19624096361577,2.90776474130138
"450",3.76576566264659,4.19423163615796,2.90666746844974
"451",3.76583114172694,4.19398384085662,2.906532062823
"452",3.7659800511684,4.19342083940006,2.90622434432085
"453",3.76625021629021,4.19240124325998,2.90566681427292
"454",3.76625949298687,4.19236627562297,2.9056476877095
"455",3.76666305385725,4.19084780982886,2.90481675100823
"456",3.76702484649206,4.18949101465025,2.90407367559329
"457",3.76828600316841,4.18479459567167,2.90149715623116
"458",3.76855206320838,4.1838103680741,2.90095632345884
"459",3.76919835297773,4.18142902126805,2.89964652370558
"460",3.77037072768127,4.17714321648002,2.89728476612647
"461",3.77149303198354,4.17308113004983,2.89504099933241
"462",3.77209241557282,4.17092786366934,2.8938495144415
"463",3.77225009074118,4.17036327767024,2.8935368677648
"464",3.77309421226546,4.16735382478188,2.89186866537338
"465",3.77384000789994,4.16471316098413,2.8904025603241
"466",3.7740373089301,4.16401741490244,2.89001591728568
"467",3.77454497606052,4.16223266201515,2.88902339509744
"468",3.77456166896539,4.16217410926224,2.88899081635846
"469",3.77459646001088,4.16205210180499,2.88892292799423
"470",3.77461321512558,4.16199335697061,2.88889023906527
"471",3.77556004771836,4.15868743977627,2.88704890301713
"472",3.775787209543,4.15789829563443,2.88660885908801
"473",3.77621396148117,4.15641995395086,2.8857839798179
"474",3.77647446481914,4.15552018834178,2.885281597768
"475",3.77937249276902,4.14564479986146,2.87975106525208
"476",3.78027900375177,4.14260552786054,2.87804283945161
"477",3.78114649643484,4.13971886513641,2.87641771278415
"478",3.78140114075886,4.13887552471698,2.87594243898751
"479",3.78363477451733,4.13155503794143,2.87180754969916
"480",3.78517622874372,4.12658227088907,2.86898917781428
"481",3.78520171032573,4.12650060105952,2.86894282592418
"482",3.78667547286056,4.12180628836891,2.86627504993205
"483",3.78682022555173,4.12134828477279,2.86601439736205
"484",3.78826878440784,4.11679482332711,2.86341942365796
"485",3.78827783730895,4.11676653542658,2.8634032823692
"486",3.7889016178111,4.11482240700813,2.86229334780202
"487",3.78897898185291,4.11458197500218,2.86215599903264
"488",3.78926915474235,4.11368152112839,2.86164144649492
"489",3.78941234869115,4.1132379480324,2.86138787914444
"490",3.78970308418712,4.11233891700813,2.86087376154373
"491",3.79149536378736,4.10684307709393,2.85772542198168
"492",3.79205486867611,4.10514355623109,2.85674992199692
"493",3.7921417249906,4.10488040733903,2.85659879752945
"494",3.79500358812678,4.09631052404458,2.8516653224777
"495",3.79529572907242,4.09544653610001,2.85116666896426
"496",3.79676725714608,4.09112444051468,2.84866864640053
"497",3.79683432639475,4.09092862505711,2.84855533323421
"498",3.79708714934077,4.09019139747102,2.84812861160978
"499",3.79728389494186,4.0896186884259,2.84779699899361
"500",3.79775601330056,4.0882479443473,2.84700288710422
"501",3.79948616491064,4.08326712139503,2.8441123921397
"502",3.80007206379143,4.08159539436524,2.84314050289276
"503",3.80061878617014,4.08004221347804,2.84223674631523
"504",3.80065582019446,4.07993723887369,2.84217563692161
"505",3.80098087807517,4.07901712378007,2.84163985756001
"506",3.80181529554155,4.07666564811481,2.84026939399213
"507",3.80214498662105,4.07574066361359,2.83972982745259
"508",3.80291582600519,4.07358702833135,2.83847251575915
"509",3.80471639672577,4.068605234336,2.8355585065337
"510",3.80540550651807,4.06671646793094,2.83445166389608
"511",3.80612844541293,4.06474546987303,2.83329543366628
"512",3.80685041027721,4.06278775680858,2.83214578420756
"513",3.81002285027391,4.05430881450312,2.82715263705844
"514",3.81057041238377,4.05286536575629,2.82630034518846
"515",3.81181451580366,4.04960719960614,2.82437412179978
"516",3.81200824466519,4.04910250565731,2.82407544702536
"517",3.81267632132391,4.04736751211068,2.82304807358956
"518",3.81289353491297,4.04680522122915,2.822714909554
"519",3.81461725775541,4.04237428990669,2.8200860262897
"520",3.81522377826202,4.04082823032509,2.81916728091141
"521",3.81568033997818,4.03966885046841,2.81847782257885
"522",3.81663940685951,4.03724569694107,2.81703544841968
"523",3.81694502714912,4.03647699356698,2.81657749102261
"524",3.81863027836103,4.03226794966862,2.81406661453618
"525",3.81878077416396,4.03189450168903,2.81384356493902
"526",3.81895435113423,4.03146426885009,2.81358654447349
"527",3.81927460373835,4.0306718552652,2.8131130038418
"528",3.82052058314689,4.02760570545594,2.81127881468916
"529",3.82072372775399,4.02710831927491,2.8109809935311
"530",3.82227703479861,4.02332820111506,2.80871499093797
"531",3.82465624409603,4.01761584869549,2.8052820740782
"532",3.82487223919779,4.01710182828691,2.8049726566466
"533",3.82544408793005,4.01574458056713,2.8041552491011
"534",3.82578537385128,4.01493705517551,2.80366863524708
"535",3.82855448752354,4.00845288893569,2.79975374319955
"536",3.8285735626624,4.0084086362793,2.799726979033
"537",3.830358182482,4.00429303271793,2.79723511310601
"538",3.8305907169923,4.00376032075347,2.79691217753759
"539",3.83080933931653,4.00326021910554,2.79660892814522
"540",3.83121804428628,4.00232721464812,2.79604296339299
"541",3.83139482487725,4.00192442439577,2.7957985429896
"542",3.83291422338124,3.99848151455054,2.79370720603205
"543",3.83378925247021,3.9965140072821,2.79251037451521
"544",3.83434255366742,3.99527559939189,2.79175641764124
"545",3.83450104723401,3.99492166365761,2.79154084731225
"546",3.83489084814397,3.9940527121293,2.79101142810206
"547",3.8352952662214,3.99315345405915,2.7904632896754
"548",3.83624027564679,3.99106112449626,2.78918691781089
"549",3.8380342544712,3.98712325194888,2.78678091517922
"550",3.83908775904181,3.98483127444549,2.78537824973089
"551",3.83987501254693,3.98312830756273,2.78433496122866
"552",3.8402958120291,3.98222143687625,2.78377900536255
"553",3.84077142582021,3.98119926017087,2.78315204485993
"554",3.84085295372166,3.98102434229502,2.78304472393236
"555",3.84217974430328,3.97818995189048,2.78130431331434
"556",3.8427686169041,3.9769392833019,2.78053554049653
"557",3.84288168632749,3.97669965352491,2.78038818523209
"558",3.84300132563256,3.97644627876969,2.78023235771718
"559",3.84406470955967,3.97420225123586,2.77885136227739
"560",3.8459265467837,3.97030760468585,2.77645071771599
"561",3.84709197173571,3.96789160442432,2.77495905291103
"562",3.84827920518899,3.96544741251743,2.77344807088145
"563",3.84867306844189,3.96464030693239,2.7729487015836
"564",3.84906130022235,3.96384655624084,2.77245739060065
"565",3.85094241183291,3.96002581366432,2.77008961117267
"566",3.85174776109697,3.95840269715637,2.76908231461427
"567",3.85267172782621,3.95654971374112,2.76793132585277
"568",3.85313162914428,3.95563102882712,2.76736027019363
"569",3.85368584466162,3.95452712677415,2.76667372330247
"570",3.85433489680098,3.95323871886342,2.76587193005339
"571",3.85436996610106,3.95316923844259,2.76582867625179
"572",3.85444459427816,3.9530214283851,2.76573665454529
"573",3.85461963197045,3.95267498879674,2.76552094496742
"574",3.85993812513363,3.94230778689756,2.75904790822034
"575",3.86164741652837,3.93903958626507,2.75700012155245
"576",3.86234254663368,3.93771907926447,2.75617173958113
"577",3.86306999814697,3.93634243116638,2.7553075385877
"578",3.86308845049498,3.93630758101482,2.75528565319109
"579",3.8637735499702,3.93501608555981,2.7544743353951
"580",3.86401231244113,3.93456709393484,2.75419215229587
"581",3.86440920054538,3.93382200474491,2.75372373327414
"582",3.86448831386954,3.93367367017845,2.75363045757903
"583",3.86494070200649,3.932826648349,2.75309769713832
"584",3.86508187195151,3.93256274395107,2.75293165890028
"585",3.86650324114833,3.92991645010276,2.75126546881264
"586",3.86658708466899,3.92976096071987,2.7511674972852
"587",3.86667942579074,3.92958979032095,2.75105963633524
"588",3.86756167639798,3.92795848113011,2.7500312107432
"589",3.86936264258808,3.92465112728906,2.74794351331241
"590",3.86998221190145,3.92352025091959,2.7472288590505
"591",3.8706743663933,3.92226101081337,2.74643259850977
"592",3.8713552911945,3.92102640398976,2.74565141606469
"593",3.87139371433365,3.92095686111313,2.74560739897526
"594",3.87217148195771,3.91955197447275,2.74471784218074
"595",3.87314103545278,3.91780810105663,2.74361275432187
"596",3.87388680560471,3.91647227873798,2.74276558139791
"597",3.87484640249426,3.91476045218848,2.74167910364118
"598",3.87516456519449,3.91419460340039,2.74131975691454
"599",3.87550185953236,3.91359565840771,2.74093927924639
"600",3.8757582055951,3.9131410927756,2.74065044052768
"601",3.87576354711348,3.91313162676057,2.74064442494996
"602",3.87721929024544,3.91056062067972,2.73900949690314
"603",3.87804222309104,3.90911490332314,2.73808921093576
"604",3.87994802819058,3.90578767529895,2.73596865944167
"605",3.88003900325079,3.9056295667425,2.73586780246262
"606",3.88206763174655,3.90212065444815,2.73362739456995
"607",3.88234753420045,3.90163899124821,2.73331954590824
"608",3.88276414112296,3.90092318481716,2.73286190892566
"609",3.88302407344721,3.90047723834083,2.73257671780357
"610",3.88317411679389,3.90022005175345,2.7324122128877
"611",3.88474364874608,3.89753981562538,2.73069657194483
"612",3.88703096761282,3.89366617238293,2.72821291112815
"613",3.88786469153088,3.89226357687863,2.72731241190507
"614",3.88836105833536,3.891430858827,2.72677748601053
"615",3.88847062668589,3.89124727719416,2.72665952564795
"616",3.88872072520552,3.89082855212843,2.72639043305991
"617",3.88964355449587,3.88928727984417,2.72539944928675
"618",3.8907438139625,3.88745734017287,2.72422186374026
"619",3.89129871372634,3.88653756679657,2.72362957035961
"620",3.89168401154197,3.88590014079804,2.72321893549674
"621",3.8917802619546,3.8857410626997,2.72311643561483
"622",3.89467957406313,3.88097802385252,2.7200436383776
"623",3.89472997468862,3.88089571175394,2.71999047148972
"624",3.89518497653957,3.88015336524167,2.71951087720326
"625",3.89578255225684,3.87918042815191,2.7188820392667
"626",3.89740989702143,3.87654239678646,2.71717545951633
"627",3.89995222142264,3.87245419630952,2.71452629285696
"628",3.90102677942521,3.87073812177236,2.71341265858252
"629",3.90191497967152,3.86932489456155,2.712494838928
"630",3.90241467134582,3.86853189043019,2.71197953957254
"631",3.90479118197137,3.86478042943235,2.70953905523188
"632",3.90537379767961,3.86386572222973,2.70894330844995
"633",3.90543052899482,3.86377675770833,2.70888535159812
"634",3.90597882767592,3.86291787465033,2.70832569160949
"635",3.90749543967257,3.86055101879349,2.70678217985353
"636",3.90958715634787,3.85730762752365,2.70466410215988
"637",3.91182648249621,3.85386174640806,2.70241005825354
"638",3.9125837483383,3.85270252531321,2.70165091628331
"639",3.91388918697984,3.85071124483805,2.70034586603843
"640",3.91537903471861,3.84844948797857,2.69886199327022
"641",3.91685981780686,3.84621274610244,2.6973929034508
"642",3.91805424591933,3.8444166038168,2.69621202656669
"643",3.92114473729602,3.83980195593948,2.69317333016629
"644",3.92265144479602,3.83756896311772,2.69170045352992
"645",3.92360310232825,3.83616413829155,2.69077300743658
"646",3.92398766938288,3.83559765597858,2.69039884286133
"647",3.92438073609925,3.83501936937354,2.69001677435795
"648",3.92516406038502,3.83386907661825,2.68925646501975
"649",3.9254675053527,3.83342423984471,2.6889623263027
"650",3.92600021289956,3.83264434192155,2.68844648106532
"651",3.92633212414189,3.83215907459649,2.68812541299746
"652",3.92839441020543,3.8291551704986,2.68613623992751
"653",3.92895663346722,3.82833956890953,2.6855956478075
"654",3.92898651795139,3.82829625587804,2.68556693330604
"655",3.92928979264305,3.82785693038279,2.68527564687044
"656",3.93214887029852,3.82373520346765,2.6825397723287
"657",3.93226662644502,3.82356620834385,2.68242748128773
"658",3.93292106919686,3.82262809027663,2.68180396832283
"659",3.93401688866648,3.82106139226039,2.68076203964535
"660",3.93559871679143,3.81880884204318,2.67926259487681
"661",3.93584325935382,3.81846154936892,2.67903126809227
"662",3.93606469068044,3.81814729446034,2.6788219136702
"663",3.93624683178201,3.81788895360852,2.67864978487259
"664",3.93717976266491,3.81656788858677,2.67776924071305
"665",3.93894907120026,3.81407233476775,2.67610431147106
"666",3.93982819169735,3.81283711010084,2.67527947700454
"667",3.93989164472828,3.81274807519414,2.6752200039744
"668",3.94138321569332,3.81065981607295,2.67382436775054
"669",3.94201834360343,3.80977330620527,2.67323146618726
"670",3.94203889532383,3.80974464688151,2.67321229448977
"671",3.94282694173326,3.80864697597883,2.67247780708064
"672",3.94405187759572,3.80694559995697,2.6713385956562
"673",3.9442601558011,3.80665689372597,2.67114519080358
"674",3.94570651889285,3.80465663529002,2.66980447959688
"675",3.94604213877167,3.80419363712612,2.66949396351704
"676",3.94712808109272,3.80269848916308,2.66849075332491
"677",3.94735914576187,3.80238093205466,2.66827758765552
"678",3.94829498969544,3.80109684101833,2.6674152907236
"679",3.94987408596932,3.79893756083041,2.66596409672663
"680",3.95107933537714,3.79729569831793,2.66485965005204
"681",3.95148584767992,3.79674312546185,2.66448775269476
"682",3.95479384573238,3.79226880298911,2.66147282999746
"683",3.95641295789726,3.79009306108776,2.66000445918478
"684",3.95724280737235,3.78898148922368,2.65925369995645
"685",3.9577959270333,3.78824192564936,2.65875397983814
"686",3.9579369844806,3.78805349085796,2.65862662757434
"687",3.9588833367423,3.78679106218574,2.65777313516869
"688",3.96077322535882,3.78427914639299,2.65607340394706
"689",3.96117144934229,3.78375140125151,2.6557160432867
"690",3.96273704364328,3.78168177253855,2.65431375599405
"691",3.96382842940064,3.78024385880517,2.65333869758994
"692",3.96441682839076,3.77947027108125,2.65281385427324
"693",3.96630615910488,3.77699397734029,2.65113254228095
"694",3.96670372585086,3.77647437662232,2.65077950877442
"695",3.9688254955516,3.77370992320897,2.64889983023859
"696",3.9693668501154,3.77300689334214,2.64842142725952
"697",3.96959524730117,3.77271056396797,2.64821973264242
"698",3.97130287383588,3.77050024295829,2.64671442865551
"699",3.97158143071968,3.77014055016759,2.64646932160968
"700",3.97525592409899,3.76541820125267,2.64324762008104
"701",3.97613180024348,3.76429863066067,2.64248280686196
"702",3.97820577503888,3.76165679598765,2.64067654986214
"703",3.97868958923099,3.76104235371197,2.64025613829191
"704",3.98188067757891,3.75700689328087,2.63749211444149
"705",3.98247634742836,3.75625688389182,2.63697785465157
"706",3.98260402083857,3.75609626288343,2.63686769896213
"707",3.98273189317687,3.75593543854077,2.63675739587378
"708",3.9833002126645,3.75522123333737,2.63626745454982
"709",3.9843717449861,3.75387715034014,2.63534499505173
"710",3.98463210125675,3.75355106363179,2.63512111440449
"711",3.98475698597556,3.75339471821739,2.6350137610964
"712",3.98550991376584,3.75245304787771,2.63436701220803
"713",3.98553642361144,3.75241992171318,2.6343442558654
"714",3.98586588435469,3.75200839911354,2.63406152834367
"715",3.98604801662524,3.75178103227186,2.63390529871017
"716",3.98612765444984,3.75168164473542,2.63383700198922
"717",3.9862109405186,3.75157772321972,2.63376558639007
"718",3.98866367261245,3.74852594815485,2.63166691099719
"719",3.98963317053601,3.74732424695918,2.63083973165645
"720",3.99145191938887,3.74507681091164,2.62929154811846
"721",3.99498091000212,3.74074140253073,2.62630068541368
"722",3.99518637506004,3.74049000518761,2.62612707904107
"723",3.99858987469261,3.73634169677232,2.62325963355437
"724",4.00202389969914,3.73218639434255,2.62038213714392
"725",4.0023821596621,3.73175460656753,2.62008283067628
"726",4.00430433466921,3.72944341453965,2.61847980546812
"727",4.00483450841379,3.72880755849059,2.61803849880796
"728",4.00636586679062,3.72697483728444,2.61676584598866
"729",4.00736846082861,3.72577804891291,2.61593424503763
"730",4.00955970960937,3.72317085600438,2.61412112468149
"731",4.01014824926385,3.72247256658663,2.613635168061
"732",4.01051086206893,3.72204274639767,2.61333597328938
"733",4.01122112323227,3.72120175102817,2.61275040285248
"734",4.01196276437115,3.7203248765417,2.61213962567205
"735",4.0121117830837,3.72014884210677,2.61201698320491
"736",4.01323958160111,3.71881827868847,2.61108968643896
"737",4.01337274645761,3.71866136938334,2.61098029838514
"738",4.01487611532382,3.716892807097,2.60974685279964
"739",4.01544447966961,3.71622555105094,2.60928124782671
"740",4.01605117551142,3.71551411741394,2.60878467045216
"741",4.01621546381153,3.71532161285189,2.60865027732595
"742",4.01799875996427,3.71323601748466,2.60719355674063
"743",4.0204905775772,3.71033388894184,2.6051643703021
"744",4.02168133929722,3.70895197609325,2.60419725297188
"745",4.02257976303733,3.7079114178599,2.60346865704882
"746",4.02510387489822,3.70499750267374,2.60142664374436
"747",4.02568308694962,3.70433080729738,2.6009590856803
"748",4.02691808450055,3.70291170192612,2.59996342232812
"749",4.02799827110177,3.70167316035212,2.59909396172927
"750",4.02918517621101,3.70031509082351,2.59814007500522
"751",4.02986515364305,3.69953837459631,2.59759427882907
"752",4.03210734376637,3.69698389662987,2.5957980100255
"753",4.03348208338887,3.69542268278218,2.5946992504144
"754",4.0338268859811,3.69503169608629,2.59442396832143
"755",4.03636325585621,3.69216269275879,2.59240262614171
"756",4.03820047207958,3.69009218685529,2.59094237405695
"757",4.03847191563752,3.68978681016436,2.59072689769732
"758",4.0388878200696,3.6893191778728,2.59039687997916
"759",4.03987849059011,3.68820657281667,2.58961143679865
"760",4.04198885723394,3.68584237927007,2.58794124469597
"761",4.0424311526507,3.68534789329823,2.58759170902032
"762",4.04248241918607,3.68529059967615,2.5875512054968
"763",4.04318582525561,3.68450496469936,2.5869957079564
"764",4.04410373222742,3.68348105138508,2.58627146384739
"765",4.04579414716816,3.6815992091209,2.58493959260742
"766",4.04595332007356,3.68142226148141,2.58481430566885
"767",4.04698563620336,3.68027570137523,2.58400227076244
"768",4.04773503425148,3.67944448290581,2.58341333558465
"769",4.04782550856686,3.67934419336265,2.58334226497385
"770",4.04853925445674,3.67855348790162,2.58278182695201
"771",4.05060820725827,3.67626613059964,2.58115957785669
"772",4.0513493060961,3.67544846797984,2.58057930770333
"773",4.05194336736931,3.6747936603161,2.58011447262957
"774",4.05224720520724,3.6744589673489,2.57987683326942
"775",4.05236548020249,3.67432872039952,2.57978434640769
"776",4.05259444190977,3.67407664486253,2.57960533667745
"777",4.05419518067935,3.67231657582768,2.57835492923376
"778",4.05446504477574,3.67202023779589,2.5781443144647
"779",4.05536078982588,3.67103741092571,2.57744561562979
"780",4.05542436565758,3.67096770044253,2.57739604746579
"781",4.05676076065184,3.66950375039152,2.57635477462258
"782",4.05701418227196,3.66922643950089,2.57615746117019
"783",4.05820935518653,3.66791987206582,2.57522751197685
"784",4.05864322519525,3.66744607855717,2.57489016948734
"785",4.05941962166737,3.66659891794037,2.57428682932151
"786",4.06090448717216,3.66498111039045,2.57313407487067
"787",4.06197869813764,3.66381265812158,2.57230104259339
"788",4.0621665569074,3.66360848332164,2.57215543919404
"789",4.06257552407574,3.66316416493402,2.57183854110833
"790",4.06397242880147,3.66164824036773,2.5707569281025
"791",4.06467280884486,3.66088918259405,2.57021509565271
"792",4.06554885358299,3.6599406684006,2.56953779603893
"793",4.06648168191611,3.658931792387,2.56881711534863
"794",4.06902601980688,3.65618579394374,2.56685408418658
"795",4.07471351518771,3.65007688616338,2.56247940511359
"796",4.07513045921533,3.64963058901556,2.56215939494688
"797",4.0762968668482,3.64838314951605,2.56126464305197
"798",4.07704226061855,3.64758680052976,2.5606932177126
"799",4.07974277491534,3.6447069835207,2.55862530899579
"800",4.07984954439075,3.64459329332178,2.55854362409071
"801",4.08210833350147,3.64219102781008,2.55681678692322
"802",4.08261692051378,3.64165089991802,2.55642830207177
"803",4.08405458693034,3.64012556625252,2.5553307744033
"804",4.08462564728844,3.63952028840373,2.55489507819151
"805",4.08760663681941,3.63636614724256,2.55262299517791
"806",4.08848301310541,3.63544057856729,2.55195574023992
"807",4.08898854003255,3.63490702275849,2.55157098513053
"808",4.09089906826795,3.6328928264398,2.5501178098525
"809",4.09093121559755,3.63285896501021,2.55009337040238
"810",4.09137150640286,3.63239529757617,2.54975868715417
"811",4.09315675510469,3.63051714967939,2.54840240173882
"812",4.09326657508803,3.63040171275557,2.54831900848067
"813",4.09352286991667,3.63013235292918,2.54812440490385
"814",4.09405398044581,3.62957436209148,2.54772121151345
"815",4.09475513041498,3.62883812362017,2.54718908894638
"816",4.09550440803938,3.62805184486596,2.54662063501303
"817",4.09589237603046,3.62764491774265,2.5463263733429
"818",4.09681045229531,3.62668251470929,2.5456302490756
"819",4.09806233844421,3.62537138857007,2.54468147846858
"820",4.10074896325568,3.6225622174474,2.54264709402307
"821",4.10084136230984,3.62246571299848,2.54257716779195
"822",4.10160530460548,3.62166810166331,2.54199912869219
"823",4.10321355047396,3.61999055433226,2.54078282268197
"824",4.1066976522335,3.61636345885742,2.53815037823556
"825",4.10761346564679,3.61541163477147,2.53745897900837
"826",4.109479811935,3.61347387199792,2.53605064096358
"827",4.11005303710514,3.61287923406716,2.53561826279896
"828",4.11175467937708,3.61111544265267,2.5343351973801
"829",4.11549177696157,3.60724906733136,2.53151967500256
"830",4.11848696151238,3.60415712433111,2.52926520402797
"831",4.11938572545381,3.60323046921779,2.52858903924823
"832",4.11969187264502,3.60291493926026,2.5283587497649
"833",4.12358432319698,3.59890827520567,2.52543217129426
"834",4.12419671342805,3.59827875193432,2.52497196074749
"835",4.12497454594395,3.59747947604453,2.52438750127495
"836",4.12504771311242,3.59740430997512,2.52433252838503
"837",4.12516972679999,3.59727896983285,2.52424085722393
"838",4.12581202491887,3.59661930265909,2.523758321654
"839",4.12604154758882,3.59638363074371,2.52358590355298
"840",4.12708559443242,3.59531199046676,2.52280170330985
"841",4.12733373535312,3.59505738174794,2.52261534209951
"842",4.12845205852911,3.59391033437662,2.5217755463288
"843",4.131851682009,3.59042754625352,2.51922353890301
"844",4.13736407865976,3.58479282040832,2.51508795125221
"845",4.13823017504894,3.5839088287284,2.51443839499573
"846",4.13970864010115,3.58240060563078,2.51332968407326
"847",4.14196394973637,3.58010176312979,2.51163864289176
"848",4.14366648739433,3.57836779744186,2.51036222180023
"849",4.14395674245358,3.5780723039726,2.51014462314824
"850",4.14404593262582,3.57798151102296,2.51007775952991
"851",4.14456995925768,3.57744813247253,2.5096849148888
"852",4.14487062798033,3.57714214777427,2.5094595174981
"853",4.14785257855473,3.57410938809677,2.50722419221608
"854",4.15040125815359,3.57151991843022,2.50531372775982
"855",4.15221078830047,3.56968282013067,2.50395730851223
"856",4.15556867176501,3.56627665323168,2.50144009212418
"857",4.15620049487655,3.56563614204567,2.50096641371022
"858",4.15805073580088,3.56376114471069,2.49957919557074
"859",4.15878723012843,3.5630150720581,2.49902696567947
"860",4.1630538573957,3.55869584787429,2.49582719223448
"861",4.16555839996046,3.55616255422723,2.49394829298648
"862",4.16791654226376,3.55377863575013,2.49217871652136
"863",4.16951328358637,3.55216509893329,2.49098018825295
"864",4.17165784108168,3.54999875444677,2.48937001912765
"865",4.17324406619193,3.5483969412111,2.48817869848863
"866",4.17423806847606,3.54739338291547,2.4874319962263
"867",4.17553461199449,3.5460846054412,2.48645782074008
"868",4.17886420130896,3.54272468116159,2.48395496431198
"869",4.1809733572578,3.54059701452859,2.4823686027367
"870",4.18281312043139,3.5387414828712,2.48098423862051
"871",4.18723715996716,3.53428066668124,2.47765271160851
"872",4.18726098073423,3.53425665140022,2.47763476291676
"873",4.193837362435,3.52762739139545,2.4726748270578
"874",4.19424392081359,3.52721759241501,2.47236787365441
"875",4.19430172317859,3.52715932934537,2.47232422936534
"876",4.19642880201424,3.52501528637128,2.47071758356562
"877",4.20032291583698,3.52108988111598,2.46777322905404
"878",4.20061838408367,3.52079201629684,2.46754965823027
"879",4.20120068679037,3.52020497816609,2.46710897869693
"880",4.20186103998688,3.51953923345908,2.46660911674851
"881",4.20204339413914,3.51935538618274,2.4664710599876
"882",4.20251504650728,3.51887986280263,2.46611393731084
"883",4.20285583314061,3.51853627069927,2.4658558630539
"884",4.20406057441837,3.51732154954394,2.46494325471855
"885",4.21023798678863,3.51109099877948,2.46025684927654
"886",4.21151390775165,3.50980358803092,2.45928737083346
"887",4.2119184625318,3.50939534666344,2.4589798659838
"888",4.21280057303789,3.50850512137826,2.45830917573482
"889",4.21371018138024,3.50758703109421,2.45761729920452
"890",4.21383066131167,3.50746541871048,2.45752563694188
"891",4.21427017766044,3.50702175281986,2.4571912058853
"892",4.21540813330841,3.5058729161909,2.45632501187608
"893",4.21640273168331,3.50486863835796,2.45556756126785
"894",4.22075953982294,3.50046737678283,2.45224527891481
"895",4.22264523607245,3.49856129530672,2.45080509608622
"896",4.22689458314517,3.49426312514486,2.44755446948778
"897",4.22822376106959,3.49291778375575,2.44653614856037
"898",4.22830366779405,3.49283689096355,2.44647490578924
"899",4.22985356391793,3.4912675368997,2.44528647698016
"900",4.23016262356754,3.490954520288,2.4450493714024
"901",4.23091160716695,3.49019583850868,2.44447458899198
"902",4.23096050404412,3.49014630308168,2.44443705609832
"903",4.23241931219784,3.48866813270583,2.44331679464231
"904",4.23374514759666,3.4873241635398,2.44229781311937
"905",4.23395614029652,3.4871102366636,2.4421355788176
"906",4.23538906097342,3.48565702845816,2.44103324700159
"907",4.23673661252385,3.48428980986649,2.43999571045524
"908",4.23679348437239,3.48423209515812,2.43995190348666
"909",4.23773052996914,3.48328100970668,2.4392298975972
"910",4.23789785825393,3.48311114377894,2.43910092450937
"911",4.24029113956123,3.48068052560152,2.4372547389381
"912",4.24189907496831,3.47904637676119,2.43601277597658
"913",4.24252045152047,3.47841461872855,2.43553247725238
"914",4.24321150119748,3.47771185583221,2.43499809268079
"915",4.2454765929568,3.47540713211483,2.43324480297933
"916",4.24818147265234,3.47265244454683,2.43114767546553
"917",4.24858660512976,3.47223961995422,2.430833251207
"918",4.25141692073907,3.4693538846671,2.42863431729907
"919",4.25316199800157,3.46757317479153,2.4272765106503
"920",4.25373232400558,3.46699096199937,2.42683241935415
"921",4.25517397415715,3.46551873566183,2.42570913053163
"922",4.25534193515615,3.46534716307897,2.42557819255079
"923",4.26427188915498,3.45621045968936,2.41859629076171
"924",4.26436174313765,3.4561183790555,2.41852583612565
"925",4.26686848547435,3.45354834920632,2.41655868096043
"926",4.26691334088695,3.45350234081326,2.41652345250789
"927",4.26764204986932,3.45275479992255,2.4159510010526
"928",4.26869330219461,3.45167604563582,2.41512470681956
"929",4.27270553802802,3.44755522275905,2.41196604251254
"930",4.27356785435191,3.4466688215201,2.41128614365875
"931",4.27547312382716,3.44470940287542,2.40978262932524
"932",4.27649524909503,3.44365769906219,2.40897530274724
"933",4.2773518123976,3.4427760643619,2.4082983524683
"934",4.27857023056688,3.44152153804542,2.40733480832195
"935",4.27861819409141,3.44147214242161,2.40729686322132
"936",4.27960614707625,3.44045451118544,2.4065150207797
"937",4.27975006279465,3.44030624360864,2.40640108969941
"938",4.28014053600185,3.4399039262883,2.4060919203337
"939",4.28071705180543,3.43930982542038,2.40563531053792
"940",4.28091999318854,3.43910066613056,2.40547453930186
"941",4.28102541200162,3.43899201170302,2.40539101807452
"942",4.28105294149707,3.43896363660502,2.4053692061154
"943",4.28137058216348,3.43863622001257,2.40511750890432
"944",4.28144461007423,3.43855990869206,2.40505884244967
"945",4.28276849932991,3.43719486002429,2.40400922375114
"946",4.28349980770585,3.43644055285054,2.40342905703563
"947",4.28352485719799,3.4364147122746,2.40340918001563
"948",4.28633450348222,3.43351494782009,2.40117777588643
"949",4.287053845027,3.4327720924282,2.40060586766994
"950",4.29143330878898,3.42824560803377,2.39711864373975
"951",4.29307889942339,3.426543064713,2.39580594324928
"952",4.29639666310999,3.42310765156588,2.39315541950069
"953",4.29805067728719,3.42139358036336,2.39183209676479
"954",4.29863051319615,3.42079247012231,2.39136788282062
"955",4.29914664893396,3.42025730105626,2.39095453342775
"956",4.30022294489897,3.41914102394235,2.39009217340303
"957",4.30042218246275,3.41893434219864,2.38993247854699
"958",4.30435076641123,3.41485623119013,2.38677979287572
"959",4.30531293384585,3.41385664913731,2.38600655222588
"960",4.30538931623739,3.41377728322562,2.38594514940461
"961",4.30584254156174,3.41330631447306,2.38558075139115
"962",4.30763330442865,3.41144477079375,2.38414002241801
"963",4.30803824326739,3.41102367769786,2.38381402860774
"964",4.3081512493132,3.41090615370848,2.38372304010322
"965",4.30816236330084,3.41089459515684,2.38371409118971
"966",4.30877154352661,3.41026098435746,2.3832234953232
"967",4.31029013503799,3.40868095221184,2.38199976672764
"968",4.31079546999571,3.40815500159425,2.38159231513442
"969",4.31131562298368,3.40761353973538,2.38117279241161
"970",4.31198254104924,3.40691916884187,2.38063471529992
"971",4.31261274647153,3.40626288619549,2.38012606971424
"972",4.31268256562798,3.40619016989531,2.38006970665032
"973",4.31297199473332,3.40588871371289,2.37983603461691
"974",4.31307273094498,3.40578378495058,2.37975469567761
"975",4.31429309381552,3.40451236493497,2.37876894879862
"976",4.31478742302795,3.40399721406191,2.37836945996856
"977",4.31624206665519,3.40248083176395,2.37719324880104
"978",4.31639293494229,3.40232352035966,2.37707120259639
"979",4.31692685661671,3.4017667364083,2.37663919833585
"980",4.31694544072938,3.40174735484455,2.3766241592939
"981",4.31730785713671,3.40136936432935,2.37633084518292
"982",4.3191413313243,3.39945643975981,2.37484604167785
"983",4.3193882692132,3.39919871709757,2.37464594664049
"984",4.31956126264722,3.39901815646022,2.37450575262656
"985",4.31958984214026,3.39898832588041,2.37448259047122
"986",4.3198503013126,3.39871645262382,2.37427148506006
"987",4.32031381501204,3.39823257156644,2.37389572505802
"988",4.3207552197624,3.39777170573818,2.3735377974473
"989",4.32123620549594,3.39726944147407,2.37314767348825
"990",4.3218933382128,3.39658311571808,2.37261450825396
"991",4.32200933025459,3.39646195614378,2.37252037766406
"992",4.32251212770002,3.39593670808217,2.3721122738109
"993",4.32284715777419,3.39558667280805,2.37184027753565
"994",4.32332794046611,3.39508429329308,2.37144986230786
"995",4.32345647516644,3.39494997208339,2.37134546915396
"996",4.32410711954559,3.39426995408945,2.37081691502079
"997",4.32677631611779,3.39147881736083,2.36864657805587
"998",4.32693875789938,3.39130887973247,2.36851439184917
"999",4.32750760872998,3.39071371155463,2.36805139815236
"1000",4.33212666998452,3.38587703195118,2.36428646834272
"1001",4.33377889350934,3.38414526315047,2.36293741501102
"1002",4.33490978966049,3.38295940046212,2.36201331463751
"1003",4.33624698359665,3.38155666592474,2.36091988985881
"1004",4.33667887656065,3.38110347744934,2.36056655676813
"1005",4.3369862683187,3.38078089120739,2.36031502682065
"1006",4.33745231721897,3.38029174533455,2.35993359019106
"1007",4.33892720870924,3.37874328219791,2.3587258168077
"1008",4.33949617655781,3.37814573842803,2.35825962996574
"1009",4.34019140910573,3.37741544133731,2.35768978709993
"1010",4.34034307726722,3.37725610216859,2.35756544397998
"1011",4.3413746541101,3.37617214593944,2.35671944100203
"1012",4.34173832115117,3.37578992812715,2.35642107946944
"1013",4.34192089578875,3.37559802353517,2.35627126790589
"1014",4.34242239694797,3.3750708368847,2.35585968294972
"1015",4.34317882084208,3.37427551084431,2.35523866407591
"1016",4.34428864132694,3.37310826403719,2.35432703570942
"1017",4.3443973149948,3.37299394481697,2.35423773875017
"1018",4.3481084784537,3.36908758552513,2.35118503821674
"1019",4.34948853827528,3.36763374376318,2.35004822944206
"1020",4.34951808408364,3.3676026112429,2.35002388186244
"1021",4.3514892005958,3.36552496429998,2.34839865443529
"1022",4.35187789228933,3.36511510829826,2.34807795925173
"1023",4.35190226666059,3.36508940501146,2.34805784654363
"1024",4.35237292913351,3.3645930415241,2.34766942208523
"1025",4.35288269211116,3.36405535651024,2.34724861421166
"1026",4.3546347487664,3.36220664936825,2.34580138511018
"1027",4.35730285847128,3.35938931832859,2.34359476520686
"1028",4.35870804747606,3.35790454736005,2.34243130541706
"1029",4.35896967909055,3.35762802253277,2.34221458065374
"1030",4.36027162609464,3.35625160810703,2.34113563182197
"1031",4.36107473867757,3.3554022646872,2.34046968625557
"1032",4.36255750967477,3.35383354523959,2.33923938044353
"1033",4.36396860516111,3.35233993926797,2.33806760144025
"1034",4.36486692428182,3.35138872799775,2.3373211534559
"1035",4.36577646256511,3.35042534701091,2.33656500199751
"1036",4.36761234302556,3.34847989529831,2.33503756010595
"1037",4.36881106115111,3.34720898896518,2.33403938920391
"1038",4.36980414031409,3.34615571849034,2.33321194787786
"1039",4.37058703951725,3.34532511948154,2.3325593068861
"1040",4.37232334098133,3.34348224913378,2.33111087230163
"1041",4.37375593330405,3.34196091588825,2.3299147367639
"1042",4.37420433797063,3.34148458372834,2.32954014703021
"1043",4.3746922737551,3.34096617624499,2.32913242712431
"1044",4.37634227873454,3.33921249280279,2.32775285728175
"1045",4.37845961982252,3.33696066737106,2.32598068450871
"1046",4.37932322358039,3.33604174480679,2.32525726328734
"1047",4.38063018721659,3.33465054710611,2.32416178566629
"1048",4.38253119013974,3.33262591292707,2.32256696453676
"1049",4.38280938797756,3.33232951182815,2.32233343203022
"1050",4.38405165276164,3.33100561638806,2.3212901726775
"1051",4.3849076364655,3.33009305564948,2.32057089221613
"1052",4.38557081941406,3.32938585391433,2.3200133849702
"1053",4.38734792726239,3.32748999195902,2.31851843307251
"1054",4.38888159137474,3.32585290422386,2.3172270779476
"1055",4.3893319543221,3.32537200536546,2.31684765899007
"1056",4.38933949147837,3.32536395652847,2.31684130832063
"1057",4.38980696386077,3.32486470730474,2.31644737234563
"1058",4.39007620096984,3.3245771317624,2.31622044120904
"1059",4.39056677517209,3.32405307406098,2.31580686440374
"1060",4.39060747773966,3.32400958937474,2.31577254515193
"1061",4.39230035935888,3.32220044904889,2.31434446288066
"1062",4.39317065777137,3.32126996698183,2.31360976926922
"1063",4.3979045137659,3.3162037806744,2.3096072407458
"1064",4.39855613190801,3.31550575677797,2.30905545908308
"1065",4.40168028679217,3.31215687919509,2.30640716620013
"1066",4.40181980624587,3.31200723760744,2.30628878976284
"1067",4.40258243941431,3.31118914451276,2.30564156372389
"1068",4.40295397817903,3.31079050660003,2.3053261486401
"1069",4.40339825559116,3.31031375556327,2.30494889637305
"1070",4.40536446430363,3.30820292531033,2.30327818778443
"1071",4.40692208996778,3.30652967969385,2.30195334834337
"1072",4.40728047271783,3.30614456294647,2.30164836186161
"1073",4.40871692115447,3.30460046473923,2.30042531758632
"1074",4.40995614265436,3.30326773457417,2.29936940719209
"1075",4.41036003894338,3.30283323300249,2.29902509832624
"1076",4.4109592373047,3.30218851400106,2.29851415678799
"1077",4.41152729843972,3.3015771692347,2.29802960751993
"1078",4.41331518242459,3.29965223907564,2.29650355521635
"1079",4.41447363936291,3.29840431909773,2.29551393348979
"1080",4.41469478611301,3.29816603456503,2.29532494379094
"1081",4.41489006068138,3.29795561130154,2.29515804466501
"1082",4.41615150850388,3.2965959453625,2.29407945674335
"1083",4.4175614607324,3.295075472731,2.29287298448247
"1084",4.41914761753742,3.29336404574273,2.29151458891448
"1085",4.42367682283462,3.28847162146258,2.28762901979613
"1086",4.44072757653665,3.26997817507993,2.27291047029424
"1087",4.44095876661939,3.26972658469339,2.27270990055821
"1088",4.44128996646459,3.26936611972561,2.27242251971795
"1089",4.44170063225444,3.26891910176422,2.27206610916558
"1090",4.44321298894076,3.26727224551754,2.27075281773351
"1091",4.44478711209963,3.26555708029701,2.26938465019268
"1092",4.44597340266952,3.26426378682734,2.26835273373347
"1093",4.44618449027545,3.26403359496404,2.26816903967524
"1094",4.44891050265726,3.26105911554948,2.26579473125552
"1095",4.44905206856341,3.26090455722123,2.26567132519207
"1096",4.44931395319792,3.26061861444512,2.26544300738507
"1097",4.45062835171998,3.25918301057184,2.26429654461865
"1098",4.45230870357855,3.25734659194003,2.26282957982556
"1099",4.45586682055671,3.2534538429403,2.25971844899154
"1100",4.45639702614146,3.25287328546192,2.2592542828628
"1101",4.45783144224299,3.25130200989985,2.25799778916717
"1102",4.45896226412153,3.25006263617464,2.25700646846142
"1103",4.4591992102078,3.24980287091498,2.25679866714442
"1104",4.4596312543364,3.2493291526524,2.25641968879849
"1105",4.46047172005312,3.24840737269708,2.25568217028681
"1106",4.46056023223246,3.2483102782195,2.25560447803898
"1107",4.4607738682564,3.24807591286458,2.25541694026456
"1108",4.46099678125926,3.24783134804686,2.25522123300732
"1109",4.46178157932186,3.24697013986398,2.25453200691557
"1110",4.46256612551108,3.24610892459597,2.25384267486929
"1111",4.4634403490367,3.24514893353791,2.253074162896
"1112",4.4636244038406,3.24494677658479,2.25291231217242
"1113",4.46408601501671,3.24443969596986,2.25250630950327
"1114",4.46419837090411,3.24431625788842,2.25240747147494
"1115",4.4642148909629,3.24429810788368,2.25239293842309
"1116",4.46444086844795,3.24404982168184,2.25219412651636
"1117",4.46524695480119,3.24316396427828,2.25148472029026
"1118",4.4666709312343,3.24159832944611,2.25023068161332
"1119",4.46800846182749,3.24012687550637,2.24905178024398
"1120",4.46973640755652,3.23822466888069,2.24752733897116
"1121",4.47018004732507,3.23773606108218,2.24713568746223
"1122",4.4723338834687,3.23536258061109,2.24523273380236
"1123",4.47307061611203,3.23455020985095,2.24458123836226
"1124",4.47372314189551,3.23383047433446,2.24400396038601
"1125",4.4742708485507,3.23322619663138,2.24351923467478
"1126",4.47437730935067,3.2331087230782,2.24342499681263
"1127",4.47440823882752,3.23307459310494,2.24339761723827
"1128",4.475717923618,3.23162896314937,2.24223777005017
"1129",4.47621446131827,3.23108066855741,2.24179779426395
"1130",4.47631782659692,3.23096651395082,2.24170618658633
"1131",4.47720922829156,3.22998185252506,2.24091593660672
"1132",4.47801533847496,3.22909107393478,2.24020092341298
"1133",4.47945166577307,3.22750310023722,2.23892602498765
"1134",4.47952415823072,3.22742292737748,2.23886164975972
"1135",4.48033791993314,3.22652277305751,2.23813880827765
"1136",4.48167748078925,3.22504029060686,2.23694811513758
"1137",4.48205491266876,3.22462242997311,2.23661244803185
"1138",4.48626647267202,3.21995495966394,2.23286153002064
"1139",4.48675983893544,3.21940760715941,2.23242147629746
"1140",4.48834298989231,3.21765039627337,2.23100847413648
"1141",4.48835829083274,3.21763340691648,2.23099481077213
"1142",4.48982288256971,3.21600665458534,2.22968635436431
"1143",4.49132249503239,3.21433987853573,2.22834535284683
"1144",4.49238673818205,3.21315630896454,2.22739289806065
"1145",4.49343690525877,3.21198782668675,2.22645240880845
"1146",4.494426914569,3.21088576216409,2.2255652183115
"1147",4.49470794598483,3.2105728301491,2.22531327172279
"1148",4.4954900294231,3.20970175630299,2.22461189056858
"1149",4.49666444418962,3.20839311601537,2.22355800345982
"1150",4.49735849997745,3.20761939984065,2.22293480452359
"1151",4.49849312558155,3.2063540083385,2.22191541646793
"1152",4.49870152728019,3.20612151541229,2.22172810023099
"1153",4.49912916500339,3.20564437182475,2.22134365105825
"1154",4.49926104250661,3.205497208137,2.22122507097707
"1155",4.49966728141035,3.20504382412865,2.22085973057788
"1156",4.50006905994877,3.20459533317247,2.22049830753555
"1157",4.50265619404504,3.20170537715818,2.21816878690656
"1158",4.50312823070229,3.20117770823363,2.21774333308615
"1159",4.50544322044489,3.19858817201761,2.21565491264501
"1160",4.50737431702732,3.1964258703095,2.21391040921646
"1161",4.50824344466815,3.1954520316111,2.21312454499415
"1162",4.50879900844678,3.19482932136893,2.21262197124166
"1163",4.51071356951488,3.19268208453942,2.21088862204104
"1164",4.51074467270292,3.19264718497793,2.21086044478143
"1165",4.51219365057952,3.19102076404149,2.2095471355244
"1166",4.51406696560672,3.18891633648528,2.20784735829454
"1167",4.51511602901304,3.18773700416036,2.20689455511528
"1168",4.51539700326211,3.18742103605958,2.20663924983067
"1169",4.51784693839349,3.18466411183207,2.20441110639899
"1170",4.51807463771986,3.18440771018377,2.20420383527412
"1171",4.51838479420896,3.18405841051089,2.20392145380841
"1172",4.52121241777027,3.18087142461513,2.20134433227538
"1173",4.52144777701911,3.18060594922316,2.20112960219806
"1174",4.52208110446774,3.1798914255567,2.20055161594558
"1175",4.52304132777095,3.17880765890921,2.19967482536968
"1176",4.52828042423558,3.17288512429659,2.19488082718437
"1177",4.52835022695353,3.1728061079717,2.19481683840502
"1178",4.52958895829788,3.1714033941205,2.19368076978998
"1179",4.53024288347931,3.17066253809531,2.19308064802276
"1180",4.53145087325981,3.16929329625746,2.19197133363051
"1181",4.53220142587563,3.16844211734483,2.19128162158673
"1182",4.53284304395388,3.16771421151645,2.19069172804052
"1183",4.53455937805362,3.16576584523891,2.18911245856631
"1184",4.53460934638245,3.16570909514896,2.18906645224986
"1185",4.53476394748524,3.1655335018734,2.18892409934056
"1186",4.53479128061695,3.1655024558737,2.18889893005789
"1187",4.53544901326045,3.16475524244643,2.18829312182968
"1188",4.53557097729434,3.16461665717828,2.1881807554555
"1189",4.5402341719672,3.15931117185377,2.18387726212942
"1190",4.54087802520356,3.15857758878701,2.18328195513804
"1191",4.54098862724054,3.15845154704375,2.18317966496999
"1192",4.54228836371229,3.15696980322648,2.18197700020178
"1193",4.54338721414445,3.15571625659223,2.18095934581261
"1194",4.54512113717222,3.1537366952862,2.17935191212603
"1195",4.54570546749837,3.15306915931083,2.17880975635927
"1196",4.54667310487396,3.15196326110673,2.17791145585212
"1197",4.5472721183574,3.15127836037086,2.177355049947
"1198",4.54823982689583,3.15017141873993,2.1764556633477
"1199",4.54843067185537,3.14995304471508,2.17627821774401
"1200",4.54864251650997,3.14971061458975,2.17608121800635
"1201",4.54910932974854,3.14917630304689,2.17564700927454
"1202",4.55011782057154,3.14802151399811,2.17470845185601
"1203",4.55169400328785,3.14621536912659,2.17324018268333
"1204",4.55224218672498,3.14558683037724,2.17272913300846
"1205",4.55299208371116,3.14472669409597,2.17202970027641
"1206",4.55321196222695,3.14447442279975,2.17182454528137
"1207",4.55345727280096,3.14419293559205,2.17159562199013
"1208",4.5560918363798,3.14116736350386,2.16913443601132
"1209",4.55718033364711,3.1399159838946,2.16811616728805
"1210",4.55908541292631,3.13772393837787,2.166332012515
"1211",4.56020789642279,3.13643123950525,2.16527958759029
"1212",4.56041633585271,3.13619109902538,2.16508406010473
"1213",4.56085733301706,3.13568293549254,2.16467027991753
"1214",4.56174038487676,3.13466499636519,2.16384131447431
"1215",4.56220190485343,3.13413276929078,2.16340784278357
"1216",4.56313236949571,3.13305931461792,2.16253346649985
"1217",4.56343165616385,3.13271390993499,2.16225209000373
"1218",4.56371053035086,3.13239200834485,2.16198984704116
"1219",4.56562226907845,3.13018387948778,2.1601906233347
"1220",4.56683899527794,3.12877721108212,2.15904414275639
"1221",4.57056778469443,3.124459941729,2.15552396503072
"1222",4.57125496094312,3.12366325650159,2.15487412994799
"1223",4.57256831130273,3.12213968581875,2.15363118500885
"1224",4.5742463461918,3.12019128384159,2.15204125944048
"1225",4.57438701277311,3.12002786208345,2.15190788447781
"1226",4.57448099173739,3.11991867259919,2.15181876886707
"1227",4.57525852547393,3.11901505333365,2.15108122106097
"1228",4.57543898147963,3.11880527273066,2.15090998119385
"1229",4.57915078633502,3.1144850994644,2.14738235675481
"1230",4.58020062345705,3.11326138483018,2.14638273805949
"1231",4.58026761781066,3.11318326740261,2.14631892012823
"1232",4.58060605311007,3.11278859161554,2.1459964793204
"1233",4.58116068582456,3.11214161018505,2.14546787127083
"1234",4.58116913383018,3.11213175381013,2.14545981786434
"1235",4.58353310037262,3.10937162961597,2.14320413941057
"1236",4.5858158356028,3.10670242778429,2.14102191902505
"1237",4.58839470802375,3.10368227030843,2.13855177041109
"1238",4.58849977675493,3.10355911663579,2.13845102202229
"1239",4.58908432600087,3.10287379963359,2.13789035212947
"1240",4.58916439642858,3.10277990610666,2.13781353192497
"1241",4.58989504547556,3.10192289571139,2.13711231035694
"1242",4.59083185416793,3.10082347822249,2.13621262177408
"1243",4.59175854391924,3.09973527773264,2.13532197405848
"1244",4.59217141569279,3.099250235913,2.13492494278726
"1245",4.59272659859761,3.09859780086086,2.13439084859868
"1246",4.59280316973509,3.09850779807487,2.13431716694216
"1247",4.59291405122085,3.09837745842631,2.13421046145386
"1248",4.59334170616182,3.09787466703163,2.13379882148265
"1249",4.59509459974246,3.09581230518356,2.13211003974657
"1250",4.59608353842749,3.09464769278134,2.13115616936736
"1251",4.59644705989949,3.09421939677066,2.13080533592713
"1252",4.59705058789697,3.0935080895136,2.13022263025817
"1253",4.59750169607538,3.09297622532401,2.12978688669019
"1254",4.59763398211279,3.0928202258144,2.12965907381055
"1255",4.59777463118517,3.09265434812643,2.12952316448505
"1256",4.59809141893275,3.09228067671484,2.12921699088166
"1257",4.60013599251464,3.0898669265829,2.12723885614257
"1258",4.60030852415758,3.08966307773692,2.12707176544931
"1259",4.60034856810205,3.08961576149064,2.12703298060925
"1260",4.60238070689131,3.0872127197181,2.12506288038315
"1261",4.60264906595908,3.08689510559732,2.12480243877696
"1262",4.60379837287406,3.08553411560009,2.12368630297527
"1263",4.60476631384712,3.08438695729012,2.12274536183116
"1264",4.60578527235174,3.08317839322869,2.12175388840478
"1265",4.60618482728619,3.08270422308518,2.12136484573093
"1266",4.60664931486262,3.08215280363527,2.12091238949099
"1267",4.60675716543362,3.08202473864666,2.12080730327327
"1268",4.60748646261925,3.0811584559278,2.12009640821158
"1269",4.60770815461952,3.08089502115528,2.11988020925407
"1270",4.60938681255064,3.07889872460491,2.11824160210344
"1271",4.61165361409131,3.07619852886122,2.11602448311841
"1272",4.61301607119869,3.07457304846251,2.1146894008659
"1273",4.61368453406887,3.0737748288521,2.11403367409975
"1274",4.61394348813805,3.07346548179662,2.1137795297723
"1275",4.61443322393598,3.07288024744791,2.11329869968782
"1276",4.61556531173355,3.07152641747956,2.11218623736724
"1277",4.61652253053671,3.07038062246314,2.11124455460388
"1278",4.61676073268551,3.07009533723089,2.11101006652156
"1279",4.6171414695712,3.06963921358426,2.11063513948743
"1280",4.61855843107397,3.06794026963113,2.10923842014254
"1281",4.62073336124067,3.06532808057576,2.10709026055154
"1282",4.62239368236334,3.06333025729398,2.10544679757901
"1283",4.62244423234262,3.06326938058882,2.1053967115154
"1284",4.62299404732374,3.06260704805746,2.10485175237161
"1285",4.62375170762284,3.06169373991576,2.10410021026077
"1286",4.62459788789109,3.06067290330496,2.10326007095657
"1287",4.62511386498232,3.06004999511903,2.10274736389413
"1288",4.62668699026959,3.05814881622145,2.10118225229979
"1289",4.62754781508987,3.05710716145951,2.10032455123468
"1290",4.62863613659469,3.05578886708471,2.09923888443793
"1291",4.62869273853599,3.05572026289379,2.09918238070824
"1292",4.62992310144707,3.0542279760856,2.09795316987039
"1293",4.63002200123203,3.05410793618154,2.09785428066337
"1294",4.63036787306341,3.05368803188508,2.09750834922015
"1295",4.63115314759751,3.05273408424725,2.09672237889575
"1296",4.63178337084284,3.05196789690826,2.09609103058125
"1297",4.63213343767972,3.05154207610023,2.09574011934892
"1298",4.63259026437293,3.05098614343398,2.09528195371873
"1299",4.63343624453823,3.04995588195028,2.09443278083567
"1300",4.63497586267813,3.048078354259,2.09288494962394
"1301",4.63535528498306,3.04761514999658,2.09250302197786
"1302",4.63761415439181,3.04485325991524,2.09022523477554
"1303",4.63926143197846,3.04283450625249,2.08855976940285
"1304",4.63988961862237,3.04206360548228,2.08792365439207
"1305",4.64012024981529,3.04178043117513,2.0876899735664
"1306",4.641138125487,3.04052970725935,2.08665774150389
"1307",4.64280687988043,3.0384758087587,2.08496225098703
"1308",4.64397387731098,3.03703692060817,2.08377416025705
"1309",4.64459236056944,3.03627347789679,2.08314368803236
"1310",4.64520505096548,3.03551659027294,2.08251856268734
"1311",4.64542384460641,3.03524615888505,2.08229519311468
"1312",4.64608727046885,3.03442568946807,2.08161745414994
"1313",4.64668905776655,3.03368083743828,2.08100211065884
"1314",4.64958615266511,3.0300867201954,2.07803200700764
"1315",4.65101478034014,3.0283092196835,2.07656256603646
"1316",4.65120247502207,3.02807543203104,2.07636926908397
"1317",4.65153501378144,3.02766108223901,2.07602666682253
"1318",4.65163430531731,3.02753732624854,2.07592433619095
"1319",4.65217226566793,3.02686652242317,2.07536963505257
"1320",4.65362543097481,3.02505199976446,2.07386890941898
"1321",4.65539324677755,3.02283956000876,2.07203856653112
"1322",4.65575493538264,3.02238621373575,2.07166344512006
"1323",4.65640247351471,3.02157398774539,2.07099130930341
"1324",4.65683364295425,3.02103273601794,2.07054336866637
"1325",4.65695390742522,3.02088170605952,2.0704183700386
"1326",4.65806778314854,3.01948161833526,2.06925947426058
"1327",4.65834023056167,3.01913881532718,2.068975691147
"1328",4.6590536670439,3.01824048724657,2.06823196253611
"1329",4.65918676045086,3.01807279613035,2.06809312021951
"1330",4.66383153144026,3.01219937756753,2.06322808114752
"1331",4.66391902143743,3.012088341396,2.06313606960171
"1332",4.66408105833978,3.01188265546865,2.06296562152
"1333",4.66492730777892,3.01080759737143,2.06207466052504
"1334",4.66509552276733,3.01059373006774,2.06189740056304
"1335",4.66750505460736,3.00752399083395,2.05935251287951
"1336",4.66862330488477,3.00609530172036,2.0581677173129
"1337",4.67241932896387,3.00122584716677,2.05412772079687
"1338",4.67287249584891,3.0006424712921,2.0536435277225
"1339",4.67362463510065,2.99967322992734,2.05283898249487
"1340",4.67365438358162,2.99963486917256,2.0528071377985
"1341",4.6745674217618,2.99845655467319,2.05182888926249
"1342",4.6746425530727,2.99835951237579,2.05174831637432
"1343",4.67490908319448,2.99801515128277,2.05146238898886
"1344",4.67524533810189,2.99758047882062,2.05110145465707
"1345",4.67615843060574,2.99639885758967,2.05012016999419
"1346",4.67651267135775,2.99593993329364,2.04973900829815
"1347",4.67702789092407,2.99527195042435,2.0491841668101
"1348",4.67796111957528,2.99406047508638,2.04817775135255
"1349",4.67887031182972,2.99287827402684,2.04719548452071
"1350",4.67897931664774,2.99273640895917,2.04707760038172
"1351",4.67995209890273,2.99146914573374,2.04602444790101
"1352",4.68148240245965,2.98947107156976,2.04436356364442
"1353",4.6826881081749,2.98789287298121,2.04305135503459
"1354",4.68283384479054,2.98770187435263,2.04289252679429
"1355",4.68324050481477,2.98716864320312,2.04244908559688
"1356",4.68358827221433,2.98671231476119,2.0420695700418
"1357",4.68554770646275,2.98413564347436,2.03992614728111
"1358",4.68564560696908,2.98400665323171,2.03981882444293
"1359",4.6862111634859,2.98326102513456,2.03919840477498
"1360",4.68685071370325,2.98241687214838,2.0384959224564
"1361",4.68752104311906,2.98153097835046,2.03775861027772
"1362",4.68875924287105,2.97989156971683,2.0363939073253
"1363",4.68911627978718,2.97941810738718,2.03599971845569
"1364",4.68959256314415,2.97878599682559,2.03547340119595
"1365",4.68965171991775,2.97870744413929,2.03540799204238
"1366",4.6901018572305,2.97810941821992,2.03491000352041
"1367",4.69101226076871,2.97689827635882,2.03390132495838
"1368",4.6948072352419,2.97182568031302,2.02967471877785
"1369",4.69750903901335,2.96819001409143,2.02664341655262
"1370",4.69880850280978,2.96643399381553,2.02517870756751
"1371",4.69955482140975,2.9654232479165,2.02433546074715
"1372",4.69967102621844,2.96526572415647,2.02420402992214
"1373",4.69988020585656,2.96498206656559,2.02396735071745
"1374",4.70285398261604,2.96093540662728,2.02058977333911
"1375",4.70401281404918,2.95935124736263,2.01926697455766
"1376",4.70458900435245,2.95856203703604,2.01860785151339
"1377",4.70490757581139,2.95812524571787,2.01824302323742
"1378",4.70504193377258,2.95794093348553,2.01808906982684
"1379",4.70511880368511,2.95783545798216,2.01800096566875
"1380",4.70527654189232,2.95761896277417,2.01782012179386
"1381",4.70558364095628,2.95719724641701,2.01746783430995
"1382",4.7064908840248,2.95594966002074,2.01642550959881
"1383",4.7065915132899,2.95581111995463,2.01630975079479
"1384",4.70689713910768,2.95539015570039,2.01595799396359
"1385",4.70812243632519,2.95369944286906,2.01454500832396
"1386",4.70816656070472,2.95363846796484,2.0144940426664
"1387",4.70861374160833,2.95302015763013,2.01397720308793
"1388",4.70987320805237,2.95127519618407,2.01251834064088
"1389",4.71003334476547,2.95105295584411,2.01233250994631
"1390",4.71067558492563,2.95016078816736,2.0115864417796
"1391",4.71075053728579,2.95005657848248,2.0114992905285
"1392",4.71198717370742,2.9483345003002,2.01005890109983
"1393",4.71322113787849,2.94661096617683,2.00861690793189
"1394",4.71333019874606,2.94645838453007,2.00848923200455
"1395",4.71373922964262,2.94588576344764,2.00801005210179
"1396",4.71453567628589,2.94476911303366,2.00707549530294
"1397",4.71541804442711,2.94352940110797,2.00603775386656
"1398",4.71578458749805,2.94301360541554,2.00560593093421
"1399",4.71666120616581,2.9417780936019,2.0045714215198
"1400",4.71763997640091,2.94039534117486,2.00341338797977
"1401",4.71831455315178,2.93944030850167,2.00261341617248
"1402",4.71883030319948,2.93870900848331,2.00200077011908
"1403",4.71920553743597,2.93817633329767,2.00155447746098
"1404",4.71993876489635,2.937133946657,2.00068102347921
"1405",4.72047781374675,2.93636632829671,2.00003771604508
"1406",4.72055449683703,2.93625704084629,1.99994612066139
"1407",4.72188674767662,2.93435477557958,1.99835155116751
"1408",4.72189287368245,2.93434601285194,1.99834420472012
"1409",4.72344502677932,2.93212111364111,1.99647857553797
"1410",4.72715446907342,2.92676528984623,1.99198488417212
"1411",4.72723281125955,2.9266515759759,1.99188943326595
"1412",4.7280230552636,2.92550311824334,1.99092532562055
"1413",4.72916977461708,2.92383197714482,1.98952211843047
"1414",4.72936033266926,2.92355373812515,1.98928845289177
"1415",4.72958719699542,2.92322228758691,1.98901008660757
"1416",4.73007420591873,2.92251002795018,1.9884118504342
"1417",4.73061653735675,2.92171567087504,1.98774457869529
"1418",4.73065017212051,2.92166636440651,1.9877031577173
"1419",4.73236078534055,2.91915228389185,1.98559071303885
"1420",4.73474782931027,2.91562264142784,1.98262349898966
"1421",4.73483805187469,2.91548873491289,1.98251089632484
"1422",4.73514381581998,2.91503465378763,1.98212903900824
"1423",4.73710953179736,2.91210528475645,1.97966492353524
"1424",4.7388890369751,2.90943802739384,1.97742026815581
"1425",4.73918847710803,2.90898774312596,1.97704123086304
"1426",4.73932142121469,2.90878769181368,1.97687282405873
"1427",4.74032165533195,2.90727986269222,1.97560332912438
"1428",4.74073298375922,2.90665840339035,1.97508000931727
"1429",4.74184339986406,2.90497662916842,1.97366355001343
"1430",4.74572011836339,2.8990572811162,1.96867491764242
"1431",4.7469588036005,2.89714982538904,1.96706633901521
"1432",4.74730421939057,2.8966164944475,1.96661648432024
"1433",4.74805852444044,2.89544964725847,1.96563213193791
"1434",4.74839580287549,2.89492693169314,1.96519110730603
"1435",4.74879842231703,2.89430215722468,1.964663923555
"1436",4.74926605602273,2.8935754060664,1.96405062324404
"1437",4.75048603475327,2.89167387156714,1.96244558088375
"1438",4.75067513943983,2.89137839553301,1.96219613065516
"1439",4.75071529063354,2.89131563406956,1.96214314385948
"1440",4.75400661219552,2.88614034291181,1.9577719595092
"1441",4.75404929774459,2.88607282158183,1.95771490426538
"1442",4.75582925178129,2.88324784774208,1.95532723440867
"1443",4.75652952601169,2.8821313548758,1.95438326170421
"1444",4.75811001687698,2.87960072295593,1.95224300589723
"1445",4.75871679613071,2.87862515463791,1.95141768534077
"1446",4.76005017370786,2.87647342283142,1.94959686224483
"1447",4.76062716215139,2.87553888126821,1.9488058348467
"1448",4.76108446007984,2.87479671284886,1.94817754939102
"1449",4.76242460969148,2.87261405974099,1.94632935815136
"1450",4.76318832328846,2.87136504908337,1.94527143330072
"1451",4.76324046567765,2.87127963459302,1.9451990781467
"1452",4.76445985169951,2.86927705694881,1.94350238062395
"1453",4.76461143319356,2.86902742870526,1.9432908408403
"1454",4.76546456606,2.86761959674314,1.9420976483335
"1455",4.76604410900579,2.86666043700218,1.94128455885051
"1456",4.76730511344513,2.86456549620356,1.93950819267305
"1457",4.76737712512134,2.86444552952985,1.93940644988394
"1458",4.7686775371472,2.86227287836277,1.93756347964115
"1459",4.76990044652564,2.86021876023079,1.93582042412073
"1460",4.77001743050848,2.86002169843266,1.93565317176463
"1461",4.77004047347891,2.85998287040599,1.93562021656618
"1462",4.77014048579029,2.85981430230421,1.93547714222525
"1463",4.77092513951247,2.85848925825441,1.93435234953194
"1464",4.77102816605502,2.85831494223037,1.93420435845229
"1465",4.771252577519,2.85793497777613,1.93388176025707
"1466",4.7723587743472,2.85605654191307,1.93228661626037
"1467",4.77441739695419,2.8525361425003,1.929295743108
"1468",4.77496242118158,2.85159863330425,1.92849894340263
"1469",4.77499475846109,2.85154293607956,1.92845160162348
"1470",4.77567143829113,2.85037554191019,1.92745922935548
"1471",4.77626091496189,2.84935562527018,1.9265920593602
"1472",4.77668311904341,2.84862341287285,1.92596941112073
"1473",4.77699933747585,2.84807406450746,1.92550221210086
"1474",4.77719349098803,2.84773637041565,1.92521499448903
"1475",4.7778156446338,2.84665217478598,1.92429274373338
"1476",4.77841295515333,2.84560827280771,1.9234046033512
"1477",4.78060183949537,2.8417572192842,1.92012676865594
"1478",4.78064430736096,2.84168209830553,1.92006280727673
"1479",4.78127909318105,2.84055736685342,1.91910505969885
"1480",4.78147089383489,2.84021683768359,1.91881505014625
"1481",4.78182645085375,2.8395847155125,1.91827666130868
"1482",4.78224320100214,2.83884238060271,1.91764432622395
"1483",4.78225532831107,2.8388207557957,1.91762590456422
"1484",4.78232807739497,2.83869100581391,1.91751537216584
"1485",4.78246938760318,2.83843884040774,1.91730054838327
"1486",4.7825260153502,2.83833773923459,1.91721441598861
"1487",4.7831085292735,2.8372960701597,1.91632688463458
"1488",4.78321417863416,2.83710681732489,1.91616561844806
"1489",4.78387702223589,2.83591713308644,1.9151517413516
"1490",4.78423166601487,2.83527896222719,1.91460778951238
"1491",4.78436975002374,2.83503017099754,1.91439571304699
"1492",4.78462070900902,2.83457755715561,1.91400986875096
"1493",4.78475840916215,2.83432896155707,1.91379793284952
"1494",4.78499637628263,2.83389893370714,1.91343129806414
"1495",4.78594930785988,2.83217157534537,1.91195829996478
"1496",4.78738601096996,2.82955093828254,1.90972270426726
"1497",4.78761051973712,2.82913961635528,1.90937172255228
"1498",4.78829934804515,2.8278745312431,1.90829206339959
"1499",4.78897883005999,2.82662201008298,1.90722288893708
"1500",4.79145626182913,2.82201564218968,1.90328877426466
"1501",4.79222018624535,2.82058241615697,1.90206405933446
"1502",4.79280119143777,2.81948822522749,1.90112884630786
"1503",4.79301402647366,2.819086493776,1.90078543802781
"1504",4.7931417645418,2.81884515058209,1.90057912117593
"1505",4.79323725963577,2.81866461080368,1.90042477752514
"1506",4.79375328265392,2.81768732253422,1.89958920709711
"1507",4.79491130293475,2.8154835259861,1.89770445515435
"1508",4.7963810704964,2.81266482802027,1.89529274860279
"1509",4.79658926985209,2.81226355473474,1.89494931713303
"1510",4.79687050450534,2.81172072205264,1.89448469256229
"1511",4.79690715695026,2.81164990884161,1.89442407840123
"1512",4.79703829678514,2.81139641636601,1.89420708957533
"1513",4.79716445429715,2.81115236571903,1.89399817371209
"1514",4.79776665048947,2.80998485438192,1.89299861819939
"1515",4.80057122421695,2.80449020234022,1.88829163439786
"1516",4.80068739660041,2.80426051788678,1.8880947756355
"1517",4.80099211589625,2.80365725281342,1.88757768883074
"1518",4.80126267657442,2.8031206319878,1.88711767937301
"1519",4.80142670009239,2.80279486179729,1.88683839679505
"1520",4.80203075279484,2.8015921812061,1.88580719948319
"1521",4.80215355888956,2.80134709884542,1.88559703497081
"1522",4.80292945340568,2.79979413344712,1.88426511386357
"1523",4.8032142191749,2.79922219423821,1.88377449006503
"1524",4.80360997326055,2.79842555990618,1.88309103400873
"1525",4.80377119172916,2.7981004376543,1.88281207423343
"1526",4.80447073626389,2.7966856567343,1.88159798312371
"1527",4.80491761273243,2.79577840992165,1.88081927047893
"1528",4.80562258390931,2.79434160637077,1.87958576882566
"1529",4.80580219280759,2.79397444379475,1.87927050766971
"1530",4.80680041145375,2.79192558851265,1.87751089640775
"1531",4.80773869473815,2.7899867786997,1.87584520383291
"1532",4.80826222487269,2.78889942310595,1.87491077057385
"1533",4.80847466110924,2.78845704819598,1.87453055809387
"1534",4.8088332369664,2.78770883300856,1.8738874137235
"1535",4.80955766726449,2.7861913294358,1.87258274764802
"1536",4.80962498097838,2.78604992036569,1.87246115393205
"1537",4.80968569165872,2.78592232338045,1.87235143421152
"1538",4.80970778500565,2.78587587534821,1.87231149326636
"1539",4.81058974437391,2.7840155566665,1.87071152193178
"1540",4.81076100798758,2.78365291188717,1.87039956662744
"1541",4.810894717863,2.7833694668136,1.87015572666399
"1542",4.81106033011082,2.7830180041643,1.86985335593635
"1543",4.81154679441385,2.78198312190317,1.86896291478845
"1544",4.81180416749307,2.78143407409064,1.86849043219068
"1545",4.81182164251624,2.78139675657682,1.8684583169577
"1546",4.81203551332873,2.78093964250302,1.86806490991578
"1547",4.81251383516977,2.77991462990433,1.86718263448147
"1548",4.81263966830293,2.77964435880695,1.86694997283412
"1549",4.81283036339854,2.7792342791698,1.86659693619924
"1550",4.81342267663179,2.77795671263617,1.86549691631678
"1551",4.81354877583611,2.77768397452284,1.86526204879827
"1552",4.8137225016347,2.77730778914129,1.86493807923482
"1553",4.81470316745425,2.77517467112881,1.86310063349638
"1554",4.81512651229759,2.7742487222015,1.86230281267335
"1555",4.81527929648791,2.77391378399973,1.86201418899709
"1556",4.81585131082678,2.77265615629846,1.86093030904138
"1557",4.81620404598833,2.77187774396269,1.86025931626266
"1558",4.81645522672328,2.77132208291656,1.85978027834387
"1559",4.81675416529787,2.77065928837271,1.85920881788631
"1560",4.81751924129472,2.76895556278738,1.85773955728808
"1561",4.81784645398818,2.76822359995994,1.85710818888498
"1562",4.81827147438427,2.76726985079643,1.85628539037366
"1563",4.81839274113848,2.76699710197998,1.85605006439614
"1564",4.81939290071204,2.76473684425534,1.85409948588699
"1565",4.81951381164909,2.76446228591644,1.85386249116664
"1566",4.81973591415344,2.763957200444,1.85342647837422
"1567",4.81985876967475,2.76367739643972,1.85318492183028
"1568",4.81992800187848,2.76351958840935,1.85304867983258
"1569",4.82027138357244,2.76273547683731,1.85237166776781
"1570",4.82184225175817,2.75911798760905,1.84924704872604
"1571",4.82199421255438,2.75876534309747,1.84894234238861
"1572",4.82219067313423,2.75830871215644,1.84854775681404
"1573",4.82288583993916,2.75668636795038,1.84714558951796
"1574",4.82305250297466,2.75629587867757,1.84680803468016
"1575",4.82311020393355,2.75616054607102,1.84669104214318
"1576",4.82353264117521,2.75516754821097,1.8458325269522
"1577",4.82383115432027,2.75446349050957,1.84522372778625
"1578",4.82418802831377,2.75361919214466,1.84449356096748
"1579",4.82423251529866,2.75351374459208,1.84440235994927
"1580",4.82458362332559,2.75267994785858,1.84368115279397
"1581",4.82676481877532,2.74743606430085,1.83914287942358
"1582",4.82711027829366,2.74659507087436,1.83841464888834
"1583",4.82746122345381,2.74573769453106,1.83767211790301
"1584",4.82909831773211,2.74169672174017,1.83417087604128
"1585",4.82919771198759,2.74144912351551,1.83395626449026
"1586",4.82950795456259,2.74067458442715,1.83328485208929
"1587",4.82969696953748,2.74020142362924,1.8328746440384
"1588",4.83009030543455,2.73921366054537,1.83201818595128
"1589",4.83092219241685,2.73711042700193,1.8301940235784
"1590",4.83093221948552,2.73708495674041,1.83017192858
"1591",4.8323398612907,2.73348033988238,1.82704394664864
"1592",4.83268859833261,2.7325782033728,1.8262607746666
"1593",4.83287139547214,2.73210384895486,1.82584892109091
"1594",4.83353144839275,2.73038240076196,1.82435398818162
"1595",4.83372717236004,2.72986930964369,1.823908319892
"1596",4.83399103173039,2.72917566474035,1.82330575639379
"1597",4.83464816538573,2.72743834679393,1.82179622377546
"1598",4.83529147656218,2.72572370045419,1.82030591409631
"1599",4.83533716748028,2.72560138630608,1.82019958488249
"1600",4.83564849677335,2.7247660549557,1.81947335640277
"1601",4.8360313674455,2.72373416345688,1.81857608500832
"1602",4.83630408729623,2.72299600129423,1.81793411755511
"1603",4.83634885868695,2.72287456752834,1.8178285001695
"1604",4.83711874262494,2.72077508404649,1.81600209042499
"1605",4.83720981860794,2.72052528379894,1.81578473339398
"1606",4.83780626604139,2.71888169550602,1.81435435609373
"1607",4.83878611633068,2.71615193826267,1.81197773934462
"1608",4.8396426624258,2.71373431309355,1.8098718594924
"1609",4.84009083634767,2.71245722772998,1.808759064226
"1610",4.84014320484767,2.71230744739555,1.80862853480067
"1611",4.8407463332276,2.71057390483149,1.80711753236339
"1612",4.84140126241349,2.708673315419,1.80546035958345
"1613",4.84142154556379,2.70861414570489,1.80540875844077
"1614",4.84182854326601,2.7074228667281,1.80436973663452
"1615",4.84205300040839,2.70676259220133,1.80379375081442
"1616",4.84240660086588,2.7057175947092,1.8028820074192
"1617",4.84269358125447,2.70486506960179,1.80213805928174
"1618",4.84286141825956,2.70436462240515,1.80170129262014
"1619",4.8428876936006,2.70428615078498,1.80163280253574
"1620",4.84491909846311,2.69811231538184,1.79624106832528
"1621",4.84587301373292,2.69513592039754,1.79363945196972
"1622",4.84611545901761,2.6943710628462,1.79297066337482
"1623",4.84616633769037,2.69421011029763,1.79282991456934
"1624",4.84628042290357,2.69384864394726,1.79251380582984
"1625",4.84658497055239,2.69287987000994,1.79166648762985
"1626",4.8467297055511,2.692417478064,1.79126201042373
"1627",4.84681584838468,2.69214165900072,1.79102072066745
"1628",4.84722692284948,2.69081904690298,1.78986350616981
"1629",4.84756982546155,2.68970753013208,1.78889076081376
"1630",4.84804239705523,2.68816307018601,1.78753877854437
"1631",4.8481819124952,2.68770424876043,1.78713705989217
"1632",4.84821116351289,2.6876078840496,1.78705268375962
"1633",4.84824118008305,2.68750893665876,1.78696604461954
"1634",4.84851272839523,2.68661098551073,1.78617971554424
"1635",4.84900531549444,2.68496894284801,1.78474143781494
"1636",4.84982022043072,2.68221378650444,1.78232714684182
"1637",4.84998597748467,2.68164726093829,1.78183055121892
"1638",4.84999166724232,2.68162777690813,1.78181347125707
"1639",4.85011020425593,2.68122128755976,1.78145712249434
"1640",4.85029493291685,2.68058562479154,1.78089981245076
"1641",4.85076145560312,2.67896819645212,1.77948143970854
"1642",4.85094532269435,2.67832586987508,1.77891803973094
"1643",4.85096040754407,2.67827304794106,1.77887170521127
"1644",4.85103942146938,2.6779960588487,1.77862872718316
"1645",4.85113233938594,2.67766965982415,1.7783423893392
"1646",4.8516848968623,2.67571344485439,1.77662589148944
"1647",4.85194688867236,2.67477659640629,1.77580361319558
"1648",4.85210913255836,2.6741933478743,1.77529161581836
"1649",4.85229330183369,2.67352837233662,1.77470780406465
"1650",4.85253834402345,2.67263873242129,1.77392663041518
"1651",4.85289196498052,2.67134486818984,1.77279027275358
"1652",4.85377561009927,2.66805769335204,1.76990195718072
"1653",4.85389171997593,2.66761979850764,1.76951705453872
"1654",4.85398433953876,2.66726946874581,1.76920909629648
"1655",4.85403805076385,2.66706588780235,1.76903012819232
"1656",4.85442512482935,2.66558948977865,1.76773201085371
"1657",4.85464562481493,2.66474101281656,1.76698581944961
"1658",4.85501752773982,2.66329733422674,1.76571589140415
"1659",4.85504143649818,2.6632039712618,1.76563375243
"1660",4.85555000706963,2.66120174311772,1.76387186422087
"1661",4.85604947357682,2.65920407596346,1.76211329214353
"1662",4.85648144143813,2.65745027634174,1.76056882483081
"1663",4.85673024609614,2.65642874239585,1.75966897248938
"1664",4.85733458729766,2.65391141829566,1.75745072337891
"1665",4.85757545378796,2.65289338457996,1.75655332350408
"1666",4.85795817868895,2.65125781972546,1.7551111873165
"1667",4.85848340337013,2.64897600747953,1.75309844682911
"1668",4.85876746031112,2.64772322672781,1.75199300508415
"1669",4.85883501514523,2.64742329610831,1.75172830821925
"1670",4.85909526347218,2.6462605309275,1.75070198691995
"1671",4.8594369873982,2.64471567939951,1.74933804667461
"1672",4.85958111320791,2.64405780440431,1.74875708508567
"1673",4.85982790858858,2.64292234252986,1.74775419270386
"1674",4.8598647805823,2.64275171584108,1.74760346767833
"1675",4.85991373827657,2.64252476126976,1.74740297681814
"1676",4.85996846424155,2.64227052243314,1.74717837234278
"1677",4.8601904967565,2.64123306532162,1.74626172413284
"1678",4.86072787763574,2.63868121333361,1.74400621915885
"1679",4.86078931322778,2.63838566460183,1.74374491818624
"1680",4.86154970494588,2.63465919297249,1.74044893862247
"1681",4.86200817347166,2.63234770960184,1.73840324778877
"1682",4.86203673744251,2.63220199797485,1.73827425947967
"1683",4.86239626434262,2.63035025608525,1.73663471367306
"1684",4.86253408686344,2.62963148658326,1.73599814584621
"1685",4.86259000163788,2.629338434959,1.73573858256592
"1686",4.86260895542733,2.62923890603836,1.73565042379644
"1687",4.8629480288598,2.62744168561957,1.73405821422163
"1688",4.86319201710168,2.62612829575696,1.7328942807571
"1689",4.86323891303184,2.62587386041848,1.73266876322996
"1690",4.8633308593742,2.62537309977056,1.73222488279083
"1691",4.86366908902211,2.6235087934297,1.73057194581458
"1692",4.86389425864857,2.62224760444334,1.7294533952376
"1693",4.86391264145172,2.62214391080736,1.72936141655969
"1694",4.86434881806617,2.619649945145,1.7271486325583
"1695",4.8643711000049,2.61952076455344,1.72703398614955
"1696",4.86450820422368,2.61872196379532,1.72632499269522
"1697",4.86475018980055,2.61729519847854,1.7250583514446
"1698",4.86484673473791,2.61671976827517,1.72454739801168
"1699",4.86529290392584,2.61401235137143,1.72214255078944
"1700",4.86561506135643,2.61200547012074,1.72035910265805
"1701",4.865724036327,2.61131616621512,1.71974637471021
"1702",4.86587628226498,2.61034396536763,1.71888203238061
"1703",4.86597689370303,2.60969545915087,1.71830537879619
"1704",4.86618196842716,2.60835827665301,1.71711611380497
"1705",4.86622629128781,2.60806649721617,1.71685656794836
"1706",4.86649399679156,2.60628241107443,1.715269241142
"1707",4.86655969381267,2.60583871108545,1.71487438604244
"1708",4.86675435471452,2.60450988115104,1.713691628883
"1709",4.86677362215361,2.60437717874425,1.71357349644043
"1710",4.86679932819104,2.60419979522892,1.71341558366541
"1711",4.86685134137542,2.60383969642812,1.71309499416116
"1712",4.86696036877772,2.60307965586151,1.71241826697558
"1713",4.86723121739758,2.6011598511937,1.71070844182155
"1714",4.86730569229292,2.60062373685165,1.71023084648079
"1715",4.86739473605183,2.59997791332854,1.70965544826786
"1716",4.86740949833829,2.59987032756677,1.70955958712656
"1717",4.86752431319059,2.59902845668792,1.70880939057568
"1718",4.86773113165827,2.59748840513822,1.70743670940507
"1719",4.86781315923696,2.59686888366372,1.70688439564064
"1720",4.86796614621483,2.59569965411275,1.70584181880548
"1721",4.86822287128595,2.59369529234355,1.70405399696675
"1722",4.86831378659738,2.59297211713499,1.70340877092556
"1723",4.8683207258841,2.59291662177611,1.70335925335191
"1724",4.86832408418304,2.59288974923057,1.70333527523178
"1725",4.86853060881562,2.59121752487075,1.7018429076303
"1726",4.86858167643421,2.5907978985579,1.70146833480982
"1727",4.86863587502898,2.59034979274219,1.70106830494124
"1728",4.86871651735806,2.5896776985387,1.70046824943017
"1729",4.86874395368577,2.58944754950771,1.70026275017354
"1730",4.8687804378896,2.58914031317889,1.69998840495508
"1731",4.8688003710628,2.58897187524009,1.69983799182556
"1732",4.86889842367753,2.58813725136813,1.69909260635519
"1733",4.86893012058566,2.58786525223817,1.6988496621719
"1734",4.86897742153988,2.58745731392125,1.69848527462843
"1735",4.86915856845014,2.58587175581023,1.69706870065333
"1736",4.86929031168061,2.58469435083928,1.69601648425742
"1737",4.86932697740874,2.5843628630599,1.6957201966916
"1738",4.86933329735257,2.5843055545401,1.69566897165402
"1739",4.86937359306085,2.58393896129831,1.69534127931148
"1740",4.86940302485492,2.58366988281474,1.69510073841764
"1741",4.86947795095787,2.58297974424028,1.69448373342869
"1742",4.8695164497778,2.58262221237367,1.69416405489721
"1743",4.8695418376558,2.58238533308344,1.69395224214431
"1744",4.86963764484537,2.58148331537077,1.69314558227306
"1745",4.86983498168436,2.57958324702201,1.69144589738317
"1746",4.87006722740996,2.57726866679716,1.6893745292925
"1747",4.87008938089463,2.57704315063968,1.68917265801791
"1748",4.87019201541806,2.57598699928228,1.68822711918319
"1749",4.87032398663634,2.57460033839565,1.68698537892538
"1750",4.87048088242981,2.57290707529363,1.68546860799208
"1751",4.87049558198909,2.57274581305436,1.68532412741786
"1752",4.87065206870306,2.5709995631803,1.6837592994763
"1753",4.87077078952,2.56963676509492,1.68253770367512
"1754",4.87078466090624,2.56947527695468,1.68239292548224
"1755",4.87085379540693,2.56866309474386,1.68166471247071
"1756",4.87108936519197,2.56579766770928,1.67909458658
"1757",4.87111022391796,2.56553612091352,1.67885992048572
"1758",4.87122713208846,2.56404461378773,1.67752146992744
"1759",4.87123314451371,2.56396669296849,1.67745153428761
"1760",4.87127284620923,2.56344906028359,1.67698692002861
"1761",4.87144902468399,2.56108335663584,1.67486291297078
"1762",4.87145146331771,2.56104977948197,1.67483275909089
"1763",4.87147802136386,2.56068255535484,1.67450296123096
"1764",4.87149682085526,2.56042087113811,1.67426793231146
"1765",4.87151022936633,2.56023333285763,1.67409948926387
"1766",4.87154986532664,2.55967451853532,1.67359753645877
"1767",4.8715506503935,2.55966338202349,1.6735875325639
"1768",4.87157839872216,2.55926802756543,1.6732323725204
"1769",4.87161321705789,2.5587670863221,1.67278232033459
"1770",4.87169253318632,2.5576049126386,1.6717380360578
"1771",4.87169527774981,2.5575641563794,1.67170140969588
"1772",4.87175197458766,2.55671376071953,1.67093711856245
"1773",4.87176188833238,2.55656337072947,1.67080194251845
"1774",4.8719749997632,2.5531967070701,1.66777480981786
"1775",4.87200363498181,2.55272307637264,1.66734878382132
"1776",4.8721133030014,2.55085618686318,1.66566914873959
"1777",4.87212238947241,2.55069751431853,1.66552636307115
"1778",4.87213369171841,2.55049925038183,1.66534794378822
"1779",4.87216672118072,2.5499140093639,1.66482124023878
"1780",4.87233198057265,2.54684230075553,1.66205578088296
"1781",4.87235087283533,2.54647429847379,1.66172435680153
"1782",4.87242806212374,2.54492988499133,1.6603331928511
"1783",4.87245260538177,2.54442415489736,1.65987755428979
"1784",4.87248961333728,2.54364713386805,1.659177408005
"1785",4.87251203687992,2.54316745205772,1.65874513066779
"1786",4.87257789266697,2.54171686803112,1.65743765462201
"1787",4.87264978407305,2.54005427315255,1.65593863000869
"1788",4.8726649506828,2.53969182379952,1.65561177506425
"1789",4.87272806231166,2.53813467301284,1.65420728313205
"1790",4.87279709696912,2.536329517163,1.65257856965792
"1791",4.8728044217541,2.53613095336272,1.6523993794748
"1792",4.8729051143829,2.53323904120662,1.64978884886882
"1793",4.87291913432495,2.53280908642553,1.64940060417467
"1794",4.87294201326476,2.53209073939601,1.64875187259137
"1795",4.87294783568193,2.531904441929,1.64858361468419
"1796",4.87295234194955,2.53175924394738,1.64845247233636
"1797",4.87295723729845,2.53160048767101,1.64830907999066
"1798",4.87297295019422,2.53108348529254,1.6478420811415
"1799",4.872973453557,2.5310667303267,1.64782694590935
"1800",4.87298936779137,2.53053055559632,1.64734257846635
"1801",4.87302194406062,2.52939108231926,1.6463130399724
"1802",4.8730385095468,2.52878777555581,1.64576784829931
"1803",4.87304973713494,2.52836878960958,1.64538918517649
"1804",4.87308903539585,2.52682995899084,1.64399818957072
"1805",4.87309665524046,2.52651705228994,1.64371529363701
"1806",4.87309672680806,2.52651408885619,1.64371261434424
"1807",4.87310740002003,2.5260668246279,1.64330821746572
"1808",4.87312394048092,2.52535153527707,1.64266141212142
"1809",4.87312935171559,2.52511123042742,1.64244409498088
"1810",4.87313147092004,2.52501622447285,1.6423581746058
"1811",4.87314514823179,2.52439027863357,1.64179205010152
"1812",4.87314860426678,2.52422843283885,1.64164566083647
"1813",4.87316834263645,2.52327264971669,1.64078106446739
"1814",4.87318493368779,2.52242274574046,1.64001211365716
"1815",4.87320548479672,2.52129928899612,1.63899547518561
"1816",4.87322535598229,2.52012132118775,1.63792927556662
"1817",4.87323537930537,2.51948504945031,1.63735327558348
"1818",4.87324764178633,2.51865979410566,1.63660609026552
"1819",4.87325940280303,2.51780993945544,1.63583651072753
"1820",4.87326088553489,2.51769807953094,1.63573520759105
"1821",4.87327624339837,2.51646371483726,1.63461719388773
"1822",4.87330940132157,2.51302647829581,1.63150257810957
"1823",4.87331172694142,2.51271327752512,1.63121867428282
"1824",4.87331552138408,2.5121649104433,1.63072156144931
"1825",4.87332004508037,2.51143168994179,1.63005679286478
"1826",4.8733211779789,2.51123026468078,1.62987415621417
"1827",4.87332782560674,2.509810303848,1.62858645114019
"1828",4.87332802519522,2.50975814408615,1.62853914303558
"1829",4.87333103211168,2.50883622864972,1.62770290363595
"1830",4.87333151621474,2.50865147853641,1.62753530549299
"1831",4.87333160497394,2.50861587114007,1.62750300317765
"1832",4.87333197827856,2.50845910992651,1.62736078999429
"1833",4.87333424476733,2.50640416931605,1.62549617070557
"1834",4.87333383670791,2.50563158381381,1.62479495459841
"1835",4.87333375688018,2.50555317788773,1.62472378596857
"1836",4.87333345961715,2.50530651804487,1.62449988741183
"1837",4.87333089626248,2.50406310006141,1.62337105332733
"1838",4.87332996921906,2.5037494182166,1.62308623684292
"1839",4.87332747174796,2.50304383134578,1.62244551833746
"1840",4.87332212770559,2.50188390772834,1.62139205071992
"1841",4.87332088692038,2.50165419373077,1.62118339270101
"1842",4.87331774733607,2.50111654096878,1.62069498748382
"1843",4.87331676862749,2.50095958706915,1.62055240099221
"1844",4.87331059726441,2.50005724036922,1.61973257410442
"1845",4.8733087941877,2.49981650904116,1.61951383465731
"1846",4.87330749586302,2.49964838783175,1.61936106631538
"1847",4.87330302855209,2.49909893312209,1.61886175493956
"1848",4.87330066720339,2.49882431174294,1.61861217662541
"1849",4.87329428595654,2.49812691883392,1.61797832318027
"1850",4.87329153455852,2.49784345297508,1.61772066066724
"1851",4.87329019932808,2.49770916391602,1.61759859099606
"1852",4.87327900951886,2.49665506990255,1.61664030782798
"1853",4.87326911363716,2.49580853175965,1.61587058083054
"1854",4.87324885626275,2.4942554039617,1.61445806687172
"1855",4.87324689418415,2.49411521678684,1.61433055194076
"1856",4.8732128075519,2.49189077116736,1.61230674911359
"1857",4.87320029858331,2.49115418990583,1.61163642609033
"1858",4.8731996147225,2.49111492416208,1.61160068992723
"1859",4.87319137455741,2.49064933152115,1.61117692977581
"1860",4.87314242833389,2.48812197731373,1.60887602849301
"1861",4.87313088847134,2.48757445321504,1.60837742425573
"1862",4.87312932579907,2.48750150181294,1.60831098714847
"1863",4.87308873347068,2.4856943614532,1.60666493863888
"1864",4.87307431199408,2.48508833169841,1.606112811465
"1865",4.87305430066301,2.48427420853524,1.6053710047483
"1866",4.87300024048681,2.4822081270765,1.6034879610984
"1867",4.87299702021038,2.48209044864233,1.60338068701128
"1868",4.8729965579964,2.48207360339103,1.60336533092051
"1869",4.87299041474665,2.48185078161398,1.6031622027646
"1870",4.87296525243893,2.4809579151693,1.60234816915828
"1871",4.87295612314106,2.48064140275577,1.60205957102175
"1872",4.87295465513151,2.48059085865718,1.60201348306357
"1873",4.87292741432084,2.47966978240858,1.60117353920751
"1874",4.87283845085773,2.47685541342394,1.59860621802428
"1875",4.87283528059966,2.47675990016522,1.59851906646818
"1876",4.87283172562025,2.47665314883088,1.59842165892496
"1877",4.8728223111636,2.4763722181038,1.59816530884549
"1878",4.87279936635171,2.47569794790057,1.59754998328033
"1879",4.87279394148708,2.47554061077708,1.59740638997377
"1880",4.87278458747382,2.47527112108527,1.59716043162886
"1881",4.87277256736002,2.47492809311632,1.59684733926112
"1882",4.87276429464213,2.47469408948799,1.59663374591925
"1883",4.8727475634796,2.47422584989024,1.5962063206213
"1884",4.87265679323948,2.47179202303661,1.5939840701272
"1885",4.87264063163229,2.47137577525667,1.59360391197212
"1886",4.87263040250266,2.47111476179857,1.59336551477178
"1887",4.87261873089604,2.47081919045134,1.59309554084099
"1888",4.87260754325583,2.47053807361261,1.5928387566015
"1889",4.87254706508256,2.46905362744273,1.59148258934729
"1890",4.8725154636926,2.4683000624262,1.5907940088609
"1891",4.87249318427794,2.46777726553589,1.590316242592
"1892",4.87248761647256,2.46764767022924,1.59019780309986
"1893",4.8724377895559,2.46650586690659,1.5891541725148
"1894",4.87236833130334,2.46496447723942,1.58774498245426
"1895",4.87235200356827,2.46461003167511,1.58742088295494
"1896",4.87227970904644,2.46307393453917,1.58601606889206
"1897",4.87225070331665,2.4624720386386,1.58546551209441
"1898",4.87212159403804,2.45988295143436,1.58309660857564
"1899",4.8720605883593,2.45870611246048,1.58201950132601
"1900",4.87202191658749,2.45797417497319,1.58134948205803
"1901",4.87200811093886,2.45771540501166,1.58111258254199
"1902",4.8719756836795,2.45711266172934,1.58056074041968
"1903",4.87197548868689,2.45710905841877,1.5805574412338
"1904",4.87190565944473,2.45583431106543,1.57939015638026
"1905",4.87183937419805,2.45465176597679,1.57830707300126
"1906",4.87183084611066,2.45450147231677,1.57816940456696
"1907",4.87182433642033,2.45438702567245,1.57806456949296
"1908",4.87181693734088,2.45425723076274,1.57794567266437
"1909",4.87154120779828,2.44962007296287,1.57369614190708
"1910",4.87152128829979,2.44929881651765,1.57340161567255
"1911",4.8714734594311,2.44853429124315,1.57270063837958
"1912",4.87144254091134,2.44804508377009,1.5722520466007
"1913",4.8714175925131,2.44765313193071,1.57189260914189
"1914",4.87140640305554,2.44747813666261,1.57173212291249
"1915",4.8712754684937,2.44546559597408,1.56988610257503
"1916",4.87119117441607,2.44420243490403,1.56872713652394
"1917",4.87115988999343,2.44373974276388,1.56830254889063
"1918",4.87110923267391,2.4429972838861,1.56762116518199
"1919",4.8710385132212,2.44197429403661,1.56668218753285
"1920",4.87087670141406,2.43968938776151,1.56458434357145
"1921",4.87074880154065,2.43793439154902,1.56297247979821
"1922",4.87058350874464,2.43572743845713,1.56094484621002
"1923",4.87033850212419,2.43257123915941,1.55804379382724
"1924",4.8703017205437,2.43210839531425,1.55761823772427
"1925",4.87030051309828,2.43209324767583,1.55760430985872
"1926",4.87015091463,2.43023862829258,1.55589876920754
"1927",4.87008421532512,2.42942540970659,1.55515075300401
"1928",4.87007084506031,2.42926337450483,1.55500169740226
"1929",4.86995871080076,2.42791691851942,1.55376294210875
"1930",4.86988972702133,2.42709938443507,1.55301066602176
"1931",4.8697809314281,2.42582605816949,1.55183877725262
"1932",4.86970331329628,2.42492919186114,1.55101320993867
"1933",4.86966173437214,2.42445259192443,1.55057444881868
"1934",4.86962382419403,2.42402033003961,1.55017647568657
"1935",4.8695901653544,2.42363834225692,1.5498247650314
"1936",4.86950230028628,2.42264898824315,1.54891372597929
"1937",4.86943333965021,2.42188021438362,1.54820570367397
"1938",4.86940952956159,2.42161631955119,1.54796264214139
"1939",4.86935705863237,2.42103750787046,1.54742948795683
"1940",4.86931064007729,2.42052855577737,1.54696064068737
"1941",4.8692920202819,2.42032520552963,1.54677330320152
"1942",4.86923479658446,2.41970309660664,1.5462001431076
"1943",4.8692164999999,2.41950507930008,1.54601769389411
"1944",4.86912074755586,2.41847571156625,1.54506915909366
"1945",4.86903885108229,2.41760431710421,1.54426606689528
"1946",4.86891839737562,2.416337261522,1.54309812138326
"1947",4.86889453921934,2.41608830633654,1.54286861110321
"1948",4.86882967286761,2.41541471978027,1.54224758873122
"1949",4.86877319658406,2.41483210262177,1.54171038151279
"1950",4.8687535424853,2.41463017492263,1.54152418034942
"1951",4.86862511849487,2.41332101600469,1.54031683195139
"1952",4.86856678421967,2.41273211555392,1.53977364466944
"1953",4.86826585780952,2.40974855817581,1.53702088129696
"1954",4.86826097169807,2.40970083892714,1.53697684249228
"1955",4.86825312205581,2.40962422391651,1.53690613585322
"1956",4.86817348934842,2.40885022799138,1.53619177916942
"1957",4.86816471288246,2.40876528254008,1.5361133735913
"1958",4.86807101632405,2.40786276867847,1.5352802764623
"1959",4.8679671653475,2.40687156919515,1.5343651739357
"1960",4.86791456386494,2.40637309343213,1.53390491169996
"1961",4.86774489847255,2.40478117231821,1.53243477882773
"1962",4.86771629341532,2.40451511815589,1.53218904180056
"1963",4.86770990580228,2.40445579780224,1.53213424997926
"1964",4.86769428864121,2.40431090320136,1.53200041445591
"1965",4.86767226717676,2.40410692289064,1.53181199760761
"1966",4.86735195773135,2.40118266187116,1.52911016970803
"1967",4.86714765174834,2.39935731709885,1.52742302133804
"1968",4.86714125241953,2.39930062302681,1.52737061159624
"1969",4.86698865609102,2.39795710130866,1.52612847856214
"1970",4.86688912125597,2.39708925574041,1.52532598181919
"1971",4.8668258735318,2.39654120081687,1.52481913767902
"1972",4.8667255367392,2.39567707809379,1.52401990152296
"1973",4.86668117290966,2.39529705397001,1.52366837806197
"1974",4.86648882681466,2.39366356121359,1.52215714787616
"1975",4.86648005063923,2.39358956893445,1.52208868433675
"1976",4.86592476836918,2.38899862315638,1.51783918823695
"1977",4.86576371100225,2.38769880310156,1.51663547492527
"1978",4.86567791287191,2.38701188833892,1.51599924876574
"1979",4.86559016599852,2.3863132563331,1.51535209852433
"1980",4.86557871920672,2.38622240431275,1.51526793603976
"1981",4.86544867306255,2.38519481214848,1.51431592185095
"1982",4.86527961363512,2.38387126459399,1.51308948997559
"1983",4.86518699617788,2.38315193403003,1.51242283225842
"1984",4.86509332136485,2.38242845004157,1.51175224842345
"1985",4.86501495138867,2.38182625677054,1.51119402797368
"1986",4.86451491197812,2.37804759344902,1.50769007092735
"1987",4.86442312821575,2.37736550338044,1.50705734517432
"1988",4.86426520512351,2.37619989642936,1.50597593796795
"1989",4.86418069193394,2.37558019599831,1.50540092176267
"1990",4.8641484689582,2.37534465584003,1.50518235076982
"1991",4.86414646605898,2.37533002861208,1.50516877707272
"1992",4.8641129566614,2.37508553957571,1.50494189280715
"1993",4.86407391594235,2.37480124095723,1.50467805451419
"1994",4.864037926,2.37453967764014,1.50443530488167
"1995",4.86372203896146,2.37226486680645,1.50232369527584
"1996",4.86368461046522,2.37199777613165,1.50207571695744
"1997",4.86340088562576,2.36998943238337,1.50021075317839
"1998",4.86323046171298,2.36879662835769,1.49910282890772
"1999",4.86305060702115,2.36754851089148,1.4979433067159
"2000",4.86302589203385,2.36737784223073,1.49778473514131
"2001",4.86287718471807,2.36635517894855,1.49683447065088
"2002",4.86267994146795,2.36500974004525,1.49558405144351
"2003",4.8626787447002,2.36500161434206,1.4955764988142
"2004",4.86267658751965,2.36498696885516,1.49556288619186
"2005",4.86260296939568,2.36448803692799,1.4950991227126
"2006",4.86247526137445,2.36362651713566,1.49429824498199
"2007",4.86247018187137,2.36359235460952,1.49426648494462
"2008",4.86244133958414,2.36339852352578,1.49408628190968
"2009",4.86235128459941,2.36279494809985,1.49352510865069
"2010",4.86225148679039,2.3621289270639,1.4929058160292
"2011",4.86201331234581,2.36055132352092,1.49143864450172
"2012",4.86199255600547,2.36041462164589,1.49131149497143
"2013",4.86187109471311,2.3596171488691,1.49056969413186
"2014",4.86186496769963,2.35957703232686,1.49053237574402
"2015",4.86172010024016,2.35863159377756,1.48965281565301
"2016",4.86157071356754,2.35766277344006,1.48875137083283
"2017",4.86144525991493,2.35685387836072,1.4879986270956
"2018",4.86122805226239,2.35546334615343,1.48670440459672
"2019",4.86119494098731,2.35525246623595,1.48650810647377
"2020",4.86110460834123,2.35467860506864,1.48597389437906
"2021",4.86102775659264,2.35419204421378,1.4855209143113
"2022",4.8608703433259,2.35320013815078,1.48459736246887
"2023",4.86082310305733,2.35290368320925,1.48432130982166
"2024",4.86063467464603,2.3517267235307,1.4832252271029
"2025",4.86033554348241,2.34987605033348,1.481501331347
"2026",4.85973428012216,2.34621944289465,1.47809379935032
"2027",4.85973329115051,2.34621349581244,1.47808825583704
"2028",4.85954861479908,2.34510673436906,1.47705651316371
"2029",4.85953860993379,2.34504698818547,1.47700081184356
"2030",4.85948387173037,2.34472049108354,1.47669641005213
"2031",4.85943563844174,2.3444333295359,1.47642866953588
"2032",4.85884697831711,2.34096817079579,1.4731969580696
"2033",4.85825583913543,2.33755890048609,1.47001574473532
"2034",4.85801582267767,2.33619389190107,1.46874159600813
"2035",4.85747580972242,2.33316163381835,1.46591025912425
"2036",4.85743640155548,2.33294240468686,1.465705507498
"2037",4.85701730143354,2.33062769836144,1.46354325919948
"2038",4.85655448064784,2.32810616138312,1.46118697144587
"2039",4.85654130901115,2.32803491790065,1.4611203843484
"2040",4.85644436219843,2.32751141418762,1.46063107504014
"2041",4.85637217221418,2.32712258212764,1.46026761677524
"2042",4.85611212252113,2.3257287933037,1.45896461321304
"2043",4.85603025727509,2.32529222898348,1.458556430664
"2044",4.85582773366777,2.32421670349326,1.45755071692648
"2045",4.85577037275904,2.32391322907031,1.45726691259265
"2046",4.85562829002138,2.32316368109279,1.45656589429443
"2047",4.85547360589881,2.32235111548056,1.45580585290976
"2048",4.85508163083491,2.32030789583802,1.45389431446613
"2049",4.85490452092904,2.31939199934528,1.45303726363972
"2050",4.8548100696641,2.31890538705212,1.45258187009527
"2051",4.85476669628546,2.31868235014926,1.45237313159192
"2052",4.85475996441208,2.31864775689692,1.45234075543962
"2053",4.85457345014223,2.31769183294213,1.4514460338424
"2054",4.85439753288347,2.31679463892365,1.45060617096755
"2055",4.85422451762992,2.31591637105709,1.44978392083599
"2056",4.85422338677725,2.31591064390883,1.44977855863966
"2057",4.85414228190743,2.31550034100679,1.44939439016304
"2058",4.85365933199471,2.31307520530924,1.44712326732891
"2059",4.85346710388333,2.31211837733747,1.44622698981259
"2060",4.85335968072454,2.31158572595656,1.44572799340282
"2061",4.85310069630015,2.31030754085674,1.44453041594168
"2062",4.85304706683606,2.31004390404538,1.4442833783133
"2063",4.8529618069361,2.30962550612304,1.44389130486552
"2064",4.85289393296626,2.30929306483442,1.44357976343276
"2065",4.85272533156814,2.30846969811331,1.44280809728131
"2066",4.85268371555416,2.30826699541965,1.44261810893621
"2067",4.85258156171591,2.30777030836792,1.44215255329528
"2068",4.85238828260217,2.30683396038731,1.44127480566732
"2069",4.85212920735387,2.3055857558714,1.44010453978771
"2070",4.85190248290841,2.30449979394153,1.43908621993415
"2071",4.85187674794458,2.30437690078701,1.43897097179427
"2072",4.85169187946178,2.30349629743556,1.43814509183093
"2073",4.851427901725,2.30224550673599,1.43697185512071
"2074",4.85110486436507,2.30072532432478,1.43554565571268
"2075",4.85098598081731,2.30016871910859,1.43502338663486
"2076",4.85079157056593,2.29926175811087,1.43417228856787
"2077",4.85073732656911,2.29900941368787,1.43393546797777
"2078",4.85049719032245,2.29789599012694,1.4328904421988
"2079",4.85035918767821,2.29725882108641,1.43229234260035
"2080",4.8503187371528,2.29707242715552,1.43211736794652
"2081",4.85024192832543,2.29671895388094,1.43178553766189
"2082",4.8500943562756,2.29604150116326,1.43114952017561
"2083",4.8498783744908,2.29505392434103,1.43022224139558
"2084",4.84987585696324,2.29504244016786,1.43021145767234
"2085",4.84942804499433,2.29300947978044,1.42830222773983
"2086",4.84928167900395,2.29234918552582,1.42768200731207
"2087",4.84907207220501,2.29140710684389,1.42679700851036
"2088",4.84906817501812,2.29138962973643,1.42678058926719
"2089",4.84886281342084,2.2904706613893,1.42591719040356
"2090",4.84851280133942,2.28891326035255,1.42445372152447
"2091",4.84849989371641,2.28885603776257,1.42439994441772
"2092",4.84814723448599,2.2872983179548,1.42293586037364
"2093",4.84805705008059,2.28690171564218,1.42256304968929
"2094",4.84790375178763,2.28622917039734,1.4219308046853
"2095",4.84763269096947,2.28504489112113,1.42081735299799
"2096",4.84762788830138,2.28502396401385,1.42079767590195
"2097",4.8472233523952,2.28326813733552,1.41914653463613
"2098",4.84722202233163,2.28326238667004,1.41914112620948
"2099",4.84701149638389,2.28235397171942,1.4182867225182
"2100",4.84687503823612,2.28176707044078,1.41773466241388
"2101",4.84685494901171,2.28168079348545,1.41765350369132
"2102",4.84671410809838,2.28107682816251,1.41708534201361
"2103",4.84659308618061,2.28055910648006,1.41659827580392
"2104",4.84645289276382,2.27996080760621,1.41603536273966
"2105",4.84644080030762,2.27990927285975,1.41598687392118
"2106",4.84635156179916,2.27952931363494,1.41562936194128
"2107",4.84628119263308,2.27923013048431,1.41534784155965
"2108",4.84619585576052,2.27886782143061,1.41500690742503
"2109",4.84602056700243,2.27812535485875,1.41430819382008
"2110",4.84583792600542,2.27735422078022,1.41358243124472
"2111",4.845825637117,2.27730242545772,1.41353368084104
"2112",4.84540754885969,2.27554693576126,1.41188120038014
"2113",4.84519116082408,2.27464337916412,1.41103051826693
"2114",4.84489617318041,2.27341703645485,1.40987578220441
"2115",4.84425666212782,2.2707793893675,1.40739154008325
"2116",4.84397231963249,2.26961562486264,1.40629519722599
"2117",4.84393986178256,2.2694831262231,1.40617036462213
"2118",4.84393562683705,2.26946584362428,1.40615408179789
"2119",4.84373057678376,2.26863047188939,1.40536699316482
"2120",4.84353765567085,2.26784704707123,1.4046287743465
"2121",4.84328697049972,2.26683267553705,1.40367282809292
"2122",4.84322277980596,2.26657358706167,1.40342864314548
"2123",4.84315319496182,2.26629302488971,1.40316421087839
"2124",4.84313603033089,2.26622386565193,1.40309902628695
"2125",4.84308548424847,2.26602031592654,1.40290717151373
"2126",4.84304824694398,2.26587046481531,1.40276592700886
"2127",4.84303672417061,2.26582411247997,1.40272223636075
"2128",4.84301952686474,2.26575494902748,1.4026570440108
"2129",4.84273847454713,2.26462726705034,1.4015940306275
"2130",4.8424840238693,2.26361057327341,1.40063551397007
"2131",4.84235170519298,2.26308345301945,1.40013850937134
"2132",4.84234224346219,2.26304580121365,1.40010300747429
"2133",4.84209007690565,2.26204433991786,1.39915866928076
"2134",4.84189435864106,2.26126970075775,1.39842813605792
"2135",4.8416341055327,2.26024316820524,1.39745994537172
"2136",4.84155278373663,2.25992322418821,1.39715816033443
"2137",4.84148742585409,2.25966636741264,1.3969158734355
"2138",4.84147908130464,2.25963359123958,1.39688495590673
"2139",4.84135654024355,2.25915273416748,1.39643135277238
"2140",4.84116497887235,2.25840277761285,1.39572384947183
"2141",4.84105273047629,2.25796430734234,1.39531017028588
"2142",4.84011791954046,2.2543401924029,1.39189012866455
"2143",4.83993938460382,2.2536535067452,1.39124194338278
"2144",4.83976080105789,2.25296834973319,1.39059514837848
"2145",4.83973162575306,2.25285657720675,1.39048962902433
"2146",4.8395082513988,2.25200231213164,1.38968311018031
"2147",4.8392682135876,2.25108724740035,1.38881909966851
"2148",4.83914433403223,2.25061617254073,1.38837427120836
"2149",4.83896627435813,2.24994045654029,1.38773616042768
"2150",4.83894951077271,2.24987692458227,1.38767616157552
"2151",4.83874247701183,2.24909347451549,1.38693624364644
"2152",4.8386353985361,2.24868912583337,1.38655433595403
"2153",4.8384095275853,2.24783808704031,1.38575047022205
"2154",4.83813105045236,2.24679233862081,1.38476257867659
"2155",4.83739357683952,2.24404125640573,1.38216313168177
"2156",4.83722219321223,2.24340565993782,1.38156245127244
"2157",4.83596511491284,2.2387852808491,1.377194581807
"2158",4.83590641012581,2.23857126313368,1.37699220506978
"2159",4.8358540149237,2.23838037730078,1.37681169790037
"2160",4.83578416775956,2.23812609988181,1.37657123979403
"2161",4.83514727342098,2.23581740744717,1.37438770491584
"2162",4.83507840553254,2.23556882944805,1.37415256905555
"2163",4.83475209219597,2.23439379815975,1.37304099070298
"2164",4.83459902680362,2.23384420237151,1.37252102376704
"2165",4.8336201323899,2.23035297085848,1.3692172660802
"2166",4.83343597437015,2.22970067596124,1.36859985735307
"2167",4.83342615315671,2.22966592850268,1.36856696702374
"2168",4.83321583123137,2.22892276995372,1.36786349765412
"2169",4.83288197696052,2.22774686882133,1.36675027977611
"2170",4.83285397739876,2.22764845692693,1.36665710739123
"2171",4.83267297793412,2.22701305967045,1.36605551498149
"2172",4.83228663123116,2.22566125083377,1.36477548746843
"2173",4.83226000091703,2.22556829516636,1.36468746085193
"2174",4.83177712594109,2.22388771372595,1.36309584060806
"2175",4.83175207359749,2.22380077673794,1.36301349773385
"2176",4.83152793996978,2.22302409439155,1.36227782422717
"2177",4.83129991927295,2.22223598163382,1.36153126086167
"2178",4.83128137263801,2.22217196859567,1.36147061981667
"2179",4.8310425767088,2.22134897870352,1.36069094511816
"2180",4.83093462608167,2.22097766809434,1.36033915459129
"2181",4.83074381573989,2.22032246021973,1.3597183573465
"2182",4.83054925899036,2.21965584136502,1.35908670374035
"2183",4.83053061904197,2.21959205121776,1.35902625713146
"2184",4.8300267009529,2.21787258537288,1.35739676157964
"2185",4.82998316731164,2.21772449564451,1.35725640663282
"2186",4.82983116204556,2.21720797933555,1.35676685088683
"2187",4.82967553687069,2.21668006937949,1.35626646848913
"2188",4.82928271641793,2.21535160526921,1.35500715265772
"2189",4.82838563610459,2.21233933315456,1.35215102017023
"2190",4.82829003417385,2.21202006041928,1.3518482438786
"2191",4.82826227673007,2.21192742394929,1.35176039193336
"2192",4.82825698387164,2.21190976298338,1.35174364303141
"2193",4.82819955118649,2.2117181898241,1.35156196128468
"2194",4.82811071782395,2.21142211240509,1.35128116395042
"2195",4.82782976860732,2.21048760396605,1.35039482712889
"2196",4.82733179249695,2.20883818595757,1.34883022233532
"2197",4.82717878117059,2.20833315323978,1.34835110492174
"2198",4.82700065650454,2.20774627658341,1.34779431187629
"2199",4.82677280431639,2.20699719259303,1.34708357731204
"2200",4.82649817116623,2.20609673411937,1.34622914528877
"2201",4.82632943266523,2.20554478558167,1.34570537019647
"2202",4.82629735036938,2.20543995548942,1.34560588765657
"2203",4.82587129034554,2.20405116552631,1.34428784125717
"2204",4.82567452161183,2.2034118850377,1.34368106216043
"2205",4.82409590712854,2.19833052541879,1.33885664053786
"2206",4.82367230747625,2.19698110411149,1.33757503689308
"2207",4.82334967091692,2.19595723872553,1.33660251219926
"2208",4.82323582789588,2.19559677065976,1.3362600957699
"2209",4.82310328173007,2.19517760847034,1.33586190904585
"2210",4.82309413263927,2.19514869637936,1.33583444314359
"2211",4.82228048631202,2.19258818541801,1.33340169663806
"2212",4.82190637955916,2.19141792153518,1.33228962135598
"2213",4.82146534885177,2.1900439291076,1.3309837838932
"2214",4.82136047905738,2.18971810510432,1.33067409609061
"2215",4.82116519076026,2.18911226108801,1.33009822978758
"2216",4.82056584772944,2.187260216078,1.32833761428606
"2217",4.82055647445223,2.1872313384029,1.32831015969292
"2218",4.8205431584426,2.18719031833596,1.3282711609483
"2219",4.82053000055558,2.18714979064726,1.32823263016649
"2220",4.82012435122095,2.18590291451813,1.32704711681985
"2221",4.82006044414929,2.18570693008771,1.32686076437546
"2222",4.81964338063702,2.18443091700993,1.32564737674299
"2223",4.81958924211652,2.18426565919457,1.32549021868034
"2224",4.81945357493376,2.18385191692588,1.32509674411088
"2225",4.81944018919204,2.18381112415495,1.32505794877725
"2226",4.81922193732395,2.18314675240407,1.32442608686783
"2227",4.81862091548031,2.18132442969636,1.32269272943131
"2228",4.81859330369222,2.18124096267041,1.32261332999952
"2229",4.81856820486157,2.18116511119701,1.32254117444286
"2230",4.81763585706643,2.17836030786077,1.31987267105762
"2231",4.81747020650582,2.17786457524256,1.31940095477165
"2232",4.81743127296442,2.17774817395259,1.31929018946801
"2233",4.81742994189965,2.17774419516871,1.31928640330969
"2234",4.81732772520717,2.1774388012374,1.31899579022022
"2235",4.81709698896874,2.17675051069266,1.31834078171068
"2236",4.8169207339741,2.17622574587088,1.31784136314746
"2237",4.81658681736526,2.17523395324878,1.31689740701705
"2238",4.81622803510871,2.17417175375253,1.31588634250876
"2239",4.8157141426799,2.1726565085574,1.31444386849728
"2240",4.81570954359498,2.17264298044935,1.3144309891727
"2241",4.81498674018834,2.17052399220507,1.31241342398869
"2242",4.81497075395626,2.17047728571007,1.31236894858711
"2243",4.81496467397924,2.1704595238215,1.31235203510472
"2244",4.81466053715972,2.16957228747601,1.31150714279062
"2245",4.81362927153426,2.16658206327826,1.30865912268652
"2246",4.81334138521192,2.16575227543561,1.30786865897587
"2247",4.81328869101285,2.165600624319,1.30772418827529
"2248",4.81321963166655,2.16540198341323,1.30753494967447
"2249",4.81315865992781,2.16522670745165,1.30736796726146
"2250",4.81305289333351,2.1649228856241,1.30707851514358
"2251",4.81304473009417,2.16489944807359,1.30705618577786
"2252",4.81296934075059,2.16468307763665,1.30685004363881
"2253",4.81276666001594,2.16410209527884,1.30629650572069
"2254",4.81264912471487,2.1637656604621,1.30597595020539
"2255",4.81244066220648,2.16316981555827,1.30540820472541
"2256",4.81230140596901,2.16277239328361,1.30502950765699
"2257",4.81149992500845,2.16049449079602,1.30285867403326
"2258",4.81097358697002,2.1590072266743,1.30144108038297
"2259",4.81090105343194,2.15880280184107,1.30124621730062
"2260",4.81086775146163,2.15870898821363,1.30115679053661
"2261",4.81067042458465,2.15815366000772,1.30062741527062
"2262",4.8106246573249,2.15802499424423,1.3005047589629
"2263",4.8104038776707,2.1574050266263,1.2999137282347
"2264",4.80983944306031,2.15582537251066,1.29840766039385
"2265",4.80920913411531,2.15407031208195,1.29673411656731
"2266",4.8087000675651,2.15265965310684,1.29538879557696
"2267",4.80861113253085,2.1524138265684,1.29515433853563
"2268",4.80860265890875,2.15239041407293,1.29513200861464
"2269",4.80859848747555,2.15237888907363,1.29512101650551
"2270",4.80838000113266,2.1517758084289,1.29454580596966
"2271",4.80833329403013,2.15164702716421,1.29442297225428
"2272",4.8079611711322,2.15062279497935,1.2934459949666
"2273",4.8076091213012,2.14965672128048,1.29252441572564
"2274",4.80728713637566,2.1487756077342,1.29168381859223
"2275",4.80708654265147,2.14822786155477,1.29116122837777
"2276",4.80707795616601,2.14820443522082,1.29113887739773
"2277",4.80664988728041,2.14703862943405,1.29002653143629
"2278",4.80664342333901,2.14702105673532,1.29000976373897
"2279",4.80641486841539,2.14640030809069,1.28941743583802
"2280",4.80637593469264,2.14629468028327,1.28931664114047
"2281",4.80625718654236,2.14597272099085,1.28900940802064
"2282",4.80623625364558,2.14591599825791,1.28895527889901
"2283",4.80583270836335,2.14482437280457,1.28791351823973
"2284",4.80565032134447,2.14433216637242,1.28744376505304
"2285",4.80495949477717,2.14247436349159,1.28567054101048
"2286",4.80483922708727,2.14215198189194,1.28536280906736
"2287",4.80440516948823,2.1409910379968,1.28425455454147
"2288",4.80379763006459,2.13937277850626,1.28270956762537
"2289",4.8036033731498,2.138856981357,1.2822170831922
"2290",4.80349935156609,2.13858110284417,1.28195366541017
"2291",4.8027337567245,2.13655752611757,1.28002131304676
"2292",4.80263809320495,2.13630551936733,1.27978064542118
"2293",4.80242394540564,2.13574206501428,1.27924252671101
"2294",4.80182889576281,2.13418127776719,1.27775179666636
"2295",4.80145160160532,2.13319533814536,1.27681001881231
"2296",4.80144494894298,2.13317797899429,1.27679343656283
"2297",4.80135935047425,2.13295470084162,1.27658014915555
"2298",4.80132864524146,2.13287464369382,1.27650367333137
"2299",4.80091062744657,2.13178661191751,1.27546426761709
"2300",4.80067095354796,2.13116433412308,1.27486976162056
"2301",4.80047616592627,2.13065942651017,1.27438736694188
"2302",4.80044896236996,2.13058897138363,1.27432005181168
"2303",4.79940412453501,2.12789377718843,1.2717447059589
"2304",4.79935683851068,2.12777229813095,1.27162861646544
"2305",4.79929425781843,2.12761159231031,1.27147503893003
"2306",4.79898502522909,2.12681858470697,1.27071717907485
"2307",4.79835981354242,2.12522079541234,1.26919007144811
"2308",4.79754831224439,2.12315783064456,1.26721810028774
"2309",4.7972929852538,2.12251126933025,1.26659999636024
"2310",4.79699059368437,2.12174707379948,1.26586939824565
"2311",4.79696497479333,2.12168240724055,1.26580757285747
"2312",4.79667583533538,2.12095339707394,1.26511057227354
"2313",4.79600887794741,2.11927755902129,1.26350817876706
"2314",4.79552941684183,2.1180777628883,1.26236084648772
"2315",4.79531583353606,2.11754461090237,1.26185097643174
"2316",4.79492293809076,2.11656595898671,1.26091501076259
"2317",4.79491357711802,2.1165426751241,1.26089274169553
"2318",4.79451551600696,2.11555398345737,1.25994710723504
"2319",4.7941877425688,2.11474194246595,1.25917038146244
"2320",4.79387910447022,2.11397900832717,1.25844058691734
"2321",4.7938402065317,2.11388297156901,1.25834871897371
"2322",4.79381874785239,2.11383000247053,1.25829804892452
"2323",4.79349722245793,2.11303728794234,1.25753971889155
"2324",4.7931118766242,2.11208955205117,1.25663303729391
"2325",4.79282319537892,2.11138120914478,1.25595534010737
"2326",4.79252975866931,2.11066263949003,1.25526782510397
"2327",4.79171634583374,2.10867828570341,1.25336905521394
"2328",4.79126530415681,2.10758268143874,1.25232059439055
"2329",4.79120689664454,2.10744105135367,1.25218505294538
"2330",4.791017238804,2.10698154308554,1.25174528993034
"2331",4.79062007627568,2.10602118962632,1.25082615946877
"2332",4.78998179781023,2.1044831666975,1.24935403303031
"2333",4.78974630569391,2.1039173706475,1.24881244057049
"2334",4.78971035919239,2.1038310832737,1.24872984260647
"2335",4.78909679799997,2.10236144085109,1.24732296564216
"2336",4.78863724074788,2.10126458123728,1.24627286188368
"2337",4.78860596474309,2.10119005316738,1.24620150797914
"2338",4.78833518721333,2.10054545356141,1.24558434746454
"2339",4.7882036199843,2.10023266451208,1.24528486373416
"2340",4.78770895032187,2.09905903953354,1.24416110757136
"2341",4.78745235910009,2.09845175610694,1.2435795947209
"2342",4.78738738499046,2.09829814038521,1.24343249418074
"2343",4.78699013904978,2.09736035471849,1.2425344503693
"2344",4.78666451066286,2.09659343393879,1.24179999007165
"2345",4.78632043120004,2.09578480486153,1.24102554758419
"2346",4.78582837185557,2.0946315051519,1.23992093677713
"2347",4.7855392400763,2.09395552298114,1.23927345478389
"2348",4.78478938207762,2.09220816036066,1.23759963419469
"2349",4.78436709835418,2.09122777603867,1.23666043081148
"2350",4.78404841173766,2.09048963037761,1.23595325267548
"2351",4.78392074861699,2.09019434986752,1.2356703509444
"2352",4.78388509166892,2.09011191877369,1.23559137460154
"2353",4.78380211087404,2.08992015655179,1.2354076477075
"2354",4.78376741061348,2.08983999647163,1.23533084588712
"2355",4.78350648793386,2.08923780342801,1.23475386907991
"2356",4.78320897503174,2.0885523582974,1.23409709993791
"2357",4.78271286657402,2.08741218316279,1.23300456276019
"2358",4.78249994708836,2.08692391813772,1.23253667448931
"2359",4.78219448018732,2.08622454519192,1.23186646391444
"2360",4.78112391818713,2.08378381084291,1.22952727770406
"2361",4.78105358588506,2.08362402174766,1.22937412456657
"2362",4.78083482201434,2.08312744589662,1.22889816175745
"2363",4.78049304119147,2.08235295213537,1.22815578889432
"2364",4.780329348474,2.08198258369089,1.22780076859623
"2365",4.78022389804312,2.08174418751092,1.22757224740405
"2366",4.78021855460105,2.08173211141457,1.22756067144345
"2367",4.78000647911556,2.0812531386586,1.22710152871823
"2368",4.77983357596223,2.08086308983595,1.22672761859367
"2369",4.77954881762658,2.0802215932417,1.22611264557786
"2370",4.77892861135274,2.07882819409614,1.22477677715349
"2371",4.77866988492763,2.07824844587022,1.22422093291179
"2372",4.77850871019863,2.07788774059232,1.22387509045366
"2373",4.77824933038271,2.07730797956053,1.22331920291836
"2374",4.77823067294787,2.07726631119873,1.22327924964874
"2375",4.77690673158506,2.07432119177656,1.22045510469241
"2376",4.77627237100388,2.07291813816494,1.2191095122249
"2377",4.7759035735063,2.07210482649673,1.2183294590566
"2378",4.77568032271847,2.07161333503034,1.21785804822877
"2379",4.77549988579546,2.07121656309544,1.21747747728063
"2380",4.77549727465622,2.0712108243661,1.21747197281126
"2381",4.77544609947619,2.07109836966464,1.21736410824303
"2382",4.77537473617591,2.07094160813224,1.21721374417988
"2383",4.77531925004704,2.07081976809709,1.21709687552559
"2384",4.77523841801669,2.07064234165723,1.21692668707037
"2385",4.77414977243772,2.06826077460686,1.21464210724418
"2386",4.77400040057086,2.06793515847471,1.21432972747925
"2387",4.77392413149538,2.06776900619625,1.21417032710665
"2388",4.77389420426884,2.06770382940866,1.21410779848922
"2389",4.77370461300045,2.06729118725286,1.21371191687135
"2390",4.77348109504202,2.06680527489808,1.21324572928747
"2391",4.77335186300339,2.06652461449447,1.21297645598964
"2392",4.77313217082966,2.06604796792988,1.2125191384457
"2393",4.77231965440375,2.06429024869999,1.21083259284613
"2394",4.77194011238005,2.06347193013536,1.21004735326294
"2395",4.77184373778128,2.06326441652043,1.20984822232252
"2396",4.77179297487577,2.06315515885193,1.20974337728244
"2397",4.77093790171125,2.06131941025437,1.20798167508181
"2398",4.77081336599809,2.0610527723418,1.20772577741744
"2399",4.77010794562342,2.05954588689522,1.2062795195399
"2400",4.76975141701034,2.05878651156608,1.20555065166782
"2401",4.76974862872483,2.05878057861279,1.20554495694909
"2402",4.76959799437468,2.05846019145502,1.20523743204549
"2403",4.76929733791348,2.0578215086693,1.20462437388756
"2404",4.76928247079547,2.05778995376537,1.20459408445109
"2405",4.76922922348257,2.05767695934399,1.2044856210976
"2406",4.76913702623526,2.05748138815293,1.20429789073418
"2407",4.76870264647822,2.05656129128051,1.20341465579876
"2408",4.76835738528945,2.05583151147815,1.20271408220222
"2409",4.76767574389241,2.05439471104091,1.20133470318584
"2410",4.7673327837342,2.05367378510712,1.20064254886188
"2411",4.76660695621499,2.05215237607421,1.19918177034216
"2412",4.76654915110831,2.05203146167523,1.19906566946211
"2413",4.76650655213704,2.05194237843765,1.19898013208579
"2414",4.76557538130422,2.05000007402374,1.19711503754809
"2415",4.76515807888147,2.0491326887617,1.19628206968107
"2416",4.76441556621978,2.04759395037213,1.19480429252944
"2417",4.76375068377587,2.04622104443612,1.1934856753057
"2418",4.7636121049687,2.04593547918994,1.19321138998931
"2419",4.76295302948715,2.04458007484901,1.1919094675468
"2420",4.76286323916469,2.04439576658105,1.19173242448399
"2421",4.76260397603434,2.04386405465905,1.19122166222939
"2422",4.76211147125987,2.04285588995379,1.1902531798266
"2423",4.76161625955393,2.04184466571899,1.18928170598513
"2424",4.76154637980733,2.04170217006837,1.18914480750916
"2425",4.76152583404982,2.04166028341206,1.18910456594683
"2426",4.76138281625425,2.04136883023119,1.18882455707
"2427",4.76100578969734,2.04060147548875,1.18808731274105
"2428",4.76085465525954,2.04029427204184,1.18779215526888
"2429",4.76083310480813,2.04025048598326,1.18775008574334
"2430",4.76060750391413,2.03979238773177,1.18730994030762
"2431",4.76059296937802,2.03976289160419,1.18728159976155
"2432",4.76030825085914,2.03918550885038,1.18672682839199
"2433",4.76027888748353,2.03912600801103,1.1866696567464
"2434",4.76001454191925,2.03859072869304,1.18615532309005
"2435",4.75963484263551,2.03782306096611,1.1854176688686
"2436",4.75956104760957,2.03767402649128,1.18527445769953
"2437",4.7591509354217,2.03684673473043,1.18447947050408
"2438",4.75904922720134,2.03664181649934,1.1842825486288
"2439",4.75873404914813,2.03600743686715,1.18367291025828
"2440",4.75855354703627,2.0356445560683,1.18332417281982
"2441",4.75852984602065,2.03559693069675,1.18327840315805
"2442",4.75820070275168,2.03493609432103,1.18264330412796
"2443",4.75784881008148,2.034230716823,1.18196537407574
"2444",4.75773410344073,2.03400103661893,1.18174462563456
"2445",4.75767460195201,2.03388194385216,1.18163016306504
"2446",4.75762112771265,2.03377494300833,1.18152732167967
"2447",4.75722181447058,2.03297677082134,1.18076015849662
"2448",4.75678307972797,2.03210151073799,1.17991886488211
"2449",4.75575825171387,2.03006391836573,1.1779601944526
"2450",4.75575237120894,2.03005225423899,1.17794898150191
"2451",4.75541060877694,2.02937489803526,1.17729781397521
"2452",4.75520495235151,2.02896780540466,1.17690644954089
"2453",4.75445957613731,2.0274955254935,1.17549098124551
"2454",4.75428592336087,2.02715323426482,1.1751618823524
"2455",4.75425393738208,2.02709021505765,1.17510129133407
"2456",4.75367525241633,2.02595164071585,1.1740065524689
"2457",4.75312843566494,2.02487846474412,1.17297463366066
"2458",4.75305237700773,2.0247293991721,1.17283129412451
"2459",4.75268386771288,2.02400787576685,1.17213747051088
"2460",4.75210567885592,2.02287816648434,1.17105107833817
"2461",4.75183186156015,2.02234415917906,1.17053752418603
"2462",4.75175840127856,2.02220100312554,1.17039984872401
"2463",4.75093933606847,2.0206079371541,1.16886770141063
"2464",4.74973766986215,2.01828087183147,1.16662939093034
"2465",4.74889862228181,2.01666307910528,1.16507313911434
"2466",4.74889663755393,2.01665925909051,1.16506946425585
"2467",4.74889043415861,2.0166473195933,1.16505797844135
"2468",4.74885829747999,2.0165854720436,1.16499848088853
"2469",4.74810318958422,2.01513465457807,1.16360273386696
"2470",4.74738925265722,2.01376714109266,1.16228703098189
"2471",4.74637214381884,2.01182587659306,1.16041915177414
"2472",4.74622794928579,2.01155132103861,1.16015495977909
"2473",4.74586358991167,2.01085827743556,1.15948805927959
"2474",4.7453000783273,2.00978844878177,1.15845853910995
"2475",4.74516453668541,2.00953148657842,1.15821124997085
"2476",4.74419769535327,2.00770259264678,1.15645110621625
"2477",4.74392706193717,2.00719192484711,1.1559596047622
"2478",4.74371290521132,2.0067882148513,1.15557103744242
"2479",4.74349692776216,2.0063814202674,1.15517949289526
"2480",4.74335080404739,2.00610639298888,1.15491477117959
"2481",4.74275598350506,2.00498848619819,1.15383871417053
"2482",4.74204773617381,2.0036608078129,1.15256065648279
"2483",4.74204121091197,2.00364859266186,1.1525488974477
"2484",4.74200300150299,2.00357707170115,1.15248004694135
"2485",4.7417344181414,2.00307463348604,1.1519963615133
"2486",4.74125071664525,2.00217109513373,1.15112651435413
"2487",4.7412090397579,2.00209332325845,1.15105164051424
"2488",4.74119942099384,2.00207537577696,1.15103436177145
"2489",4.7401681392434,2.00015497599227,1.1491854237902
"2490",4.73969214670475,1.99927116174902,1.14833443545543
"2491",4.73954898960436,1.99900566332109,1.14807879025744
"2492",4.73937797748517,1.99868869406848,1.14777357977481
"2493",4.73925182532853,1.99845500380702,1.147548555596
"2494",4.73905136047174,1.9980838821623,1.14719119083081
"2495",4.7387181081052,1.99746754997263,1.1465976897445
"2496",4.73726712349981,1.99479294837314,1.14402194317777
"2497",4.73693018005911,1.99417390936247,1.14342573297835
"2498",4.73664962647363,1.99365905315093,1.14292984887484
"2499",4.73620497390816,1.99284412888886,1.14214492681325
"2500",4.73602826176187,1.99252062966151,1.14183332826803
"2501",4.73559906718976,1.99173578088384,1.14107733017711
"2502",4.73549425613565,1.9915443017654,1.14089288505535
"2503",4.734620219165,1.98995031744005,1.13935738449561
"2504",4.73425896773069,1.98929294726295,1.13872409635168
"2505",4.73386541684854,1.9885777549778,1.1380350797745
"2506",4.73372674704626,1.98832598872297,1.13779252195652
"2507",4.7333961491534,1.98772625443597,1.13721471038205
"2508",4.73307190177179,1.98713871223865,1.13664862778402
"2509",4.73234934642762,1.98583180306054,1.13538939074784
"2510",4.7316811477297,1.98462609994073,1.1342275924277
"2511",4.73157463833498,1.98443416795927,1.13404264281544
"2512",4.73149139889133,1.9842842173492,1.13389814603894
"2513",4.73103479589907,1.98346242960071,1.13310622750877
"2514",4.73082137249195,1.98307874857169,1.13273648046366
"2515",4.73053590624808,1.98256598425149,1.13224232653743
"2516",4.73045712230344,1.98242455646593,1.13210602946175
"2517",4.73015277335123,1.98187855994911,1.1315798312309
"2518",4.7299485720122,1.98151253786822,1.13122707310252
"2519",4.72953828600377,1.98077787020656,1.13051900829141
"2520",4.72951624232414,1.98073842661988,1.130480992226
"2521",4.7291639556358,1.98010845722665,1.12987381186071
"2522",4.72878425957912,1.97943029314805,1.12922015818679
"2523",4.72810186862744,1.97821361534177,1.1280473966211
"2524",4.72720611654112,1.97662061565845,1.1265117854766
"2525",4.72693194715047,1.97613395413059,1.12604263104572
"2526",4.72590118171055,1.97430811553632,1.12428237028938
"2527",4.7258299861796,1.97418222452212,1.12416099476169
"2528",4.72578761725022,1.97410731940079,1.12408877598136
"2529",4.72574149367522,1.97402578774483,1.12401016799973
"2530",4.72549111818956,1.97358341133168,1.12358364919291
"2531",4.72520073203871,1.97307077844105,1.12308938023777
"2532",4.72456665172889,1.97195302457032,1.12201162235106
"2533",4.72440296921954,1.97166484441098,1.12173374397202
"2534",4.72392462562795,1.97082350832954,1.12092246025072
"2535",4.7236268383822,1.97030037172286,1.12041799235423
"2536",4.72353098248209,1.97013207919838,1.12025570266279
"2537",4.72329463563578,1.96971734064631,1.11985575147003
"2538",4.72322623954515,1.96959737604384,1.11974006258117
"2539",4.72283511346932,1.96891183445756,1.11907894107706
"2540",4.72258806290231,1.96847924016894,1.11866174455792
"2541",4.72136961611732,1.96635041533388,1.11660855880408
"2542",4.72090042713816,1.96553273742721,1.11581987442425
"2543",4.72056164251035,1.96494303007075,1.11525105671645
"2544",4.72034375143153,1.96456406913331,1.11488551097318
"2545",4.72029531050593,1.96447985273809,1.11480427487447
"2546",4.72008415875597,1.96411289776173,1.11445030183593
"2547",4.71965810696479,1.96337316663915,1.11373672041561
"2548",4.7190715745548,1.96235630790888,1.11275576406804
"2549",4.71831322804106,1.96104414233598,1.11148985233984
"2550",4.71695232013408,1.95869651693411,1.10922477019294
"2551",4.71671794500481,1.95829312574785,1.10883553520075
"2552",4.71584393033353,1.95679117309556,1.10738622053921
"2553",4.71559987416465,1.95637243008458,1.10698213329358
"2554",4.71469606985928,1.95482418311518,1.10548799971086
"2555",4.71452364691394,1.95452925554687,1.10520336700404
"2556",4.71444951121309,1.95440249020585,1.10508102528146
"2557",4.71413073220663,1.95385770055079,1.1045552377483
"2558",4.71383005894874,1.95334428851287,1.10405972014276
"2559",4.71295218390958,1.9518476797289,1.10261520077321
"2560",4.71277517404739,1.95154634194427,1.10232433784558
"2561",4.71270095218936,1.95142003096439,1.10220241626963
"2562",4.71197242420599,1.95018155316608,1.10100693540524
"2563",4.71170535751051,1.94972815005675,1.10056925469265
"2564",4.71092170436881,1.94839958174279,1.09928669884028
"2565",4.71057110010775,1.94780607198425,1.09871371646924
"2566",4.71003406855673,1.94689803036424,1.09783704768247
"2567",4.70982698622505,1.94654822402761,1.09749931647932
"2568",4.70968895916522,1.94631517132151,1.09727430533797
"2569",4.7084385440423,1.94420767959279,1.09523941381261
"2570",4.70838490967532,1.94411743365535,1.09515227192078
"2571",4.70734705440411,1.94237354588633,1.09346828849291
"2572",4.70695828471718,1.94172148134285,1.09283858526269
"2573",4.70691147855471,1.9416430186171,1.09276281188181
"2574",4.70668456322479,1.94126276341398,1.0923955858825
"2575",4.70542703859551,1.93915934427731,1.09036411326623
"2576",4.70530217954786,1.93895085293293,1.09016274170398
"2577",4.70502706843007,1.93849169354648,1.08971925483953
"2578",4.70437515440603,1.93740487945385,1.08866949692436
"2579",4.70433168665321,1.9373324748881,1.08859955907465
"2580",4.70419502847194,1.93710489181834,1.08837972779709
"2581",4.70215700397979,1.93371967778536,1.08510952892815
"2582",4.70164248273737,1.93286761224833,1.08428632781443
"2583",4.70160961783988,1.93281322146905,1.08423377841083
"2584",4.70124426614593,1.93220885026134,1.0836498585964
"2585",4.70117115487026,1.93208796958593,1.08353306636575
"2586",4.70026344563129,1.93058887095472,1.08208461379277
"2587",4.70023412998489,1.93054050743975,1.08203788246371
"2588",4.70014093816196,1.93038678555397,1.08188934770641
"2589",4.70013532870784,1.93037753367923,1.08188040798809
"2590",4.70002519342518,1.93019590745151,1.08170490898797
"2591",4.69999219341679,1.93014149533263,1.08165233218361
"2592",4.69995552353659,1.93008103691272,1.08159391285798
"2593",4.69972941636699,1.92970835998482,1.08123380153978
"2594",4.69872514057639,1.92805536945358,1.07963646764495
"2595",4.69858533753141,1.92782555416501,1.07941438030807
"2596",4.69838658727105,1.9274989611888,1.07909876542201
"2597",4.69803802549146,1.92692653955977,1.07854557332681
"2598",4.69791892982563,1.92673105685528,1.07835665408416
"2599",4.69763330249855,1.92626243870296,1.07790376295987
"2600",4.69740630131347,1.92589021525542,1.07754402432233
"2601",4.69694106555094,1.92512792365068,1.07680728109524
"2602",4.69680430769474,1.92490399142223,1.07659084896501
"2603",4.69670455538269,1.92474069517387,1.07643302050971
"2604",4.69661952671391,1.92460152955085,1.07629851373362
"2605",4.69583110863131,1.92331234353024,1.07505244391253
"2606",4.69578798952961,1.92324189980124,1.07498435396561
"2607",4.69553852941626,1.92283448336719,1.07459054639134
"2608",4.69489305553386,1.92178129887851,1.07357250645681
"2609",4.69446591238397,1.9210851390007,1.07289954982773
"2610",4.69382744419384,1.92004571703372,1.07189473160217
"2611",4.69359902337616,1.91967418360127,1.07153555525857
"2612",4.69259622134583,1.91804515719802,1.06996063697196
"2613",4.6919949347212,1.91706997649884,1.06901779037108
"2614",4.6913143955369,1.91596768556867,1.06795199738959
"2615",4.69004734047511,1.91391936587387,1.06597135729619
"2616",4.6890892048376,1.91237381926635,1.06447675612216
"2617",4.6885623206294,1.91152513382464,1.06365600136018
"2618",4.68807253536594,1.91073697347103,1.06289375175225
"2619",4.68745392026322,1.9097425478894,1.06193197950005
"2620",4.6867438938736,1.90860260457563,1.06082941530285
"2621",4.68619171027668,1.90771711959789,1.05997292712322
"2622",4.68595306392385,1.90733470481698,1.05960302481241
"2623",4.6858976276951,1.90724589604644,1.05951712093676
"2624",4.68508356970661,1.90594281470351,1.05825662408374
"2625",4.68462599364578,1.90521120961331,1.05754889604154
"2626",4.68445130968112,1.90493207204221,1.057278862562
"2627",4.68418932788307,1.90451360066985,1.05687403347733
"2628",4.68415892552691,1.90446505081964,1.05682706588629
"2629",4.68404109868875,1.90427691685335,1.05664506233989
"2630",4.68399531999272,1.90420383276728,1.0565743593241
"2631",4.68380536065999,1.90390063319585,1.05628103554582
"2632",4.68334100053092,1.90315988616034,1.05556439975026
"2633",4.68216351204435,1.90128427501672,1.05374973639986
"2634",4.68186198822742,1.90080460049938,1.05328562520067
"2635",4.68107692380978,1.89955686408415,1.05207832739205
"2636",4.68036057048154,1.89841979494909,1.05097805386786
"2637",4.68005293692422,1.89793191136213,1.05050594181243
"2638",4.68002994840223,1.89789546346764,1.05047067175342
"2639",4.67999146991798,1.89783445966896,1.05041163920627
"2640",4.67939720518535,1.8968928122082,1.04950040029795
"2641",4.67938953284906,1.89688066105843,1.04948864130587
"2642",4.6791401210036,1.89648573676058,1.04910645921546
"2643",4.67879074624189,1.89593280384692,1.04857135589399
"2644",4.67876140401886,1.89588638035265,1.04852642877783
"2645",4.6764121746391,1.89217677638766,1.04493611331769
"2646",4.67633099691293,1.89204884173005,1.04481228265817
"2647",4.6754894455634,1.89072354091063,1.04352945719132
"2648",4.67470046272731,1.8894826167019,1.04232824019038
"2649",4.67422060393302,1.88872863106341,1.04159835059929
"2650",4.67319709698847,1.88712228447003,1.04004326459972
"2651",4.67318933736297,1.88711011566094,1.04003148372258
"2652",4.67252550095868,1.88606960095761,1.03902411816146
"2653",4.67205530666552,1.88533323291558,1.03831118384589
"2654",4.67182606457276,1.88497440549559,1.03796376780723
"2655",4.67086062956466,1.88346456472496,1.03650188753437
"2656",4.67050616111338,1.88291074839813,1.03596564102158
"2657",4.67028382707303,1.88256352249078,1.03562942476303
"2658",4.66847968686264,1.87975003059043,1.0329049695275
"2659",4.66843666564096,1.87968302829356,1.0328400838937
"2660",4.6664645386663,1.87661587536472,1.02986964196985
"2661",4.66624253142209,1.87627111631696,1.02953573130919
"2662",4.66421813073431,1.87313209734068,1.02649528166411
"2663",4.66388714140732,1.87261966228448,1.02599890292923
"2664",4.66322516197203,1.87159544787431,1.02500675156526
"2665",4.66298046402072,1.87121707124135,1.02464021025398
"2666",4.66257809727676,1.87059514721294,1.0240377281111
"2667",4.66196210223898,1.86964363726767,1.02311593583658
"2668",4.66168549102294,1.86921660260755,1.02270222765342
"2669",4.66030058172371,1.86708076110819,1.02063294031791
"2670",4.65945667407107,1.86578102919758,1.0193736285938
"2671",4.65900846504777,1.86509126018726,1.01870528612327
"2672",4.65889322422643,1.86491397017021,1.01853350059579
"2673",4.65886544517063,1.86487123762991,1.01849209464589
"2674",4.65855186325623,1.86438895138123,1.018024776018
"2675",4.65829391711656,1.86399236555893,1.01764049195779
"2676",4.65801964913428,1.86357081634541,1.01723201275926
"2677",4.65782890907875,1.86327772859069,1.01694800841643
"2678",4.65718478902078,1.86228846212558,1.01598937912816
"2679",4.65717285547347,1.86227014098927,1.0159716250663
"2680",4.65694751381727,1.861924229102,1.01563641761461
"2681",4.65683211046698,1.86174711297487,1.01546478082592
"2682",4.65658787249881,1.86137234350002,1.01510160176804
"2683",4.65595876391308,1.86040748705104,1.01416656274643
"2684",4.65549243584769,1.8596927232062,1.01347386678785
"2685",4.65393991182282,1.85731573329681,1.01117013850866
"2686",4.65287230073611,1.85568347509784,1.00958807679933
"2687",4.65239751831688,1.85495817671047,1.00888505444287
"2688",4.6522561251984,1.85474224788038,1.00867575399691
"2689",4.65124463947288,1.85319847450518,1.00717932444113
"2690",4.65073321911013,1.85241852944901,1.00642326820502
"2691",4.65059681802242,1.85221057809883,1.00622168275616
"2692",4.65052058387573,1.85209436714941,1.00610902868529
"2693",4.65019951947096,1.85160503553268,1.00563466918361
"2694",4.6494618692371,1.85048138002903,1.00454536437507
"2695",4.64903443510111,1.8498306466551,1.00391450528594
"2696",4.64865649004261,1.84925548174251,1.00335689517318
"2697",4.64857203214057,1.84912698062453,1.00323231460694
"2698",4.64823411552238,1.84861295120493,1.00273396278502
"2699",4.64751773184767,1.84752375598527,1.00167795908441
"2700",4.64640773735189,1.84583755893896,1.00004307088466
"2701",4.64622816285989,1.8455649294559,0.999778728622204
"2702",4.6460989252554,1.84536874905878,0.99958851012776
"2703",4.64594159901694,1.84512996186811,0.999356978002198
"2704",4.64566060109374,1.84470355284206,0.998943520041936
"2705",4.6455663226676,1.84456051144117,0.998804821859031
"2706",4.64299309683835,1.84066096820001,0.995023433844924
"2707",4.64275292473808,1.84029744834643,0.994670904384451
"2708",4.64265579773409,1.84015045983396,0.99452835865482
"2709",4.64192667900398,1.8390474215299,0.993458638845777
"2710",4.64190219393139,1.83901039126338,0.993422726470524
"2711",4.64156578985147,1.83850170302897,0.992929390559626
"2712",4.64077514598961,1.83730669686046,0.991770418855914
"2713",4.6395692548473,1.83548553982102,0.990004094089266
"2714",4.63913597051533,1.83483161105798,0.989369829772307
"2715",4.63837845050705,1.83368886230944,0.988261414222068
"2716",4.63755237997653,1.83244345592266,0.987053381169829
"2717",4.63743857610826,1.83227194284439,0.986887011429977
"2718",4.63513194901936,1.82879872216078,0.983517760737217
"2719",4.63489529641704,1.82844270536521,0.983172381454442
"2720",4.63480959901793,1.82831379797358,0.983047324819688
"2721",4.63465025606202,1.82807413224212,0.982814817180728
"2722",4.63434964635397,1.82762206113086,0.98237624358955
"2723",4.63423385375619,1.827447951773,0.982207331068292
"2724",4.63337344094816,1.82615463928575,0.980952594493728
"2725",4.63308180043252,1.82571643602477,0.980527450853744
"2726",4.63150704645935,1.82335174911091,0.97823314469697
"2727",4.63107731872718,1.82270687673456,0.977607438729778
"2728",4.63097085399486,1.82254713713171,0.97745244500521
"2729",4.63081528056469,1.82231373406913,0.977225975100152
"2730",4.63067994710413,1.8221107150078,0.977028985426421
"2731",4.63037697715529,1.82165627975357,0.976588042157658
"2732",4.6286712132028,1.81909930849919,0.974106880883971
"2733",4.62838397898732,1.81866899447374,0.973689307499977
"2734",4.62764917678171,1.81756849131459,0.972621365118476
"2735",4.62729598969311,1.81703969210448,0.972108200039882
"2736",4.62694829191334,1.81651921418791,0.971603102951957
"2737",4.62445876691286,1.81279545164765,0.967989174212559
"2738",4.62419117820381,1.81239548974774,0.967600987820422
"2739",4.62310399147284,1.81077103743917,0.966024319600923
"2740",4.6228895392699,1.81045071034519,0.965713407113768
"2741",4.62033237297237,1.80663357846967,0.962008264070455
"2742",4.61977476331972,1.80580181505309,0.961200855328064
"2743",4.61761742080566,1.80258567016951,0.958078723885711
"2744",4.61655418712548,1.80100165791631,0.956540924493288
"2745",4.61617771808164,1.8004409500611,0.955996560964192
"2746",4.61536187434553,1.79922611893928,0.954817116519926
"2747",4.61500998754564,1.7987022562584,0.954308502903966
"2748",4.61423933712309,1.79755520321191,0.953194817477785
"2749",4.61417285310481,1.79745626170988,0.953098752774916
"2750",4.61253090637084,1.79501343539674,0.950726884031296
"2751",4.61238571158201,1.79479748473334,0.950517199792962
"2752",4.61119467692089,1.79302641761348,0.948797486814423
"2753",4.60996134008159,1.7911931304399,0.947017286704542
"2754",4.60971446335303,1.79082624168574,0.946661013479788
"2755",4.60960003746158,1.79065619973002,0.946495890541563
"2756",4.6093728793836,1.79031864907579,0.946168102838619
"2757",4.60910958448513,1.78992742700044,0.945788193061474
"2758",4.6090154951565,1.78978762939178,0.945652436965189
"2759",4.60822853376413,1.78861850481945,0.944517095589669
"2760",4.60775866614095,1.7879205770169,0.943839321778689
"2761",4.60668113385032,1.7863203558646,0.94228527261053
"2762",4.60642731329022,1.78594347360135,0.941919257207314
"2763",4.60638587644522,1.78588194878747,0.941859506103339
"2764",4.60637737782519,1.78586933023688,0.941847251325865
"2765",4.60548268129209,1.78454104516929,0.940557240939573
"2766",4.60533280638621,1.78431856414664,0.94034116732273
"2767",4.60477883821821,1.78349629242009,0.939542568431221
"2768",4.60450831441792,1.78309478125039,0.939152611801645
"2769",4.60436236345785,1.78287817043362,0.938942233233677
"2770",4.60320017715936,1.78115355791152,0.937267208495494
"2771",4.60268321159686,1.78038653746287,0.936522224022919
"2772",4.60262068923529,1.7802937781658,0.936432128887006
"2773",4.60249385823388,1.78010561264845,0.936249367219513
"2774",4.60224552134673,1.77973719430409,0.935891527416866
"2775",4.60200938671351,1.77938689348406,0.935551282578005
"2776",4.60121799008288,1.77821297565843,0.934411047520045
"2777",4.60096136101968,1.77783233776152,0.934041325689319
"2778",4.59958439912429,1.77579025147804,0.93205775832578
"2779",4.59896252827685,1.77486812399183,0.931162031343497
"2780",4.59879568852914,1.7746207421338,0.930921729479227
"2781",4.59837826974902,1.77400183653369,0.930320532084206
"2782",4.59784782316392,1.77321538964805,0.929556577523748
"2783",4.5971086244833,1.77211952207622,0.928492033971801
"2784",4.59695407950638,1.7718904187508,0.928269476698115
"2785",4.59675775421441,1.77159938380409,0.927986756064051
"2786",4.59662407867904,1.77140122479152,0.927794257259215
"2787",4.59615616856523,1.77070762000576,0.927120459393119
"2788",4.59526628838049,1.76938858709004,0.925839071387921
"2789",4.59397865286893,1.76748013169419,0.923985032623641
"2790",4.59362762007219,1.76695987859557,0.923479603591255
"2791",4.59359817420872,1.76691623838867,0.923437206670987
"2792",4.5928038134857,1.76573898058793,0.922293477012615
"2793",4.59252359304322,1.76532369820259,0.921890016645729
"2794",4.59141069394349,1.76367443678251,0.92028767923857
"2795",4.5908960573415,1.76291178568666,0.919546712764787
"2796",4.59086275970094,1.76286244141232,0.919498771206046
"2797",4.59065353740302,1.76255239221538,0.919197534982931
"2798",4.59057536009448,1.76243654044709,0.919084975868423
"2799",4.58956942184327,1.76094583408452,0.917636619594064
"2800",4.58924711750823,1.76046820869204,0.917172556390535
"2801",4.58908404060382,1.76022654320345,0.916937751745752
"2802",4.58900851364973,1.76011461881426,0.91682900458699
"2803",4.58848120650275,1.75933319188396,0.916069755257947
"2804",4.58809405552963,1.75875946003286,0.915512300913357
"2805",4.58704061937495,1.75719830567567,0.913995415184428
"2806",4.5864181029316,1.75627572899144,0.913098983620856
"2807",4.58639716125505,1.75624469271646,0.913068826689119
"2808",4.58624923610855,1.75602546170238,0.912855806723575
"2809",4.5840540735748,1.75277190895512,0.909694355697081
"2810",4.58381506325981,1.75241762897861,0.909350096396369
"2811",4.5834966060445,1.75194557517555,0.908891391981935
"2812",4.58233311229281,1.75022079075629,0.907215359694126
"2813",4.58177436069064,1.7493924130636,0.906410383623509
"2814",4.58119996072185,1.74854078056838,0.905582801075331
"2815",4.58115822242954,1.7484788951171,0.905522662920791
"2816",4.57959178355001,1.74615608962489,0.903265407979937
"2817",4.57920877585708,1.74558806654415,0.902713405318152
"2818",4.57904964261541,1.74535205296595,0.902484047154751
"2819",4.57877846549569,1.74494985169152,0.902093186234795
"2820",4.57804342562542,1.74385957690746,0.901033643536368
"2821",4.57712938578453,1.74250360644373,0.899715876441719
"2822",4.57697138538061,1.74226919204228,0.899488064487842
"2823",4.57674915554207,1.74193947342568,0.899167631650921
"2824",4.57589884158673,1.74067775251944,0.897941433900596
"2825",4.57556530374482,1.74018278453402,0.897460397119948
"2826",4.57475184064144,1.73897547878401,0.896287061775229
"2827",4.57468037498906,1.73886940360367,0.896183970605967
"2828",4.57445405822003,1.7385334759671,0.89585749228676
"2829",4.57414793272405,1.73807906256776,0.895415859430372
"2830",4.57368231765749,1.73738784979762,0.894744083669887
"2831",4.57335940901857,1.73690844921891,0.894278161407668
"2832",4.57324198682284,1.73673411271946,0.894108725868239
"2833",4.57307441737733,1.73648531552763,0.893866922424642
"2834",4.57285197419205,1.73615503196897,0.893545922394931
"2835",4.57266146444386,1.73587215123635,0.893270992068611
"2836",4.57253744445963,1.73568799270045,0.893092008975587
"2837",4.57218529764098,1.73516506060677,0.892583771412148
"2838",4.57192095800004,1.73477249555054,0.892202236071629
"2839",4.5709000548876,1.73325616916148,0.890728501776072
"2840",4.57072570232165,1.73299717385116,0.890476779627571
"2841",4.57041115635806,1.73252990092084,0.890022627500993
"2842",4.56987013326618,1.73172611051694,0.889241403462476
"2843",4.56985755127842,1.73170741649815,0.889223234222664
"2844",4.5690692531126,1.73053607763738,0.888084772436544
"2845",4.56816466994188,1.72919169370808,0.886778111481149
"2846",4.56801217303744,1.7289650267104,0.88655780356888
"2847",4.56789473892998,1.72879047060807,0.886388144381163
"2848",4.56763488339904,1.7284041999438,0.88601270932334
"2849",4.5669552645255,1.72739384763425,0.88503069516231
"2850",4.56685041241291,1.72723795532125,0.884879174771181
"2851",4.56651220197609,1.72673508341858,0.884390404755466
"2852",4.56585641575885,1.72575990440901,0.88344256859872
"2853",4.56560477180256,1.72538565923984,0.883078815536287
"2854",4.56502599264884,1.72452481086521,0.882242098810937
"2855",4.56462354304471,1.72392615415281,0.881660221866313
"2856",4.56451851525638,1.72376991208514,0.881508358850472
"2857",4.56354988217766,1.72232875386413,0.880107587648087
"2858",4.56268995229601,1.72104902895282,0.878863718990805
"2859",4.56252639143142,1.72080558979301,0.87862710002578
"2860",4.56243412660726,1.72066826097674,0.878493618527351
"2861",4.56203151893537,1.72006897282018,0.877911118931202
"2862",4.5620231313198,1.72005648704214,0.877898982919732
"2863",4.56158296152056,1.71940121283622,0.877262064374461
"2864",4.56105869859655,1.7186206503286,0.876503365512123
"2865",4.56081970661557,1.71826478447038,0.876157466954827
"2866",4.56021582603529,1.71736548651612,0.875283355680531
"2867",4.56016969679308,1.71729678484515,0.875216578063565
"2868",4.55967887694644,1.71656573819585,0.874506004431982
"2869",4.55899971862689,1.71555400900511,0.873522607096111
"2870",4.55877880372739,1.71522487494626,0.873202689534166
"2871",4.55814009374077,1.71427316598111,0.872277629686746
"2872",4.55768705461479,1.71359801083696,0.871621379107943
"2873",4.55614841885958,1.71130435231693,0.869391941042305
"2874",4.55588427608184,1.71091048812751,0.86900910447901
"2875",4.55587722318502,1.71089997110622,0.868998881918774
"2876",4.55580863017831,1.71079768657825,0.868899461205864
"2877",4.5555362847363,1.71039154984719,0.868504695697928
"2878",4.55527197433779,1.70999736379982,0.868121546283473
"2879",4.55468520478597,1.70912215796941,0.867270845077328
"2880",4.55460358046477,1.70900039754479,0.867152493810739
"2881",4.55360342795766,1.70750820579942,0.865702082609033
"2882",4.55300816393691,1.70661987434433,0.864838624947641
"2883",4.55220753349148,1.70542480677849,0.863677021630936
"2884",4.55183179968554,1.70486386023328,0.863131783496774
"2885",4.55158736129293,1.70449889323272,0.862777037127344
"2886",4.55131893449106,1.70409807656274,0.862387445339211
"2887",4.55085807178394,1.70340983239368,0.861718476276373
"2888",4.55084968940613,1.70339731334849,0.861706307852115
"2889",4.55050164884131,1.70287748612171,0.861201039761258
"2890",4.55042620998549,1.70276480420029,0.861091513883427
"2891",4.5501286505,1.70232031677867,0.860659476177932
"2892",4.54950841123844,1.70139367780493,0.859758793329827
"2893",4.54940096299688,1.70123313052409,0.859602743401348
"2894",4.54930457859341,1.7010891097529,0.859462757098519
"2895",4.54910611284571,1.70079254107411,0.859174496432087
"2896",4.54855297765794,1.69996588343865,0.858370998123116
"2897",4.54833945147225,1.69964672847505,0.858060785108637
"2898",4.54830575259958,1.69959635707844,0.858011825029569
"2899",4.54809205445464,1.69927691833474,0.857701336609027
"2900",4.54783663789586,1.69889508791585,0.857330205155267
"2901",4.54626132456101,1.69653936016324,0.855040498371063
"2902",4.54625276880006,1.69652656233755,0.855028059279277
"2903",4.54579765449987,1.69584574067712,0.85436632272731
"2904",4.54569560831703,1.69569307119577,0.854217933249835
"2905",4.54556993782907,1.69550505024941,0.854035183521632
"2906",4.54552403622921,1.69543637283549,0.853968431540841
"2907",4.54389467671582,1.69299782659206,0.851598267850117
"2908",4.54385261759023,1.69293486130317,0.8515370686779
"2909",4.54375628964047,1.69279064853346,0.851396901023223
"2910",4.54349662791305,1.69240188442654,0.85101904219098
"2911",4.54347167682874,1.69236452595883,0.850982731716032
"2912",4.54262573343396,1.69109773139911,0.84975147854334
"2913",4.5420769888135,1.69027579327425,0.848952606014785
"2914",4.5419054830269,1.69001887144127,0.848702894900536
"2915",4.54160382122743,1.68956693486399,0.848263643306934
"2916",4.54014694634975,1.68738366020964,0.846141667952542
"2917",4.53961507888052,1.68658633750799,0.845366739702098
"2918",4.53941652898947,1.68628865519967,0.845077419586365
"2919",4.53936121670168,1.68620572298838,0.844996817138557
"2920",4.53866497523422,1.68516168728231,0.843982115244271
"2921",4.53807457570615,1.68427617788482,0.8431214920947
"2922",4.53804545165701,1.68423249182625,0.843079033941182
"2923",4.53761431603736,1.68358574020768,0.842450462642892
"2924",4.53753879655557,1.68347244322759,0.842340350806775
"2925",4.53728364971646,1.68308964249041,0.84196831259955
"2926",4.53702815425251,1.6827062870992,0.841595736526878
"2927",4.53552146226153,1.6804449491513,0.839398008752043
"2928",4.53547542721117,1.68037583979,0.839330844093029
"2929",4.53424945530849,1.67853500127582,0.837541821629185
"2930",4.53419638525485,1.67845529883259,0.837464363356364
"2931",4.53275975818976,1.67629722495131,0.835367076997088
"2932",4.53262573473642,1.67609584883241,0.835171375444374
"2933",4.53090631166867,1.67351161359494,0.832659997687973
"2934",4.53083937218479,1.6734109787406,0.832562201439219
"2935",4.53063018795427,1.67309648434942,0.83225657867988
"2936",4.53043756375158,1.6728068695088,0.831975134574441
"2937",4.5302325678255,1.67249863529197,0.831675597382664
"2938",4.53019509266776,1.67244228519015,0.831620837346104
"2939",4.52985337372499,1.67192842537734,0.831121479026467
"2940",4.52950882503783,1.67141025789026,0.830617937537184
"2941",4.52946699104865,1.67134734009255,0.830556795884427
"2942",4.5284979739972,1.6698897351582,0.829140351045547
"2943",4.52742559818695,1.66827617983308,0.827572388121118
"2944",4.52728355415919,1.66806241536727,0.827364666060017
"2945",4.52712860848529,1.6678292251171,0.827138067940444
"2946",4.5271160597096,1.66781033900118,0.827119715750839
"2947",4.52695310311772,1.66756508050023,0.826881391303746
"2948",4.52683580548301,1.66738853417562,0.826709836823101
"2949",4.52638974838926,1.6667171137952,0.826057404310443
"2950",4.52608708262745,1.6662614828322,0.825614661815944
"2951",4.52598687378668,1.66611062059019,0.825468067593415
"2952",4.52549732215309,1.66537355036071,0.824751853796047
"2953",4.5251668946766,1.66487600102293,0.824268387192907
"2954",4.52333647772393,1.66211898518833,0.821589464676402
"2955",4.52277872303686,1.66127860945933,0.820772912976695
"2956",4.52266161914401,1.66110215160312,0.820601458793147
"2957",4.52256782183438,1.66096080925081,0.820464124679978
"2958",4.52215574395031,1.66033981071355,0.81986073991982
"2959",4.52137768092482,1.659167089856,0.818721296387156
"2960",4.5203281498272,1.65758482418295,0.817183960423695
"2961",4.5201106829939,1.65725691870866,0.81686537063533
"2962",4.52005017026215,1.65716567183551,0.816776716336395
"2963",4.51889922955303,1.6554299038418,0.81509028984379
"2964",4.51880589704983,1.65528912398765,0.814953513828102
"2965",4.51829702721038,1.6545215020948,0.814207728742074
"2966",4.51765150316762,1.65354759840235,0.813261543090546
"2967",4.51690729905676,1.65242462178872,0.812170545665575
"2968",4.51657692859453,1.6519260388803,0.811686167395576
"2969",4.51626328605848,1.651452663829,0.811226282499098
"2970",4.51599146267684,1.65104237641682,0.810827690309471
"2971",4.51572782631604,1.65064442056717,0.810441080786227
"2972",4.51566509785709,1.65054972899235,0.810349089393129
"2973",4.51550636258256,1.65031010419023,0.810116298279083
"2974",4.51539745640026,1.65014569547071,0.809956578759883
"2975",4.51484544547726,1.64931229375499,0.809146953873393
"2976",4.51466144162438,1.64903446846294,0.808877057465413
"2977",4.51433675852632,1.64854420361122,0.808400787490437
"2978",4.51405506413094,1.64811882034536,0.807987550307592
"2979",4.51381251249952,1.64775252350255,0.80763171489945
"2980",4.51370947017841,1.64759690465208,0.807480541214812
"2981",4.51287157474656,1.64633134100345,0.806251143162491
"2982",4.5128297550853,1.64626816983015,0.806189777938416
"2983",4.5123906473943,1.64560483393217,0.805545409825965
"2984",4.51231537154761,1.6454911121328,0.80543494062538
"2985",4.5118762608899,1.64482769369993,0.804790501424658
"2986",4.51167552364813,1.64452439323217,0.804495880454505
"2987",4.51134531904852,1.64402544636199,0.804011215443136
"2988",4.51096875602575,1.64345640561632,0.803458468396095
"2989",4.5106509167866,1.64297606763779,0.802991888803326
"2990",4.51058400301843,1.64287493914689,0.802893657484295
"2991",4.50975606729386,1.64162353440292,0.801678118975482
"2992",4.50914951719871,1.64070660345558,0.800787486244079
"2993",4.50812218014344,1.63915328476451,0.799278753362426
"2994",4.50812067406635,1.63915100734293,0.799276541344017
"2995",4.50806362732712,1.63906474329955,0.79919275470959
"2996",4.50802465695578,1.63900581308163,0.799135516983126
"2997",4.50786973280789,1.63877153495973,0.798907968034273
"2998",4.50718817769628,1.63774078626246,0.797906837792858
"2999",4.5052012842295,1.63473505490281,0.794987590911522
"3000",4.50516381689558,1.63467836296169,0.79493253184084
"3001",4.50494195660872,1.63434265633344,0.794606495678559
"3002",4.50491000103884,1.63429430165954,0.794559534103293
"3003",4.50451531611575,1.63369704391622,0.793979487093895
"3004",4.50384188102107,1.63267785364874,0.792989682083471
"3005",4.50381410715314,1.63263581706185,0.792948857928947
"3006",4.50378900986896,1.63259783135764,0.792911967850004
"3007",4.50357149914996,1.63226861227881,0.79259224565098
"3008",4.5035616270358,1.63225366972991,0.792577734195473
"3009",4.50276285550504,1.63104453923171,0.79140350172396
"3010",4.50041588756853,1.62749071101867,0.787952412455543
"3011",4.50034058573961,1.62737665971621,0.787841662501811
"3012",4.49960010470791,1.62625504489283,0.786752528182843
"3013",4.49923613059222,1.62570366925956,0.786217129054845
"3014",4.49855418586728,1.62467050186965,0.785213915183554
"3015",4.49844959121249,1.6245120255869,0.785060035373738
"3016",4.49837864346632,1.62440452748693,0.784955655461283
"3017",4.49834917986016,1.62435988459559,0.784912307592168
"3018",4.49805631068737,1.62391611900028,0.784481417196353
"3019",4.49790987456388,1.62369422445304,0.784265962115815
"3020",4.4977341498498,1.62342794065671,0.784007407325236
"3021",4.49768812646274,1.62335819779848,0.783939689027393
"3022",4.49763791901365,1.62328211379799,0.783865813778939
"3023",4.49740361595164,1.62292704295422,0.783521052387617
"3024",4.49712346243243,1.62250246784012,0.783108808219702
"3025",4.49692681037753,1.62220442635272,0.782819425004126
"3026",4.49644127105024,1.62146850596395,0.782104891469712
"3027",4.4959935553086,1.62078985390282,0.78144597203918
"3028",4.4935010451485,1.61701064437464,0.777776826227743
"3029",4.49271276122334,1.6158150670904,0.776616132085392
"3030",4.4921142837203,1.61490725230013,0.775734825156195
"3031",4.4919930884635,1.61472340251982,0.775556345909337
"3032",4.49180697011731,1.61444105848601,0.775282251014915
"3033",4.49177527624479,1.61439297751986,0.775235574986002
"3034",4.49164152237885,1.61419006416542,0.775038591365468
"3035",4.49110561075976,1.61337700281565,0.774249299156959
"3036",4.49072891141137,1.612805445106,0.773694459147769
"3037",4.49033964579048,1.61221478105828,0.773121079231124
"3038",4.49016816055964,1.61195455993417,0.772868475202557
"3039",4.49015547366149,1.61193530782702,0.772849786695583
"3040",4.48968816911656,1.61122615312411,0.772161398044157
"3041",4.48910062617335,1.61033444991953,0.771295822341203
"3042",4.48836822567693,1.60922277282314,0.770216743085884
"3043",4.4875977552398,1.60805316133762,0.769081458336912
"3044",4.4866559394786,1.60662323305607,0.767693538980377
"3045",4.48635431100143,1.60616523280179,0.767249003885605
"3046",4.48572207828302,1.60520516058611,0.766317173315332
"3047",4.48540398667197,1.60472208721679,0.765848318140947
"3048",4.48519030940828,1.6043975697443,0.765533355149216
"3049",4.48494058032367,1.6040182850678,0.765165240506173
"3050",4.48488195766978,1.60392924765481,0.765078825751841
"3051",4.48390912633935,1.60245156629034,0.763644697450202
"3052",4.48366187466324,1.60207596676478,0.763280176442063
"3053",4.48342886667941,1.60172199125096,0.76293664466042
"3054",4.48331865175101,1.60155455299534,0.762774147546322
"3055",4.4823259106466,1.60004625171108,0.761310386361084
"3056",4.48227146384343,1.59996352225064,0.761230101455235
"3057",4.48202453309885,1.59958831330529,0.760865981514183
"3058",4.48150935947609,1.59880546547338,0.760106280908003
"3059",4.48127480138745,1.59844901489745,0.759760374693916
"3060",4.48115734345459,1.59827051292168,0.759587154224569
"3061",4.48015203024378,1.59674259741341,0.758104477851037
"3062",4.47812437402424,1.59366018070565,0.755113498353687
"3063",4.47779337776189,1.59315691675718,0.754625185297524
"3064",4.4777640484844,1.59311232182422,0.754581915484119
"3065",4.47723191750586,1.59230318791161,0.753796833138351
"3066",4.47669137893357,1.59148120613927,0.752999301371208
"3067",4.47612165551827,1.59061477496013,0.752158660470186
"3068",4.47605041572187,1.5905064290641,0.752053540920924
"3069",4.4755808815299,1.58979230508313,0.751360689589503
"3070",4.47493279822164,1.5888065448182,0.750404314534684
"3071",4.4739730001542,1.58734649119318,0.748987829507505
"3072",4.47392119310368,1.58726767635107,0.748911368062093
"3073",4.47337628458135,1.58643866545492,0.748107120789047
"3074",4.47282296026878,1.58559679001626,0.747290411021309
"3075",4.47278523238185,1.58553938536377,0.747234722982957
"3076",4.47217888160535,1.58461675850113,0.746339697529762
"3077",4.47215641048268,1.58458256498132,0.746306527359907
"3078",4.47198452453419,1.58432100907117,0.746052800318757
"3079",4.47126777350094,1.58323028363871,0.744994740981479
"3080",4.47118944346625,1.58311107835505,0.744879107590062
"3081",4.47090852175545,1.58268355353632,0.744464396159576
"3082",4.47037269870458,1.58186806646098,0.743673362892063
"3083",4.46903673169838,1.57983461371443,0.741700959676897
"3084",4.46852924053057,1.57906209991532,0.740951665995926
"3085",4.46809721438118,1.57840443207894,0.740313778065731
"3086",4.46731715707005,1.57721689792291,0.739161987486737
"3087",4.46645693387459,1.57590723391636,0.737891784055478
"3088",4.4664193504679,1.57585001232333,0.737836287546676
"3089",4.4657100652761,1.57477008008171,0.736788927871963
"3090",4.46566810361549,1.57470618906305,0.736726964828527
"3091",4.46541213104344,1.57431644009586,0.736348979138033
"3092",4.4641908599851,1.57245682069936,0.734545538490462
"3093",4.46368716565846,1.57168981087205,0.733801725064091
"3094",4.46356980780245,1.57151109907116,0.733628420090429
"3095",4.46288955374216,1.57047519191469,0.732623869441495
"3096",4.46244889405596,1.56980412734005,0.731973132023146
"3097",4.4622948769238,1.56956957726726,0.731745689334292
"3098",4.46192626565297,1.5690082195112,0.731201347524604
"3099",4.46120157075603,1.56790456005007,0.730131165223203
"3100",4.46074798548561,1.56721376819901,0.729461342507853
"3101",4.4606473605999,1.56706051936325,0.729312747183457
"3102",4.45963904054562,1.56552485533422,0.727823746960169
"3103",4.45943318475287,1.5652113343943,0.727519760103524
"3104",4.45942071115481,1.56519233691131,0.727501340407124
"3105",4.45937856840665,1.56512815282282,0.727439108470189
"3106",4.45904263112265,1.56461651331342,0.726943034076676
"3107",4.45830711472617,1.56349629846099,0.72585692114127
"3108",4.4582314729974,1.56338109322615,0.725745224785363
"3109",4.45797512190877,1.56299066027652,0.72536668594916
"3110",4.45775237842714,1.56265141258182,0.725037776135551
"3111",4.45712191003461,1.5616911815372,0.724106821643492
"3112",4.45706306157063,1.56160155273174,0.724019926703346
"3113",4.45683758074155,1.56125813559055,0.72368698634306
"3114",4.4566596373411,1.56098712021173,0.723424241014901
"3115",4.45623086564988,1.56033408377507,0.722791139497441
"3116",4.45598834369372,1.55996471411635,0.722433050078116
"3117",4.45598682960939,1.55996240811422,0.722430814509962
"3118",4.45463706456708,1.55790668936106,0.720437937467505
"3119",4.45411974049497,1.55711880863627,0.719674169329898
"3120",4.45402432549603,1.55697349338521,0.719533303034239
"3121",4.45153585198671,1.55318375510573,0.715859774913201
"3122",4.45149796648122,1.5531260615273,0.715803853210731
"3123",4.45130252407579,1.55282843556968,0.715515369195748
"3124",4.45099699805726,1.5523631764104,0.715064405404798
"3125",4.44992746512879,1.55073453619447,0.713485848087054
"3126",4.44840276977509,1.5484129756522,0.711235791354819
"3127",4.44781930116796,1.5475246281814,0.710374839879453
"3128",4.44769467765072,1.54733489037992,0.710190955962856
"3129",4.4474502430104,1.54696274690644,0.709830296607344
"3130",4.44730290860258,1.54673843871585,0.709612912068472
"3131",4.44707242897069,1.54638755202106,0.709272858557537
"3132",4.44690651998386,1.54613497303827,0.70902807949891
"3133",4.44626591290382,1.54515974943182,0.708082986558037
"3134",4.44425820638642,1.54210370463048,0.705121512475239
"3135",4.44374165367068,1.54131752997672,0.704359703255945
"3136",4.44359172506919,1.54108935221927,0.704138600097628
"3137",4.44300222917768,1.54019222962989,0.703269304901269
"3138",4.44291781411,1.54006376770233,0.703144829275763
"3139",4.44208889525188,1.53880239546399,0.701922620041198
"3140",4.44181867229519,1.53839122225432,0.701524221286882
"3141",4.44167510586519,1.53817277611237,0.701312563571033
"3142",4.44153575499185,1.53796074797398,0.701107125523959
"3143",4.44140062028056,1.53775513845629,0.700907907644068
"3144",4.44105430782354,1.53722823497477,0.700397388334603
"3145",4.440995177011,1.53713827166167,0.700310223124259
"3146",4.44086424002167,1.53693906284251,0.700117210939619
"3147",4.44023498980369,1.5359817636393,0.699189703161627
"3148",4.43983764746834,1.53537731566283,0.698604077250833
"3149",4.43859930482771,1.53349373320779,0.696779205069661
"3150",4.43847067288552,1.53329809699523,0.69658967167041
"3151",4.43779174663384,1.53226558179923,0.695589380852214
"3152",4.43684029216461,1.53081878813699,0.694187784489332
"3153",4.43667530658977,1.53056793150608,0.693944769683012
"3154",4.43643639849276,1.53020468949565,0.693592885384233
"3155",4.43561304029478,1.52895294630813,0.692380305681543
"3156",4.43545220693148,1.52870845371399,0.692143466992271
"3157",4.43499927775135,1.52801996600241,0.691476540344035
"3158",4.43476219733832,1.52765960772995,0.691127471826518
"3159",4.43437265784684,1.52706754843485,0.690553968132905
"3160",4.43436571375195,1.52705699452758,0.690543745070351
"3161",4.4337206403748,1.52607664765223,0.689594141949815
"3162",4.43360203998634,1.52589641863766,0.689419567464537
"3163",4.43309350580834,1.52512368146975,0.688671083176316
"3164",4.43291555544356,1.52485329770039,0.688409189001632
"3165",4.43221209386757,1.52378453139603,0.687373997500291
"3166",4.43203831412358,1.52352053279098,0.687118296554241
"3167",4.43201306106521,1.52348217025828,0.687081139923101
"3168",4.43192404580403,1.52334694666942,0.686950167285364
"3169",4.4318660475963,1.5232588426503,0.686864833183328
"3170",4.43156353092953,1.52279931298305,0.686419753797116
"3171",4.43140242107557,1.52255459581795,0.686182734049901
"3172",4.43125843963923,1.52233590312935,0.685970921425035
"3173",4.43116515422071,1.52219421609016,0.685833692473834
"3174",4.4303888577578,1.52101524948387,0.684691840144361
"3175",4.42904802716308,1.51897942268987,0.682720181269834
"3176",4.42761019321084,1.51679705628905,0.680606713339591
"3177",4.42579240959734,1.5140391702803,0.677936060716705
"3178",4.42577025003315,1.51400555890322,0.677903513625091
"3179",4.425456537331,1.51352974542147,0.677442769457084
"3180",4.42504740796634,1.51290927530586,0.676841958289718
"3181",4.42470580304624,1.51239126596162,0.676340368700028
"3182",4.42439526998741,1.51192041854346,0.675884451768016
"3183",4.42430728146911,1.5117870132684,0.675755277730168
"3184",4.4239143034294,1.51119123536121,0.67517840149243
"3185",4.42334419052239,1.51032703513003,0.674341634251448
"3186",4.42280774028979,1.50951399915879,0.673554423711492
"3187",4.42212624160112,1.50848132534434,0.672554575139196
"3188",4.42195739479499,1.50822550638496,0.672306891819354
"3189",4.42160245075482,1.50768777744939,0.67178626911211
"3190",4.42110189897764,1.50692956224957,0.671052186209997
"3191",4.42061800207047,1.50619669341806,0.670342656263701
"3192",4.42032792533894,1.50575742450204,0.669917382542726
"3193",4.42027249862485,1.50567349559306,0.669836128160315
"3194",4.41984181714078,1.50502139739002,0.669204815937716
"3195",4.41983773278038,1.50501521368417,0.669198829390396
"3196",4.41978364628363,1.50493332774944,0.669119554358332
"3197",4.41949207823761,1.50449192533968,0.66869222871486
"3198",4.41924039403319,1.50411093836774,0.668323395617824
"3199",4.41836579758311,1.5027872781871,0.667041989051711
"3200",4.418331470553,1.50273533419218,0.666991704073516
"3201",4.4178151022699,1.50195403768711,0.666235368995188
"3202",4.41770408808226,1.50178608546724,0.666072784578325
"3203",4.41736228021542,1.50126901041417,0.665572239717286
"3204",4.41679862586168,1.50041647530832,0.664746973249149
"3205",4.41672308257078,1.5003022285389,0.664636382050389
"3206",4.416315618722,1.49968606227186,0.664039936836205
"3207",4.4142903217193,1.49662483408889,0.661076823876205
"3208",4.41333589626986,1.49518306939,0.659681348347994
"3209",4.41301751353153,1.49470224101402,0.659215968697399
"3210",4.4124478970331,1.49384215089985,0.658383526850317
"3211",4.41231081579749,1.49363519592572,0.658183227303605
"3212",4.41127803720049,1.49207636702287,0.656674562139751
"3213",4.41096935612406,1.49161059058476,0.656223786102601
"3214",4.4101716433095,1.49040718962163,0.655059165414158
"3215",4.41009167798989,1.49028657986679,0.654942444329801
"3216",4.40890988873064,1.48850461314226,0.653217972822748
"3217",4.40848925006951,1.48787057865601,0.652604414226142
"3218",4.4083088621733,1.48759871455029,0.652341332877292
"3219",4.40699960761792,1.4856262018807,0.650432597788115
"3220",4.40690347761879,1.4854814205022,0.650292501404004
"3221",4.40689487895986,1.48546847038165,0.650279970362658
"3222",4.40683056920531,1.48537161751138,0.650186251881001
"3223",4.40654659054208,1.48494397024012,0.649772447037347
"3224",4.40584115726515,1.4838818982973,0.648744772469095
"3225",4.40533337516607,1.48311762439087,0.648005268242168
"3226",4.40515936506107,1.48285576120334,0.647751895183835
"3227",4.40473948089681,1.48222398015152,0.64714060466023
"3228",4.40445078063785,1.48178966116549,0.646720377600018
"3229",4.4040286625519,1.48115474066979,0.646106066076295
"3230",4.40312818791832,1.47980075673764,0.644796064321973
"3231",4.40262804968546,1.47904899797895,0.644068744760671
"3232",4.4014977568159,1.47735076289455,0.642425769272438
"3233",4.40149344092737,1.47734428029242,0.642419497746102
"3234",4.40129921174068,1.4770525569906,0.64213727412535
"3235",4.40097525196018,1.47656605036158,0.641666614752371
"3236",4.40054792961545,1.47592444601316,0.641045918633426
"3237",4.40039657633889,1.47569723104002,0.64082611043402
"3238",4.40037929860814,1.4756712944813,0.640801019438163
"3239",4.39861827516711,1.47302897669447,0.638244930852912
"3240",4.39835193811677,1.47262956889503,0.637858572177173
"3241",4.39833030791275,1.47259713402604,0.637827197164889
"3242",4.39798003282902,1.47207194264275,0.637319170756666
"3243",4.39769007836467,1.47163726854192,0.63689870832713
"3244",4.39722670316982,1.47094275750424,0.6362269139041
"3245",4.39714010737454,1.47081298604584,0.636101388417946
"3246",4.39702770755273,1.47064455395555,0.635938467843619
"3247",4.39667672445972,1.47011866814922,0.635429794776703
"3248",4.39652511569275,1.46989153997444,0.635210102805592
"3249",4.39649912388919,1.46985260298129,0.635172440740441
"3250",4.3961698505513,1.4693593824602,0.634695373112213
"3251",4.39600951701046,1.46911924946115,0.634463106573562
"3252",4.39592302546541,1.46898971888027,0.634337819836995
"3253",4.39575381013749,1.46873631777251,0.634092722156153
"3254",4.39561943602741,1.46853510805014,0.633898106769758
"3255",4.39526392952554,1.46800284823262,0.633383295684855
"3256",4.39485194363079,1.46738615559878,0.632786828295454
"3257",4.39413626969882,1.4663152044836,0.631751022353717
"3258",4.39386265723905,1.46590587368327,0.631355131817746
"3259",4.39356746451266,1.46546432610236,0.630928086879168
"3260",4.39346140762332,1.46530570401173,0.630774675887495
"3261",4.39331128833082,1.46508119631824,0.630557544826429
"3262",4.39250770388335,1.46387972272422,0.629395568669084
"3263",4.39247728844429,1.46383425755949,0.629351598818287
"3264",4.39207035025049,1.46322603618011,0.628763386165287
"3265",4.39198203706029,1.46309405849184,0.62863575134016
"3266",4.39131820251812,1.46210220802587,0.627676552180797
"3267",4.39115155143708,1.46185326692521,0.627435809838572
"3268",4.39067284135054,1.46113830170638,0.626744399956968
"3269",4.39060136357864,1.46103156386834,0.626641179772507
"3270",4.39009856599879,1.4602808529332,0.625915217012608
"3271",4.38995908154998,1.46007262957435,0.625713860409574
"3272",4.38969349962145,1.45967621074369,0.625330517491356
"3273",4.3885698136416,1.45799958450519,0.623709236602356
"3274",4.38804221402701,1.45721271989506,0.622948369564302
"3275",4.38762798017632,1.45659508856119,0.622351154799556
"3276",4.38594791234004,1.45409150844494,0.619930426871686
"3277",4.38583687679245,1.45392612830233,0.619770524992748
"3278",4.38563366511466,1.45362348399857,0.619477907551604
"3279",4.38558980340392,1.4535581649376,0.619414752852399
"3280",4.385463131853,1.45336953392144,0.619232372736944
"3281",4.3853934236129,1.45326573455647,0.619132013461535
"3282",4.38467662241308,1.452198609357,0.618100269471595
"3283",4.38457190386313,1.45204274669123,0.617949576793945
"3284",4.38423072535027,1.45153500032136,0.6174586764446
"3285",4.38387652309645,1.45100797283054,0.616949141149062
"3286",4.382625120331,1.44914680003007,0.615149793833607
"3287",4.38187633502136,1.44803377002052,0.614073776203314
"3288",4.38134623499923,1.44724608306101,0.613312300420044
"3289",4.38133466725154,1.44722889687633,0.613295686288154
"3290",4.38106576501905,1.44682942030306,0.612909508500275
"3291",4.38088624281471,1.44656275833013,0.612651725936288
"3292",4.37936426780431,1.4443030867714,0.610467364875264
"3293",4.37851687816662,1.44304579863771,0.609252031624045
"3294",4.37832383090172,1.44275945372785,0.608975247034007
"3295",4.3778977393677,1.44212754586371,0.608364443737163
"3296",4.37739660887419,1.44138454495581,0.60764626964458
"3297",4.37688479974059,1.44062592597001,0.606913012644783
"3298",4.37677235685008,1.44045928878573,0.606751948238074
"3299",4.37636775281641,1.43985976372926,0.60617247820319
"3300",4.3756681962129,1.43882351071644,0.605170909172263
"3301",4.37542172231598,1.43845850572116,0.604818127056168
"3302",4.37511796731348,1.4380087420862,0.60438342886418
"3303",4.37423429944969,1.436700749463,0.603119275934996
"3304",4.37417702358806,1.43661599294014,0.603037361547386
"3305",4.37347489121563,1.43557720281659,0.602033418637932
"3306",4.37334685771604,1.43538782415248,0.601850395557652
"3307",4.37290402472948,1.43473292017425,0.601217476680131
"3308",4.37276288959944,1.43452423029378,0.60101579459542
"3309",4.37269874894351,1.43442939400497,0.600924143237258
"3310",4.37252657474525,1.43417483977909,0.600678138850891
"3311",4.37223979495452,1.43375089956299,0.600268441049367
"3312",4.3721427167268,1.43360740649607,0.600129769620838
"3313",4.37147198337084,1.43261619820559,0.599171880783321
"3314",4.37118478452914,1.43219189112655,0.598761843706995
"3315",4.37027917755259,1.43085439979513,0.597469361096903
"3316",4.37023075305348,1.43078290092436,0.597400269436518
"3317",4.37020216142381,1.43074068624534,0.59735947608848
"3318",4.36971340550291,1.43001915852771,0.596662247905285
"3319",4.36951002102299,1.42971897028561,0.596372172894171
"3320",4.36855899737034,1.42831575248249,0.595016256403222
"3321",4.36828461931002,1.42791105343407,0.59462520781291
"3322",4.36770925946768,1.4270626201704,0.593805404348563
"3323",4.36708021142497,1.42613533409872,0.592909427957887
"3324",4.36693560799024,1.42592221940529,0.592703511877067
"3325",4.36609656290246,1.42468598950146,0.591509060445136
"3326",4.36609212952867,1.42467945902712,0.591502750763882
"3327",4.36599459149164,1.42453578711365,0.591363936602442
"3328",4.36524951499336,1.42343856290037,0.590303827190531
"3329",4.36468296264214,1.42260454798296,0.589498042863698
"3330",4.36463711939089,1.42253707433524,0.589432853859056
"3331",4.36417550224303,1.42185774775135,0.58877653520442
"3332",4.36379805688289,1.42130242158766,0.588240025474203
"3333",4.36356709544451,1.42096267183692,0.58791179132745
"3334",4.36344507071767,1.42078318839728,0.587738392493412
"3335",4.36224698114941,1.41902159905166,0.586036563767275
"3336",4.36074767673258,1.41681879203134,0.583908592630427
"3337",4.36071206413849,1.41676649181968,0.583858070674679
"3338",4.35972788487914,1.41532155075403,0.58246228601474
"3339",4.35969243305989,1.41526951634522,0.582412022776841
"3340",4.35960313994992,1.4151384609488,0.582285428606072
"3341",4.35916662811564,1.4144978871196,0.581666666639509
"3342",4.35915752589908,1.41448453143095,0.581653765829283
"3343",4.3583477275454,1.41329658524343,0.580506297763318
"3344",4.35794488192444,1.41270582445888,0.579935679985505
"3345",4.35771716306164,1.41237194037861,0.57961318421475
"3346",4.35763257555498,1.41224792796717,0.579493402419167
"3347",4.35683599561198,1.41108036105066,0.578365685855354
"3348",4.3567441410434,1.41094576081067,0.578235681937823
"3349",4.35646746806366,1.41054037613644,0.577844143162057
"3350",4.35595378075684,1.40978788041021,0.577117360245247
"3351",4.35570356522944,1.40942141977478,0.576763426942292
"3352",4.35563201583955,1.40931663933403,0.576662229032266
"3353",4.35404450473828,1.40699287919177,0.574417994580807
"3354",4.35365519695752,1.40642333183381,0.573867960621293
"3355",4.35287195056548,1.40527783376833,0.572761735036649
"3356",4.35232551106566,1.4044789593307,0.57199027027209
"3357",4.35158592779549,1.40339809938293,0.570946522543814
"3358",4.35142006803236,1.40315576503204,0.57071251330617
"3359",4.35137972064729,1.40309681763167,0.570655591217163
"3360",4.35102999219657,1.40258592037931,0.570162251322762
"3361",4.35058597410088,1.40193742278592,0.569536050128025
"3362",4.35024968819232,1.4014463757087,0.569061893740923
"3363",4.34921711148605,1.399939167,0.567606570580435
"3364",4.34919465944122,1.39990640419089,0.567574936329253
"3365",4.34862233135813,1.3990713793137,0.566768685091446
"3366",4.3484086006317,1.39875961407298,0.566467667790394
"3367",4.34811202437321,1.39832706401958,0.56605003418682
"3368",4.34790977566962,1.39803212897351,0.565765272967023
"3369",4.34687558373674,1.39652449888874,0.564309687191334
"3370",4.34663715698819,1.39617704477771,0.56397423655419
"3371",4.34648437196668,1.39595441829456,0.563759302941703
"3372",4.34640337801422,1.39583640772685,0.563645370809417
"3373",4.34630437877872,1.3956921700249,0.563506118490748
"3374",4.34586779522435,1.3950561792578,0.562892116994324
"3375",4.34575970174703,1.39489873807102,0.562740121100118
"3376",4.34561098963662,1.39468214988131,0.562531025036809
"3377",4.34401636896049,1.39236080608709,0.560290065260224
"3378",4.34362864405059,1.39179668624187,0.559745503536213
"3379",4.34333984159004,1.39137657077118,0.559339959580277
"3380",4.34311594506041,1.39105091810687,0.559025605591946
"3381",4.34297015834393,1.39083889577249,0.558820941149115
"3382",4.34278499261018,1.39056962746325,0.558561019266893
"3383",4.34271280038753,1.39046465275206,0.558459688854917
"3384",4.34268572731014,1.390425286851,0.558421689663171
"3385",4.34228407966812,1.38984133470002,0.557858016594755
"3386",4.34222702747275,1.38975839731275,0.557777960216744
"3387",4.34217382066831,1.38968105232466,0.557703302157366
"3388",4.34190488708476,1.38929014653798,0.557325978967332
"3389",4.34141268117514,1.38857485303186,0.556635551138496
"3390",4.34058591480713,1.38737379185617,0.55547627666993
"3391",4.3400301271858,1.38656668924334,0.554697278663875
"3392",4.33979501076271,1.38622533130575,0.554367813261881
"3393",4.33977221005838,1.38619223000653,0.554335865362681
"3394",4.33962750036272,1.3859821548203,0.55413311092475
"3395",4.339207041582,1.38537186759721,0.553544098709216
"3396",4.33901231214781,1.38508926877956,0.553271355296595
"3397",4.33864578096036,1.38455742520284,0.552758065921846
"3398",4.33818408264922,1.38388764193314,0.55211166137209
"3399",4.33782185671946,1.38336227935181,0.551604646127065
"3400",4.33738252853418,1.38272522726276,0.550989853296207
"3401",4.33731930019977,1.38263355480315,0.550901384994977
"3402",4.33601381619497,1.38074147737861,0.549075497959482
"3403",4.33541513983992,1.37987424122783,0.548238637451579
"3404",4.33455912193079,1.37863470666636,0.547042559480198
"3405",4.33454406139594,1.37861290374664,0.547021521377298
"3406",4.33451228583566,1.37856690330339,0.54697713461636
"3407",4.3341172993238,1.37799515972326,0.546425453218033
"3408",4.33338131054612,1.37693013849266,0.545397830675212
"3409",4.33329063605463,1.37679895605578,0.545271257266283
"3410",4.3326589460087,1.37588524218193,0.544389661539786
"3411",4.33148093888319,1.37418213280503,0.542746490264614
"3412",4.33099860527558,1.37348510862669,0.5420740238223
"3413",4.3304889767634,1.37274883736525,0.541363710290928
"3414",4.33032031930523,1.3725052189044,0.541128684671943
"3415",4.33026581858151,1.37242649968948,0.541052742435802
"3416",4.33016713519309,1.37228397024944,0.540915241527173
"3417",4.33011084735276,1.37220267653993,0.540836816211987
"3418",4.32968725129014,1.37159097722865,0.540246707289655
"3419",4.32955513524434,1.37140022199874,0.540062687437259
"3420",4.32902673555915,1.3706374303667,0.539326841270522
"3421",4.32879422066137,1.37030184360619,0.5390031151707
"3422",4.32729807126799,1.36814347375701,0.536921118753442
"3423",4.32712464684208,1.36789340190651,0.536679905773361
"3424",4.32658141140847,1.36711022788272,0.535924489631924
"3425",4.32636222977351,1.3667943024669,0.535619767396623
"3426",4.32591919229032,1.36615582899565,0.535003945523314
"3427",4.32540746408592,1.36541855451477,0.534292845229658
"3428",4.32480887343227,1.36455639261899,0.533461314883974
"3429",4.32469914394275,1.36439837749091,0.533308916619274
"3430",4.32460750257572,1.36426641725051,0.533181647747277
"3431",4.32460457661191,1.36426220407718,0.533177584367991
"3432",4.32448875255646,1.36409543131445,0.533016741493296
"3433",4.32421897311642,1.3637070219658,0.532642146433845
"3434",4.32307025366333,1.362053815048,0.531047796748164
"3435",4.3217712023647,1.36018550035203,0.529246112954649
"3436",4.32162769255773,1.3599791835932,0.529047161768307
"3437",4.32141668221219,1.35967585407569,0.528754663954422
"3438",4.32076734489956,1.35874264421306,0.527854798972893
"3439",4.32060079847843,1.35850334155218,0.527624051939377
"3440",4.32047218802526,1.35831856218168,0.527445880265063
"3441",4.31926539507421,1.35658535090672,0.525774708280617
"3442",4.31780938782533,1.35449573756983,0.523760036228886
"3443",4.31706930083428,1.35343422799434,0.522736657524151
"3444",4.31702791755195,1.35337488451067,0.522679446963736
"3445",4.31450133212215,1.34975432228983,0.519189262441684
"3446",4.31444751332026,1.34967725534754,0.519114976036884
"3447",4.31400350875275,1.34904154090768,0.518502206406277
"3448",4.31377011351758,1.34870743382235,0.518180164352676
"3449",4.31259717695483,1.34702901598374,0.516562420442732
"3450",4.312375718998,1.34671224161937,0.51625710935598
"3451",4.31215903463555,1.34640233285162,0.515958419135238
"3452",4.31169266120739,1.34573543656087,0.515315676667649
"3453",4.31127269632336,1.3451350495218,0.514737049245078
"3454",4.310699764168,1.34431620296006,0.513947902300865
"3455",4.31063990042644,1.34423065940027,0.513865462910005
"3456",4.31045489104042,1.34396630420113,0.513610702317193
"3457",4.31038095832867,1.34386067118711,0.513508903946451
"3458",4.30989105157795,1.34316081498654,0.512834464590006
"3459",4.30963216094767,1.34279105334166,0.512478139380452
"3460",4.30888294689288,1.34172128337594,0.511447272970718
"3461",4.30810091465018,1.34060512667764,0.510371754723227
"3462",4.30801000331674,1.34047540468986,0.510246759009666
"3463",4.30798222862497,1.34043577409939,0.510208572447863
"3464",4.307593322714,1.33988092392807,0.509673946012059
"3465",4.3073880933245,1.33958817234006,0.509391869852093
"3466",4.30735099074864,1.33953525053979,0.509340878252538
"3467",4.30723505891418,1.33936989648857,0.509181555827354
"3468",4.30692932963288,1.33893388451361,0.508761453500278
"3469",4.30674420124674,1.3386699019113,0.508507107049334
"3470",4.30598557788973,1.33758843099741,0.50746514215964
"3471",4.30528535313625,1.33659061537436,0.506503818322214
"3472",4.30503318238391,1.33623136872946,0.506157719762818
"3473",4.30489399529509,1.33603310204039,0.505966711681826
"3474",4.30476427054572,1.33584832789486,0.505788703611378
"3475",4.30473623249081,1.33580839349055,0.505750231710292
"3476",4.30419487287623,1.33503746078269,0.505007545282711
"3477",4.30395197977697,1.33469163997072,0.504674402889716
"3478",4.30384054157576,1.33453299465292,0.50452157542882
"3479",4.30247467227476,1.33258931879057,0.502649261884392
"3480",4.30218160844987,1.33217247209573,0.50224773999806
"3481",4.30206537355579,1.33200716131912,0.502088508636568
"3482",4.30205774867757,1.33199631749236,0.502078063638314
"3483",4.30199097793787,1.3319013605229,0.501986599328667
"3484",4.30115175434193,1.33070817298151,0.500837330857312
"3485",4.30041840531004,1.3296659723284,0.499833540171674
"3486",4.30000103872546,1.32907302123425,0.499262462355958
"3487",4.29883000339731,1.32741007327613,0.497660937338321
"3488",4.29863443131366,1.32713245386123,0.497393583450258
"3489",4.29850370552115,1.32694690226594,0.497214894801823
"3490",4.29834985183227,1.32672854038954,0.497004611275442
"3491",4.29794881682289,1.32615944651779,0.496456580615775
"3492",4.29784620720315,1.32601385749616,0.496316382306999
"3493",4.29760850651,1.32567662475695,0.495991639694565
"3494",4.29754785911303,1.32559058973631,0.495908791931768
"3495",4.29688522428327,1.32465075899027,0.495003798587919
"3496",4.29587197350797,1.32321431374743,0.493620671416691
"3497",4.29576433586153,1.32306176791181,0.493473792930643
"3498",4.29540005433503,1.32254557021313,0.492976780231447
"3499",4.29469581996767,1.32154794709293,0.492016266893034
"3500",4.29466608476518,1.32150583264227,0.491975719956623
"3501",4.29450711441106,1.32128069221489,0.491758960615504
"3502",4.29381958464966,1.32030721421864,0.490821746244001
"3503",4.29281825911153,1.31889009954248,0.489457493788053
"3504",4.29260736531064,1.31859173555801,0.489170270550705
"3505",4.29189543710146,1.31758478815836,0.488200950215857
"3506",4.29100030775832,1.3163192906024,0.486982802903604
"3507",4.28910987132832,1.3136487484716,0.484412409325805
"3508",4.28860724566651,1.31293918471641,0.483729506969358
"3509",4.28708493024606,1.31079132701719,0.481662486954934
"3510",4.28677437819623,1.31035338901836,0.481241056032397
"3511",4.28657853715805,1.3100772546772,0.480975334248439
"3512",4.2865015844052,1.30996876017253,0.480870931798232
"3513",4.28606425713328,1.3093522678534,0.480277701296346
"3514",4.28583347633922,1.30902700114871,0.479964714424374
"3515",4.28578170763955,1.30895404315586,0.479894511458859
"3516",4.28566404409528,1.30878822695385,0.479734957646463
"3517",4.28500493802929,1.30785958996459,0.47884141479933
"3518",4.28439282098774,1.30699746407043,0.478011903380493
"3519",4.28386486429636,1.30625410954433,0.477296696390414
"3520",4.28367176160195,1.30598227890581,0.477035164841216
"3521",4.2835586808966,1.30582310884817,0.476882026911323
"3522",4.2831735665202,1.30528110539253,0.476360572336417
"3523",4.28158181639658,1.3030421420726,0.474206631860913
"3524",4.28109816571794,1.30236223176718,0.473552584510895
"3525",4.28064370261162,1.30172352072833,0.472938187934787
"3526",4.27958333430217,1.30023389081477,0.471505335718492
"3527",4.27943675681221,1.30002804493026,0.471307343478796
"3528",4.27913409478789,1.299603055408,0.47089857457013
"3529",4.27789436318042,1.29786301057149,0.469225026265737
"3530",4.27732143039445,1.29705926975705,0.46845204646196
"3531",4.27671034958994,1.296202297018,0.467627903941418
"3532",4.27647342210228,1.29587011150732,0.467308453165624
"3533",4.27626963117804,1.29558442056148,0.467033718494762
"3534",4.27569297356521,1.29477619096155,0.466256504458487
"3535",4.27553003815375,1.29454787185827,0.466036952357423
"3536",4.27546838709972,1.29446148653582,0.465953884672903
"3537",4.27546364459429,1.29445484147111,0.465947494826568
"3538",4.27502266565459,1.29383703135585,0.4653534217676
"3539",4.2721397963015,1.28980189835122,0.46147374820596
"3540",4.27198785428472,1.28958940686495,0.461269463737462
"3541",4.27075085525398,1.28786013202119,0.459607054794619
"3542",4.2705176395797,1.28753424016831,0.45929377947937
"3543",4.27018440450752,1.28706865670621,0.458846228974917
"3544",4.26996709148212,1.28676508198354,0.458554417631266
"3545",4.26931284451704,1.28585135697836,0.457676124492817
"3546",4.26864093126499,1.28491330777924,0.456774490187691
"3547",4.26822632755252,1.28433466122812,0.456218326726498
"3548",4.26764709167325,1.28352646896995,0.45544156222727
"3549",4.26731518741392,1.28306349010736,0.4549966005282
"3550",4.26714818509251,1.28283056831473,0.45477274679184
"3551",4.26675206859473,1.28227818314673,0.45424187695149
"3552",4.26636538524039,1.28173907080098,0.45372377653342
"3553",4.26585918821559,1.28103350957014,0.453045734865124
"3554",4.26439205811708,1.27898968527935,0.451081757519375
"3555",4.26358394312614,1.27786463711569,0.450000744799693
"3556",4.26330143356622,1.2774714508611,0.449622962105925
"3557",4.26316916005301,1.27728737892914,0.449446103894401
"3558",4.26286589513576,1.27686540673769,0.449040674615527
"3559",4.2622053435338,1.27594654308824,0.448157862635944
"3560",4.26208540470885,1.2757797380802,0.447997606458501
"3561",4.26181715697552,1.27540671294595,0.447639231142247
"3562",4.26174529588775,1.27530679248879,0.447543235965994
"3563",4.26167822210142,1.27521353224788,0.447453639786817
"3564",4.26152010647071,1.27499370015351,0.447242446190953
"3565",4.26089397963201,1.27412337180412,0.446406340372689
"3566",4.26081095761501,1.27400799254525,0.44629550065129
"3567",4.26047307205837,1.2735384738992,0.44584446141098
"3568",4.25978461699712,1.27258208649458,0.444925747680881
"3569",4.25963260372261,1.2723709625824,0.44472294607595
"3570",4.25814757927403,1.27030943098642,0.442742788322146
"3571",4.25769116042705,1.26967616967804,0.442134563609135
"3572",4.25647949933982,1.26799583241899,0.44052075176752
"3573",4.25642832549586,1.26792488957016,0.440452620514491
"3574",4.25631135877962,1.26776274505493,0.440296902977592
"3575",4.2562678635458,1.26770245274058,0.440239000807329
"3576",4.2560804529775,1.2674426845102,0.439989532428718
"3577",4.25458321418107,1.26536836277123,0.437997572332343
"3578",4.2539500730019,1.26449171831441,0.437155796560364
"3579",4.25391358335886,1.26444120451563,0.437107293066162
"3580",4.2534800356373,1.26384111041086,0.436531090242797
"3581",4.25315201570512,1.2633871805857,0.436095243869879
"3582",4.25190268980543,1.26165907872431,0.434436074847782
"3583",4.25162296287303,1.26127232127015,0.434064764322146
"3584",4.25154573026182,1.2611655484004,0.433962257168188
"3585",4.25119966309542,1.26068717376997,0.433503000886482
"3586",4.25119309592498,1.26067809677033,0.433494286756389
"3587",4.25041065980188,1.2595968743345,0.43245631620614
"3588",4.24999993970172,1.25902950746199,0.431911667848445
"3589",4.24972927886225,1.25865569071015,0.431552827857133
"3590",4.24923151792594,1.25796837135988,0.430893062962793
"3591",4.24918310720636,1.25790153522503,0.430828907473545
"3592",4.24885907689057,1.25745422476289,0.430399543105538
"3593",4.24849147989348,1.25694687296801,0.429912557823142
"3594",4.24828321705859,1.25665947927396,0.429636706365281
"3595",4.24810693559528,1.2564162453511,0.429403244227427
"3596",4.24800911190864,1.25628127843503,0.42927370075025
"3597",4.24794619131491,1.25619447117446,0.429190382166563
"3598",4.24677261476915,1.25457594314094,0.427636966776119
"3599",4.2466371692277,1.25438921496327,0.427457758652719
"3600",4.24638985141874,1.25404829484226,0.427130572624045
"3601",4.24636736721965,1.25401730346395,0.427100830020813
"3602",4.24574540934676,1.25316017933412,0.426278261321836
"3603",4.24504688920092,1.25219791110785,0.425354829437054
"3604",4.24499353064479,1.25212442133062,0.425284307471658
"3605",4.24494502101298,1.25205761185683,0.425220196257195
"3606",4.24449379684967,1.25143625705263,0.424623946606094
"3607",4.24415427017826,1.25096882139104,0.42417540938536
"3608",4.24402300231213,1.2507881259579,0.424002022288443
"3609",4.24399873004141,1.25075471571793,0.42396996351773
"3610",4.24340169815618,1.24993306255187,0.423181563724862
"3611",4.24317320939169,1.24961868471816,0.422879917758735
"3612",4.24315863678089,1.24959863566745,0.422860680828143
"3613",4.24314912702215,1.24958555219835,0.422848127337128
"3614",4.24264384083718,1.24889048634055,0.42218122867479
"3615",4.2410879081479,1.24675144482048,0.420129016753466
"3616",4.24059643812299,1.24607619167119,0.419481219817957
"3617",4.24044048104134,1.24586195553551,0.419275699256812
"3618",4.2397313873587,1.24488812890273,0.418341517874516
"3619",4.23858465999966,1.24331413592394,0.416831700340051
"3620",4.23797035128035,1.24247137274963,0.416023347922681
"3621",4.23350091824648,1.23634895357519,0.410151947467098
"3622",4.2326247552232,1.23515063801007,0.409002976237069
"3623",4.23215461733029,1.23450789315291,0.408386727252318
"3624",4.23128715249918,1.23332241595576,0.407250171917689
"3625",4.22973740331762,1.23120604714802,0.405221311576002
"3626",4.22969344559463,1.23114604600782,0.40516379458397
"3627",4.22955091779053,1.23095151007717,0.40497731398141
"3628",4.22882435293761,1.229960079457,0.404026965260035
"3629",4.22876542462765,1.22987968791122,0.403949907010639
"3630",4.22849530264298,1.22951121653049,0.403596717715759
"3631",4.22818602951391,1.22908941219068,0.403192415587938
"3632",4.22798949580889,1.22882140872166,0.402935537105783
"3633",4.22768481028687,1.22840598597244,0.402537365779182
"3634",4.22719794140003,1.22774232251895,0.401901280130694
"3635",4.22710452110921,1.22761500098667,0.401779251779786
"3636",4.22662277115625,1.22695854183713,0.401150096480971
"3637",4.22655369753503,1.22686443378974,0.401059904370355
"3638",4.22602724761092,1.22614730976274,0.400372634958376
"3639",4.22594358652274,1.22603336838778,0.400263439411505
"3640",4.22589929319138,1.22597304584168,0.400205629648182
"3641",4.22563863239376,1.22561808748909,0.399865460993011
"3642",4.22551043176303,1.22544352887529,0.399698177816365
"3643",4.22545135408312,1.22536309292463,0.399621094864975
"3644",4.22539719719732,1.22528935927635,0.39955043510834
"3645",4.22529557364116,1.22515100704605,0.39941785138515
"3646",4.22498376975402,1.22472656391487,0.399011111023985
"3647",4.2247351824016,1.22438823113846,0.398686895869502
"3648",4.22466832257121,1.22429724206535,0.398599704463457
"3649",4.22450595609573,1.22407629385932,0.398387979808875
"3650",4.22340660523361,1.22258086416622,0.396955040635533
"3651",4.22242990825807,1.22125310714277,0.395682860080214
"3652",4.2223609740124,1.22115942492188,0.395593102446895
"3653",4.22096527072145,1.21926348524469,0.393776682018093
"3654",4.22043499427542,1.21854356512871,0.393087003500618
"3655",4.22042984311418,1.21853657285936,0.393080305081361
"3656",4.2202024827949,1.21822797152994,0.392784675151492
"3657",4.21988629946016,1.21779887762312,0.392373625196187
"3658",4.21870389596598,1.21619493910634,0.390837215970809
"3659",4.21714417620594,1.21408085890416,0.388812340688287
"3660",4.21685183734657,1.21368482808351,0.388433045722618
"3661",4.21684476410994,1.21367524680977,0.388423869441991
"3662",4.21683379997146,1.21366039507027,0.388409645483333
"3663",4.2165066976843,1.21321735371171,0.387985336555836
"3664",4.21649025217565,1.213195081403,0.387964006215245
"3665",4.21615578060535,1.21274214884214,0.387530235099059
"3666",4.2158851840723,1.21237577747179,0.387179370796363
"3667",4.2151611939644,1.2113958158413,0.386240920661477
"3668",4.21507684440731,1.21128167010427,0.386131613355826
"3669",4.21445646784736,1.21044231479111,0.385327857218315
"3670",4.21266325373343,1.20801777812977,0.383006353880373
"3671",4.21096705497665,1.20572662806988,0.380812846893153
"3672",4.20984867563534,1.20421713250804,0.379367830859789
"3673",4.20815748957072,1.20193623894506,0.377184593108119
"3674",4.20794326945413,1.20164746854316,0.376908205742668
"3675",4.20770365606079,1.20132450673481,0.376599098348082
"3676",4.20595362060999,1.19896696739517,0.374342858987867
"3677",4.2052277269732,1.19798972192845,0.373407690361889
"3678",4.20511758967266,1.19784148008253,0.373265835721917
"3679",4.20487293624321,1.19751221338162,0.372950760105526
"3680",4.20374803586026,1.19599880090764,0.371502648406298
"3681",4.20355275477223,1.19573616362044,0.371251355825105
"3682",4.20328282772806,1.19537317665328,0.370904054262593
"3683",4.20224663194491,1.19398020478531,0.369571340941577
"3684",4.20212647148233,1.19381871871055,0.369416847314285
"3685",4.20102455378861,1.19233828378858,0.368000581442963
"3686",4.20098446891063,1.19228444483434,0.367949078346138
"3687",4.20049856742101,1.19163190443465,0.367324861498418
"3688",4.20027960434872,1.19133789991471,0.367043625770851
"3689",4.2000724640061,1.1910597992809,0.366777607512647
"3690",4.19914966808066,1.18982122542964,0.365592895647899
"3691",4.19826913669795,1.18863990127485,0.364463021414992
"3692",4.19822129767846,1.18857573479124,0.364401651731815
"3693",4.19816084749621,1.1884946550867,0.364324106338548
"3694",4.19783953898167,1.18806373519115,0.3639119765011
"3695",4.19496008472021,1.18420494961011,0.360221904186289
"3696",4.19422047300552,1.18321463915871,0.359275023926386
"3697",4.19381257205914,1.18266862289665,0.358752976446064
"3698",4.19361301910581,1.18240153912267,0.358497623005927
"3699",4.19267740692997,1.18114963572776,0.357300755982053
"3700",4.192256576818,1.1805867169394,0.35676261268487
"3701",4.19203968480019,1.18029663620698,0.356485306029146
"3702",4.19148042991853,1.17954879745466,0.355770420940162
"3703",4.19066335029044,1.17845653629154,0.354726346586887
"3704",4.19044141474498,1.17815992561461,0.354442832875464
"3705",4.19030542545077,1.17797819438468,0.354269128496813
"3706",4.1896925270678,1.17715927683118,0.353486404530183
"3707",4.18929111785157,1.17662306011316,0.352973907311674
"3708",4.18898821854176,1.1762185000022,0.352587253584975
"3709",4.18665383219348,1.1731024489067,0.349609432794815
"3710",4.18611782781285,1.17238741321332,0.348926194210195
"3711",4.18579412028656,1.17195566410643,0.348513658745716
"3712",4.18570328031749,1.17183451594597,0.348397903811621
"3713",4.18557443251851,1.17166268700075,0.348233725714075
"3714",4.18529326358686,1.17128775854306,0.347875497146112
"3715",4.18475192474282,1.17056603015146,0.347185938229478
"3716",4.18431136008673,1.1699787797219,0.346624885177021
"3717",4.18377968280256,1.16927022688453,0.34594796732666
"3718",4.18305025867632,1.16829840031426,0.345019577047594
"3719",4.18291345741465,1.16811617034828,0.344845497985623
"3720",4.18284273344271,1.16802196458338,0.344755506668204
"3721",4.18154775680094,1.1662975196312,0.343108297899876
"3722",4.18136411770625,1.16605305299285,0.342874794571219
"3723",4.1805151606917,1.16492313202939,0.341795590788665
"3724",4.18010595800114,1.1643786429275,0.341275567830997
"3725",4.17918531147514,1.16315395197573,0.340105970255382
"3726",4.17910935971163,1.16305293738517,0.340009503757203
"3727",4.17869778993441,1.16250560996513,0.339486829612197
"3728",4.17867768842595,1.16247888022107,0.339461304303801
"3729",4.17848461485621,1.16222215386232,0.339216148095161
"3730",4.17803739321968,1.1616275674864,0.338648373336991
"3731",4.17795792660624,1.16152192677305,0.338547498430877
"3732",4.17763595688601,1.16109394324546,0.33813882935907
"3733",4.17639734699449,1.15944800756758,0.336567273120099
"3734",4.17602423584701,1.15895235268394,0.336094047943414
"3735",4.17537487530633,1.15808988912067,0.335270647654115
"3736",4.17518150820221,1.15783310590416,0.335025503309599
"3737",4.17505244928987,1.15766173185753,0.334861899073849
"3738",4.17481323995226,1.15734411435359,0.334558686404624
"3739",4.17459457701727,1.1570538034556,0.334281547134371
"3740",4.17362474032219,1.15576647780481,0.333052688701314
"3741",4.17317866750975,1.15517453569116,0.332487664277736
"3742",4.17251650084539,1.15429601782475,0.331649134307642
"3743",4.17245804898525,1.1542184782745,0.331575126380048
"3744",4.17231264425281,1.15402559834306,0.331391032937953
"3745",4.1714304969807,1.15285564877504,0.330274427390827
"3746",4.17136420817864,1.15276774844903,0.330190538222208
"3747",4.17055836115633,1.15169934853465,0.329170929940891
"3748",4.17004815724357,1.15102307646927,0.328525577564102
"3749",4.16959928252951,1.15042819842427,0.327957920781986
"3750",4.16907840039907,1.14973801093603,0.327299342876658
"3751",4.16891502553614,1.14952155968682,0.327092810769736
"3752",4.16840949845591,1.14885187865855,0.326453836842602
"3753",4.16837048119613,1.14880019672893,0.326404525843054
"3754",4.16765862829179,1.14785740627613,0.325505015075257
"3755",4.16686169208135,1.1468022064775,0.324498320112245
"3756",4.16379256739311,1.14274113604554,0.320624571431398
"3757",4.16347028141317,1.14231492734119,0.320218081897843
"3758",4.16344739897276,1.14228466805214,0.320189223033497
"3759",4.1631731135564,1.14192197598972,0.319843321143392
"3760",4.16263029984554,1.14120429983098,0.319158892944993
"3761",4.16193549827563,1.14028585751268,0.31828304702387
"3762",4.16157521211006,1.1398096837768,0.317828978775813
"3763",4.161484604565,1.13968994051138,0.317714796636656
"3764",4.16079620295009,1.13878028874523,0.316847420782945
"3765",4.16042175545194,1.13828557755919,0.316375723363946
"3766",4.16030896074536,1.13813656719129,0.316233647962903
"3767",4.16027841432805,1.13809621395613,0.316195173018205
"3768",4.15965258313153,1.13726954602545,0.315407006297329
"3769",4.15903726473932,1.13645691993235,0.314632270166368
"3770",4.15864220436758,1.13593526017439,0.314134956001773
"3771",4.15659556638329,1.13323375619883,0.311559811383781
"3772",4.15462067194106,1.13062848875012,0.309076852294926
"3773",4.15343293706073,1.12906234284788,0.307584446198712
"3774",4.15300088169594,1.12849276395392,0.307041725336784
"3775",4.15276424586811,1.12818083559072,0.306744514817469
"3776",4.15241439236093,1.12771970321173,0.306305152072334
"3777",4.1523732296796,1.12766545070556,0.306253461706162
"3778",4.1516115897765,1.12666171713951,0.305297166026759
"3779",4.15142114130531,1.12641076530715,0.305058085038353
"3780",4.15141084635618,1.1263972001331,0.305045161661341
"3781",4.15113581377455,1.12603481639039,0.304699927612854
"3782",4.1507518766316,1.12552898416678,0.304218048432687
"3783",4.15067649586624,1.12542967704447,0.304123445886514
"3784",4.15065941209972,1.12540717105243,0.304102006185379
"3785",4.15028842935264,1.12491846696117,0.303636464342663
"3786",4.14991760696083,1.12443002177601,0.303171185168568
"3787",4.14988155173213,1.12438253256003,0.303125949130349
"3788",4.14949521186834,1.12387370296519,0.302641271044895
"3789",4.14944555037059,1.12380829990796,0.302578973598286
"3790",4.14762961478767,1.12141732600991,0.300301731782962
"3791",4.14685100563589,1.12039249604214,0.299325769065102
"3792",4.14568005707527,1.11885162651944,0.297858508314687
"3793",4.14565447730321,1.11881797059482,0.29782646198095
"3794",4.14488019880738,1.1177993314858,0.296856576021368
"3795",4.14389201618895,1.11649955246907,0.295619109680157
"3796",4.14373085554807,1.11628760277007,0.295417332133875
"3797",4.14342949609709,1.11589129250416,0.295040050433994
"3798",4.1430785325751,1.11542978391734,0.294600714600143
"3799",4.14232953139209,1.11444498924856,0.293663282997877
"3800",4.14206582042758,1.11409829906325,0.293333282736081
"3801",4.14166278113965,1.11356847917601,0.292828984986079
"3802",4.14156976338443,1.11344620839572,0.29271260694081
"3803",4.14044812788271,1.11197202891681,0.291309556736847
"3804",4.14021216359957,1.11166194411857,0.291014452983185
"3805",4.14000865015424,1.11139451623288,0.29075995070619
"3806",4.13993130651551,1.11129288550067,0.290663233419746
"3807",4.13980203112367,1.1111230194122,0.290501581313441
"3808",4.13958483464808,1.1108376368081,0.290230003147981
"3809",4.13929499376659,1.1104568245584,0.28986762038649
"3810",4.13878477108099,1.10978651672572,0.289229777153084
"3811",4.13799835439639,1.10875349752739,0.288246851887684
"3812",4.13782572630358,1.10852675964717,0.288031119294261
"3813",4.13755144595923,1.10816652339864,0.287688375531959
"3814",4.13725312321193,1.10777473302621,0.287315620358553
"3815",4.13675972413724,1.10712679872756,0.28669919008945
"3816",4.13651220328391,1.10680177716996,0.286389983114558
"3817",4.13630908705715,1.10653507563803,0.286136264133414
"3818",4.13601912500698,1.10615435987876,0.285774089762074
"3819",4.1356102403968,1.10561753751544,0.285263429059263
"3820",4.13554269496713,1.10552886163111,0.285179076721748
"3821",4.13517518021484,1.10504639654144,0.28472014494499
"3822",4.13458959797823,1.10427772854196,0.283989004972317
"3823",4.13432536869215,1.10393091487043,0.283659137386835
"3824",4.13430486289707,1.1039040007634,0.283633538724255
"3825",4.13412847631957,1.10367249559685,0.283413350672942
"3826",4.13347552732328,1.10281557618967,0.282598355245993
"3827",4.13284316781486,1.10198577935167,0.281809205786613
"3828",4.13187385074272,1.10071401030601,0.280599830232284
"3829",4.13092452663519,1.0994686942359,0.279415722819966
"3830",4.13061349832111,1.09906073687282,0.279027841337569
"3831",4.12851670668844,1.09631109750523,0.276413827292776
"3832",4.12655895133595,1.09374470322071,0.27397451334879
"3833",4.12639293834101,1.09352711903437,0.273767725243685
"3834",4.12633557414385,1.09345193634209,0.273696273760656
"3835",4.12609659474509,1.09313873295738,0.273398618623083
"3836",4.12519766074524,1.09196071496407,0.27227914431373
"3837",4.12509913794472,1.09183161551025,0.27215646681144
"3838",4.1246935215601,1.09130013804495,0.271651440030206
"3839",4.12362260894893,1.08989709732842,0.270318324792706
"3840",4.12233995276449,1.08821696661557,0.268722117787015
"3841",4.12141749215931,1.08700886390825,0.267574487767685
"3842",4.1207824394699,1.08617726788461,0.266784579902481
"3843",4.12069063924814,1.08605706311771,0.26667040521162
"3844",4.12068356099114,1.08604779479935,0.266661601882553
"3845",4.12061590557642,1.08595920684938,0.266577458685079
"3846",4.12021536885811,1.08543476341883,0.266079340066065
"3847",4.11935169568181,1.08430402156626,0.265005424972214
"3848",4.118795766903,1.08357626487198,0.264314291984535
"3849",4.11860642791299,1.08332841843992,0.264078927047136
"3850",4.1174660171523,1.08183575877471,0.262661532502306
"3851",4.11736681981122,1.08170593337844,0.262538261070482
"3852",4.11712495265115,1.08138939552095,0.262237708143901
"3853",4.11679894811666,1.08096276260114,0.261832631495993
"3854",4.11568376867869,1.07950351100651,0.260447211716652
"3855",4.11554825486526,1.07932620230426,0.260278884715705
"3856",4.11506370919094,1.07869224194289,0.259677056963183
"3857",4.11504785001398,1.07867149315775,0.259657360339888
"3858",4.11445873908078,1.07790078372844,0.258925755662763
"3859",4.1141406819527,1.07748470910277,0.258530810249849
"3860",4.11314238206011,1.07617887590905,0.257291372932888
"3861",4.11297792308363,1.07596377127445,0.257087217463768
"3862",4.11277427202179,1.07569741186839,0.256834420894111
"3863",4.11222129931644,1.07497420434749,0.256148064960167
"3864",4.11166490171577,1.07424657144637,0.255457548049159
"3865",4.11126831606528,1.07372796642222,0.254965420496625
"3866",4.11097940661173,1.07335018381576,0.254606938140793
"3867",4.11006619745682,1.07215615008431,0.253473974775269
"3868",4.10934573083116,1.07121422845382,0.252580303235612
"3869",4.10853089885403,1.07014903872587,0.251569757072533
"3870",4.10842666933416,1.07001279240483,0.251440506158056
"3871",4.10836377686579,1.069930581733,0.251362517160799
"3872",4.10797727837852,1.06942537942072,0.250883268934412
"3873",4.10718326363244,1.06838757675614,0.249898841281314
"3874",4.10503210541476,1.06557643812368,0.247232682920496
"3875",4.10499363172359,1.06552616703988,0.247185009832207
"3876",4.1044865446984,1.06486360990713,0.246556711014985
"3877",4.10340084149822,1.06344516376523,0.245211717086142
"3878",4.10297011474756,1.06288247671913,0.244678209463792
"3879",4.10209324577833,1.06173704622281,0.243592250745957
"3880",4.10193965270557,1.06153642286623,0.243402053995891
"3881",4.10191156477405,1.06149973475165,0.243367272925674
"3882",4.10150541821186,1.06096924333462,0.242864367614707
"3883",4.10008227515381,1.05911057284625,0.241102515597097
"3884",4.09961621145351,1.05850193799151,0.240525640709713
"3885",4.09890949477218,1.05757908785168,0.239650999836258
"3886",4.09867389540686,1.05727145015599,0.239359447147289
"3887",4.09849064211278,1.05703216914236,0.239132681969138
"3888",4.09840163042552,1.05691594464712,0.239022538259664
"3889",4.09817647463855,1.05662195836321,0.238743937649256
"3890",4.09800389376601,1.0563966236019,0.238530400087085
"3891",4.09655813556989,1.05450907789901,0.236741824519632
"3892",4.09634000529573,1.05422431484082,0.236472015695651
"3893",4.0957491124346,1.05345294936796,0.235741188773965
"3894",4.09557867084471,1.05323045866275,0.235530399203277
"3895",4.09536550841481,1.05295220596105,0.23526678547696
"3896",4.09499346421091,1.05246656891857,0.234806711904182
"3897",4.09412872991643,1.05133787536927,0.233737500154939
"3898",4.09395387477105,1.051109656288,0.233521319787999
"3899",4.09389585550759,1.05103393092683,0.233449589857429
"3900",4.09382807573425,1.05094546686268,0.233365793891073
"3901",4.09328814690613,1.05024078688489,0.232698319697145
"3902",4.09307844780014,1.0499671100289,0.232439102540816
"3903",4.09277960912442,1.04957710628171,0.23206971435399
"3904",4.0925384260498,1.04926235423089,0.231771608407317
"3905",4.09236015163898,1.04902970441975,0.231551267395218
"3906",4.09227101166484,1.04891337728672,0.231441096305132
"3907",4.09226598980479,1.048906823817,0.231434889675916
"3908",4.09126937001336,1.04760630576949,0.230203265009717
"3909",4.09124839069879,1.04757893054387,0.230177341318264
"3910",4.0911382475858,1.04743520926441,0.23004124158693
"3911",4.09092844320998,1.04716144819699,0.229782002372285
"3912",4.08985325225317,1.04575858368225,0.228453641976031
"3913",4.08941776174604,1.04519041639133,0.227915691173102
"3914",4.08910045597724,1.0447764559669,0.227523761360762
"3915",4.08890328656527,1.04451923353383,0.227280234537465
"3916",4.08868476224322,1.04423415819522,0.227010343594652
"3917",4.08648520468688,1.04136510689862,0.224294448758376
"3918",4.08604242652366,1.04078764330108,0.22374788568013
"3919",4.08584263855062,1.04052709306069,0.223501285811899
"3920",4.08560104498755,1.04021203094161,0.223203099487253
"3921",4.08535607520487,1.03989257514142,0.222900762362897
"3922",4.08516508780964,1.0396435222372,0.222665060720692
"3923",4.08505666914007,1.03950214381593,0.22253126338537
"3924",4.08498648862611,1.03941062910874,0.222444656731795
"3925",4.08491070033981,1.03931180279852,0.222351131305206
"3926",4.08457672948035,1.03887632283225,0.221939018427135
"3927",4.08332917342413,1.0372497375995,0.220399837430063
"3928",4.08321054446333,1.03709508054588,0.220253501062465
"3929",4.08305813135074,1.0368963824436,0.220065495696228
"3930",4.08290067827212,1.0366911179694,0.219871280393872
"3931",4.08285337436769,1.03662945082811,0.219812933340231
"3932",4.08205414994227,1.03558761017053,0.218827226761374
"3933",4.0819858061518,1.03549852478014,0.218742944996309
"3934",4.08079747012326,1.03394967435476,0.217277704861637
"3935",4.08066095618184,1.03377176146657,0.217109407449228
"3936",4.0805942575678,1.03368483720327,0.217027181942836
"3937",4.08011373621488,1.03305862705696,0.216434838547723
"3938",4.08000349701713,1.0329149705858,0.216298955400099
"3939",4.07999275425726,1.03290097144904,0.216285713845064
"3940",4.0799559328435,1.03285298878401,0.216240327934883
"3941",4.07986314173207,1.03273207209667,0.216125955843305
"3942",4.07875135720525,1.03128342549891,0.214755800833732
"3943",4.07827751975199,1.03066609134562,0.214171962496924
"3944",4.07804595114614,1.0303644106284,0.213886660820597
"3945",4.07790910786257,1.0301861402349,0.213718072344183
"3946",4.07783542077007,1.03009014709578,0.213627293588835
"3947",4.07774067790754,1.02996672591741,0.213510577691649
"3948",4.07721450369483,1.02928131342526,0.212862422978328
"3949",4.07685102005015,1.02880785990199,0.212414725690437
"3950",4.07592953138841,1.02760770182589,0.211279930877422
"3951",4.07500801272337,1.02640768265542,0.210145373032998
"3952",4.07485254874124,1.02620525235119,0.209953995750333
"3953",4.07451806908553,1.02576974267796,0.2095422757804
"3954",4.07437032215057,1.02557737632174,0.209360421851451
"3955",4.0743229022703,1.02551563669588,0.209302056743702
"3956",4.07429128863724,1.0254744767241,0.209263146617716
"3957",4.07363787201799,1.02462379771237,0.208458994330191
"3958",4.07329025531955,1.02417127628833,0.208031244503238
"3959",4.0731108278469,1.02393771128654,0.20781047100039
"3960",4.07236754978659,1.02297024617809,0.206896032832883
"3961",4.07069586112546,1.02079481024047,0.204840082249929
"3962",4.07031604840684,1.02030063663119,0.204373099059503
"3963",4.07012107205153,1.02004696672939,0.20413339348252
"3964",4.07007886516668,1.01999205555463,0.204081505740072
"3965",4.06970593100824,1.01950688683438,0.203623060138227
"3966",4.06965654176732,1.0194426364362,0.203562349938263
"3967",4.06922382942291,1.01887974706966,0.203030488611079
"3968",4.06906550490755,1.01867380378097,0.202835903243821
"3969",4.06892300589651,1.01848845108839,0.202660775519384
"3970",4.06825264412615,1.01761655954358,0.201837015258421
"3971",4.06759571918538,1.01676225414301,0.201029923800975
"3972",4.06679000448626,1.01571460415131,0.200040245287191
"3973",4.06415355821306,1.0122876955654,0.196803518226252
"3974",4.06366166971483,1.01164853648188,0.196199924017058
"3975",4.06252999421998,1.01017829463431,0.194811602830888
"3976",4.06054054301334,1.00759453719439,0.192372186677798
"3977",4.05957176387765,1.00633677397239,0.191184861545888
"3978",4.05801465494903,1.00431577338478,0.189277279523928
"3979",4.05785064253301,1.00410294161048,0.189076408862829
"3980",4.05682791511151,1.00277598050681,0.18782409570146
"3981",4.05645688213001,1.00229465598176,0.187369879038364
"3982",4.05636935693053,1.00218111976368,0.1872627395081
"3983",4.05634026119961,1.00214337780588,0.187227124154689
"3984",4.05586820058778,1.00153107485472,0.186649336139699
"3985",4.05506239888661,1.00048604551558,0.185663275780675
"3986",4.0550038342994,1.00041010233532,0.185591620957382
"3987",4.05490306161674,1.00027942873283,0.185468327188549
"3988",4.05438322554709,0.999605401244004,0.184832384923346
"3989",4.05232430549424,0.996936653811733,0.182314749718867
"3990",4.05222320435784,0.996805644576047,0.182191171653781
"3991",4.05209577554489,0.996640524302314,0.182035419152697
"3992",4.05155413196426,0.995938733325375,0.18137346453497
"3993",4.05121491377414,0.995499270456025,0.18095896510344
"3994",4.05023443935174,0.994229276012183,0.179761189145933
"3995",4.05009346412687,0.994046700771765,0.179589005508924
"3996",4.04989684263048,0.993792070572786,0.179348872009259
"3997",4.04970720941776,0.993546503484965,0.179117290001347
"3998",4.04833903580717,0.991775160852407,0.177446952511919
"3999",4.04764232197875,0.990873405012263,0.176596702033877
"4000",4.04745614320815,0.990632464554029,0.176369533088645
"4001",4.04743678034589,0.990607407138939,0.176345908125143
"4002",4.04718787498507,0.990285312030765,0.176042230125534
"4003",4.04692967050545,0.989951207984853,0.175727237632557
"4004",4.04616313351006,0.988959494745804,0.174792299446908
"4005",4.04596087127387,0.988697853664547,0.17454564881796
"4006",4.04587060505713,0.988581092725283,0.174435579142807
"4007",4.04570003404003,0.988360464648704,0.174227597326176
"4008",4.04417169395417,0.986384109360737,0.172364679526836
"4009",4.04385205427657,0.98597088671414,0.171975209781036
"4010",4.04354858117444,0.985578601306767,0.171605484965759
"4011",4.04302633992003,0.984903610569501,0.170969338938532
"4012",4.04271697723902,0.9845038145078,0.1705925657807
"4013",4.04260526335819,0.984359453732884,0.170456521040133
"4014",4.04056807417728,0.981727816843673,0.167976740956211
"4015",4.04024770418209,0.981314119674896,0.167586960546262
"4016",4.0400716052598,0.981086739577247,0.167372730965189
"4017",4.0396980161137,0.980604401977112,0.166918301463209
"4018",4.03794152880089,0.978337412725817,0.164782701167792
"4019",4.03709180947164,0.977241210542577,0.163750162623686
"4020",4.0366268516285,0.976641513610166,0.16318533001799
"4021",4.03567547214329,0.975414734179724,0.162029950637641
"4022",4.03542948294945,0.975097603107606,0.161731294302321
"4023",4.03482143537061,0.974313820470064,0.160993202105287
"4024",4.03473391638672,0.974201020905848,0.160886981744816
"4025",4.03254134650596,0.971376252676307,0.158227265794866
"4026",4.03242695490795,0.971228938789001,0.158088574992987
"4027",4.03084110844534,0.969187314262388,0.156166615824382
"4028",4.03082502941299,0.969166620157605,0.156147136167321
"4029",4.0304071568342,0.968628851322854,0.155640937274994
"4030",4.03016054530983,0.968311521122225,0.155342245660914
"4031",4.02960824136196,0.967600943930035,0.154673430460733
"4032",4.0294685742425,0.967421275888592,0.154504327505691
"4033",4.02791284985447,0.965420632528084,0.152621482743443
"4034",4.02737436270924,0.96472842193818,0.151970095566794
"4035",4.02715030118993,0.964440439392181,0.151699106876714
"4036",4.02672629280083,0.963895537046996,0.151186375246636
"4037",4.02593949906736,0.962884650547213,0.150235226389179
"4038",4.02532920152418,0.962100745024871,0.149497694861986
"4039",4.02451771439515,0.961058712791679,0.148517373902542
"4040",4.02360860821118,0.959891730104661,0.147419593219604
"4041",4.02347605949125,0.959721618461132,0.147259577206317
"4042",4.02311559104998,0.959259043302893,0.146824464853287
"4043",4.02099811548523,0.956543148601692,0.144270115422197
"4044",4.02080957374264,0.956301438557031,0.144042807824458
"4045",4.02001749148669,0.955286199583553,0.14308810746528
"4046",4.01820552385891,0.952965017731353,0.14090561023659
"4047",4.01793885756001,0.952623562426223,0.140584588015531
"4048",4.01776849934155,0.95240544622871,0.140379528442348
"4049",4.01716713792447,0.951635628524119,0.139655819461247
"4050",4.01641900007524,0.95067819967416,0.138755794624702
"4051",4.01572536018244,0.949790794814861,0.137921652996119
"4052",4.01560881968676,0.94964172589065,0.137781536824708
"4053",4.01529545256667,0.949240930785249,0.137404820347532
"4054",4.01455526961989,0.948294461540777,0.13651525713259
"4055",4.01406329439211,0.94766554753054,0.135924191135084
"4056",4.0137115718189,0.947216009868351,0.135501723674605
"4057",4.01338164514806,0.946794394340312,0.135105509851389
"4058",4.01318172458598,0.946538945072281,0.134865457100559
"4059",4.01182312777396,0.944803607553155,0.133234833823868
"4060",4.01123855681208,0.944057266323653,0.132533593632237
"4061",4.01118416978228,0.943987838811371,0.132468363581034
"4062",4.01115904045085,0.94395576066805,0.132438224938311
"4063",4.01058832058966,0.943227324661909,0.131753850911077
"4064",4.01046912629972,0.94307521584654,0.131610947630938
"4065",4.00996539834816,0.942432480761637,0.131007128439256
"4066",4.00947190795549,0.941802955036917,0.130415746950438
"4067",4.00944503085222,0.941768673185341,0.130383543104836
"4068",4.00929299822104,0.941574763111383,0.130201388509636
"4069",4.00881604411148,0.940966521878648,0.129630038050547
"4070",4.00847953783398,0.940537470782846,0.129227025230088
"4071",4.0078504266567,0.939735527292856,0.128473784922396
"4072",4.00775252012573,0.939610745026085,0.128356584942749
"4073",4.00685145616399,0.938462609841908,0.127278266867537
"4074",4.00632470919846,0.937791659526824,0.126648159677348
"4075",4.00482742667501,0.935885414162358,0.124858128730349
"4076",4.00429188778954,0.935203938835064,0.124218262418937
"4077",4.00373745191546,0.934498606552465,0.123556030730401
"4078",4.00249675069016,0.93292093673381,0.122074896227246
"4079",4.00240824586732,0.932808431760536,0.121969282091844
"4080",4.00228987632934,0.932657971361387,0.121828038691257
"4081",4.00222998678342,0.932581848719675,0.121756579838601
"4082",4.00155603656011,0.931725382019652,0.120952614831285
"4083",4.00155238906645,0.931720747518277,0.120948264570073
"4084",4.00137496097226,0.931495317896943,0.120736662717836
"4085",4.00041047710565,0.930270256640739,0.119586810380438
"4086",3.99913451509576,0.928650491281123,0.118066652295118
"4087",3.99839246545932,0.927708988549251,0.117183134669568
"4088",3.9971039730968,0.926075029312704,0.115649960675332
"4089",3.99684528778083,0.925747118808497,0.115342299703384
"4090",3.99670974237327,0.925575318732057,0.115181111975639
"4091",3.9965371550633,0.925356586808487,0.114975894576949
"4092",3.99483564709675,0.923201216759808,0.112953883392808
"4093",3.99467888755325,0.923002741216747,0.112767705260855
"4094",3.99387266720618,0.921982237394701,0.111810477002911
"4095",3.99259141727006,0.92036135980458,0.110290258807551
"4096",3.99236330979077,0.920072904859338,0.110019737817936
"4097",3.99145711695914,0.918927327141491,0.108945444457638
"4098",3.99142422619832,0.918885758471051,0.108906464259672
"4099",3.99092443151725,0.918254190292548,0.108314239519281
"4100",3.99080817387029,0.918107305628423,0.108176509269109
"4101",3.99020128423392,0.917340689616136,0.107457697805777
"4102",3.99006412196177,0.917167463500631,0.10729527977826
"4103",3.98998808640523,0.917071441724267,0.10720525004906
"4104",3.9897458578145,0.916765569517335,0.106918469779031
"4105",3.98962919337255,0.916618267131857,0.106780364211604
"4106",3.98922990857142,0.91611419623468,0.106307777241063
"4107",3.98913235778004,0.915991061824917,0.106192336613818
"4108",3.9879997019179,0.914561848913299,0.104852508104932
"4109",3.98795597970328,0.914506697390996,0.104800808887115
"4110",3.987779916323,0.914284623516056,0.104592638422977
"4111",3.98767001145441,0.914146008489021,0.104462703566803
"4112",3.98620398823638,0.912297845605365,0.102730412267888
"4113",3.98605347699472,0.912108188776801,0.102552660662319
"4114",3.9859365252077,0.911960830951232,0.102414554725133
"4115",3.98586775070568,0.91187418052137,0.102333345425309
"4116",3.98554175864498,0.91146350276198,0.101948463506182
"4117",3.98538348793486,0.911264144430143,0.101761632042859
"4118",3.98339391036891,0.908759618007999,0.0994147368747866
"4119",3.9808730540595,0.905590477744674,0.0964457431815672
"4120",3.98076815330063,0.905458701916109,0.096322306294126
"4121",3.98047196130691,0.9050866712483,0.0959738253964132
"4122",3.98002811009832,0.904529296533669,0.0954517527568017
"4123",3.97761756129697,0.901504789596992,0.0926192247394134
"4124",3.97760838837137,0.901493288751124,0.0926084552535102
"4125",3.97660774750877,0.900239088196541,0.0914340732052631
"4126",3.97618566477347,0.899710280046973,0.0909389555337834
"4127",3.97585682712746,0.899298388979304,0.0905533212101526
"4128",3.97550219969854,0.898854287519553,0.0901375446131134
"4129",3.97539136027155,0.898715502659509,0.0900076146275462
"4130",3.97405505526479,0.897043027205275,0.0884419662339874
"4131",3.97369021754159,0.896586648531263,0.0880147761257097
"4132",3.97309500935835,0.895842319597759,0.0873180872038468
"4133",3.97298953036647,0.895710443168925,0.087194655925822
"4134",3.97237870471847,0.894946921616571,0.086480055909395
"4135",3.97227317116651,0.894815036058029,0.0863566253707777
"4136",3.97183841172002,0.894271808089996,0.0858482375136984
"4137",3.97173982570213,0.89414864639003,0.0857329780644866
"4138",3.97167870003562,0.894072287053215,0.0856615186647951
"4139",3.97166958709934,0.894060903252641,0.0856508653958901
"4140",3.97112256684777,0.893377689991534,0.085011514640238
"4141",3.97111589573475,0.893369359409199,0.0850037191112593
"4142",3.96998294109199,0.891955087186637,0.0836803617367816
"4143",3.96928710778119,0.891086979712985,0.082868138000199
"4144",3.96882818146197,0.890514643447985,0.0823326781479115
"4145",3.96855410973494,0.890172923210239,0.0820129878266088
"4146",3.96768852333161,0.889094080671645,0.0810037567699045
"4147",3.96699972791705,0.888236015105483,0.0802011234748365
"4148",3.96629448746602,0.887357859244368,0.0793797586538793
"4149",3.96542387650078,0.886274341124832,0.0783663976037721
"4150",3.96516704985831,0.885954825221132,0.0780675881164439
"4151",3.96498277427333,0.885725602534631,0.0778532253909539
"4152",3.96388217597865,0.884357130042587,0.0765735555262578
"4153",3.96366497883473,0.884087185897449,0.0763211463085597
"4154",3.96352442594205,0.883912519781546,0.0761578292076419
"4155",3.96349088196019,0.883870836807333,0.0761188549671984
"4156",3.96266521118021,0.882845117364815,0.0751598350710866
"4157",3.96253452379985,0.882682817193636,0.075008096559789
"4158",3.96232951722461,0.882428248364956,0.0747700980283125
"4159",3.96223796942318,0.882314579104757,0.0746638293678291
"4160",3.96216521959339,0.8822242550043,0.0745793866882296
"4161",3.96153828726079,0.881446052869454,0.0738518840929109
"4162",3.96055251118408,0.880223072481395,0.0727086788537242
"4163",3.95979027459635,0.879277965937476,0.071825304220495
"4164",3.95900516249651,0.878304992907032,0.0709159584490286
"4165",3.95868739727916,0.877911336624754,0.0705480668739196
"4166",3.95837434004637,0.877523593637778,0.0701857137842773
"4167",3.95819713418918,0.877304147561528,0.0699806426847739
"4168",3.95747847357838,0.876414445194701,0.0691492607234711
"4169",3.95690574954056,0.875705715841478,0.0684870346109488
"4170",3.95680848263259,0.875585377618603,0.068374596400415
"4171",3.95631511527544,0.87497510519105,0.0678044053805119
"4172",3.95627183295305,0.874921576515671,0.0677543937901446
"4173",3.95590504401469,0.874468018338457,0.0673306457982822
"4174",3.95347684673593,0.871468187075822,0.0645283974495314
"4175",3.95333859123561,0.871297530245344,0.0643690027474156
"4176",3.95322591335236,0.871158457011624,0.064239109093102
"4177",3.95310195657397,0.871005474835064,0.0640962263679931
"4178",3.95217393997828,0.869860558791893,0.063026954570306
"4179",3.95193135621977,0.869561394600491,0.0627475735469057
"4180",3.95191250671833,0.869538150659546,0.0627258669876171
"4181",3.95136533790823,0.868863546619201,0.0620959011132598
"4182",3.95091953768196,0.868314102615318,0.0615828407409815
"4183",3.95042277240789,0.867702038170294,0.0610113353872285
"4184",3.9487787236653,0.865677861119788,0.0591215088147466
"4185",3.94852996002665,0.865371774498972,0.0588357669684895
"4186",3.9481567262644,0.864912632047454,0.0584071567641484
"4187",3.94771743164742,0.864372371109929,0.0579028442333017
"4188",3.94695713625701,0.863437709413037,0.0570304299176365
"4189",3.94543910241781,0.861572963973803,0.0552900863544565
"4190",3.94446958665598,0.860383016868777,0.0541796713438516
"4191",3.94383419293529,0.859603582380285,0.0534523940769487
"4192",3.94376609673824,0.859520069015413,0.0533744720865425
"4193",3.94258519906902,0.858072426487506,0.0520238421098894
"4194",3.9425008051627,0.857969013866349,0.0519273661280821
"4195",3.94162290030669,0.856893619292137,0.0509241577426796
"4196",3.94081753715712,0.855907649978157,0.0500044547187297
"4197",3.94026002845505,0.855225434351661,0.0493681366995159
"4198",3.94014361722713,0.855083016279791,0.0492353049153538
"4199",3.93993987827227,0.854833788250034,0.0490028566272778
"4200",3.93975351299967,0.854605843286488,0.0487902629190876
"4201",3.93918985442689,0.8539166041129,0.0481474672556866
"4202",3.93756583814602,0.851932248237791,0.0462970412016607
"4203",3.93677874373025,0.850971305234055,0.0454010705466402
"4204",3.93674240594651,0.850926953899626,0.0453597197656111
"4205",3.93596833741551,0.849982442991086,0.0444791471440933
"4206",3.93387173381357,0.847426708202856,0.0420967876147082
"4207",3.93386005578937,0.847412483149254,0.0420835290523728
"4208",3.93350548250857,0.84698063030772,0.0416810254277162
"4209",3.93348341732715,0.84695375948601,0.041655981282678
"4210",3.93345710596698,0.84692171823178,0.0416261182680676
"4211",3.93335757555861,0.846800518078696,0.0415131583461672
"4212",3.93263145886041,0.845916562900296,0.0406893384482598
"4213",3.932248597962,0.845450656405252,0.0402551532341294
"4214",3.93205758882103,0.845218261869441,0.0400385879482431
"4215",3.93190092639311,0.845027678719551,0.0398609894239531
"4216",3.93165303468987,0.844726155346486,0.0395800152292788
"4217",3.9310457363149,0.843987685394335,0.0388919043710801
"4218",3.93086109655503,0.843763226365649,0.0386827609254337
"4219",3.93048850248087,0.843310366199858,0.0382608134887637
"4220",3.93046614342439,0.8432831941548,0.0382354967721681
"4221",3.92988557688114,0.842577802596868,0.0375782911008201
"4222",3.92984871081367,0.842533019692839,0.0375365687328273
"4223",3.92981101044123,0.842487224502587,0.0374939034301118
"4224",3.92894090439648,0.841430626322188,0.036509566613086
"4225",3.92866329205951,0.841093646666019,0.0361956524711192
"4226",3.92861162075975,0.841030932634873,0.0361372321064358
"4227",3.92830236666031,0.840655634481676,0.0357876351953995
"4228",3.92793822530159,0.840213830631737,0.0353761018725234
"4229",3.92713146452439,0.839235405265705,0.0344647711623778
"4230",3.92664657772897,0.838647606916841,0.0339173184071699
"4231",3.92650766058577,0.838479242756919,0.0337605157441255
"4232",3.92563991465796,0.837427924322845,0.0327814436474376
"4233",3.92562472300477,0.837409524516806,0.0327643090811027
"4234",3.92346077250512,0.834790584258148,0.0303257417094945
"4235",3.92226906080346,0.833349994465948,0.0289846106917272
"4236",3.92161716290913,0.832562462196913,0.0282515227064046
"4237",3.92153634349987,0.832464852512186,0.0281606646400452
"4238",3.92142063423702,0.832325114218899,0.0280305933617005
"4239",3.91991286018331,0.830505262058047,0.0263367860786767
"4240",3.91971053330893,0.830261204397581,0.0261096531246796
"4241",3.91930578364042,0.829773077623071,0.0256553914962025
"4242",3.91885462607505,0.829229146963984,0.0251492210181721
"4243",3.91823513749077,0.828482552417708,0.0244544961336061
"4244",3.91815073459671,0.828380857069134,0.0243598696875674
"4245",3.91693560836893,0.826917447055627,0.0229982783534192
"4246",3.91574159657152,0.825480689201053,0.0216616602144516
"4247",3.91559926288824,0.825309499629173,0.021502413893084
"4248",3.91465934043887,0.824179456140583,0.0204512714283698
"4249",3.91390457992115,0.823272572957042,0.019607786145564
"4250",3.91297502919464,0.822156338160279,0.0185696803078435
"4251",3.9127715994099,0.821912151395656,0.0183425990989657
"4252",3.91265533920676,0.821772614427361,0.018212839129173
"4253",3.91260301864725,0.821709822394551,0.0181544473141837
"4254",3.91259273432856,0.821697480040011,0.0181429699026049
"4255",3.91218404100111,0.82120707458111,0.0176869421892064
"4256",3.91187030461631,0.820830708083833,0.0173369731305999
"4257",3.91154451827517,0.820439975142787,0.0169736580379791
"4258",3.91114050065366,0.819955541247331,0.0165232351109964
"4259",3.91020525372019,0.818834676826706,0.015481140862713
"4260",3.90994346030679,0.818521059574124,0.0151895827164513
"4261",3.9098968538213,0.818465233157887,0.0151376838838484
"4262",3.90891772163258,0.817292833915949,0.014047828792506
"4263",3.90822581230895,0.816464846382602,0.0132782078422172
"4264",3.90771024933877,0.815848154040268,0.0127050257795685
"4265",3.90762820610664,0.815750038770059,0.0126138359822123
"4266",3.90755601029997,0.815663704781143,0.0125335965700208
"4267",3.90663013169598,0.814556906576326,0.0115049875617071
"4268",3.90601668125931,0.813823991015006,0.0108239066974949
"4269",3.90511641482465,0.812748988931848,0.00982501715984262
"4270",3.90427152518162,0.811740745072023,0.00888825031685976
"4271",3.90376681401055,0.811138743764007,0.00832896856309073
"4272",3.90269086691799,0.809856123961179,0.00713747199664613
"4273",3.90209021910199,0.809140534189892,0.00647278340078933
"4274",3.89917006758961,0.805665999667617,0.00324603616267725
"4275",3.89810487408649,0.804400411727646,0.00207096759197437
"4276",3.89742629937502,0.803594687543182,0.00132294530497516
"4277",3.89732963995004,0.803479948682087,0.00121642812794909
"4278",3.89725565693163,0.803392133132954,0.00113490584274439
"4279",3.89721000487601,0.803337947916118,0.00108460412664254
"4280",3.89688453115477,0.802951689661633,0.000726036856624637
"4281",3.89616652873574,0.802099918730172,-6.46236404839973e-05
"4282",3.89611940994124,0.802044036970588,-0.000116493907092106
"4283",3.89566917489086,0.801510165752369,-0.000612027014427558
"4284",3.89527096836562,0.80103813393315,-0.00105014042774072
"4285",3.89469535115742,0.800356042766905,-0.00168318414022482
"4286",3.8908062490655,0.795755072244539,-0.00595222604246663
"4287",3.89070662214957,0.795637381514299,-0.00606140132326356
"4288",3.89057055773964,0.795476660537978,-0.00621049140964945
"4289",3.88999614890976,0.794798338552254,-0.00683969970466287
"4290",3.88990185163512,0.794687009808408,-0.00694296377135675
"4291",3.88989144707843,0.794674726508647,-0.00695435719801684
"4292",3.88938464427414,0.794076524350509,-0.00750920569686258
"4293",3.88785800358419,0.792275908109285,-0.00917913060988265
"4294",3.88751407047461,0.791870530884824,-0.00955504456300422
"4295",3.88685287243701,0.791091497422866,-0.0102774152245827
"4296",3.88595331730618,0.790032237712766,-0.0112595416579348
"4297",3.88563855554092,0.789661760021531,-0.0116030178162019
"4298",3.88549030651836,0.789487299286915,-0.0117647590039923
"4299",3.88438465597799,0.788186762626703,-0.0129703891023402
"4300",3.88426573721474,0.788046946092952,-0.013099993360002
"4301",3.88423220068153,0.788007518357861,-0.0131365409494525
"4302",3.8829806878865,0.786536857651767,-0.0144996703777234
"4303",3.88235552989331,0.785802740797538,-0.0151800363150339
"4304",3.88210537839672,0.785509085637224,-0.0154521766696575
"4305",3.88150576284124,0.784805413127012,-0.0161042620513476
"4306",3.87983598536515,0.782847513105052,-0.0179183865300822
"4307",3.8796607661033,0.782642200292161,-0.0181086020529456
"4308",3.87883770788224,0.781678141456731,-0.019001718648437
"4309",3.87758766407523,0.780215078173342,-0.0203569553718442
"4310",3.87669417168009,0.77917016105373,-0.0213247416121106
"4311",3.87634353556275,0.778760291082654,-0.0217043292421889
"4312",3.87620229561366,0.778595221410745,-0.0218571986970485
"4313",3.8745772190964,0.776697217534343,-0.0236147399104766
"4314",3.87373517207858,0.775714657552751,-0.0245244531663545
"4315",3.87303606160521,0.774899356423813,-0.0252792396136151
"4316",3.87284668582662,0.774678580270885,-0.0254836182389072
"4317",3.87218369960057,0.773905911122794,-0.0261988636092919
"4318",3.87066359240051,0.772135768575736,-0.0278372402543654
"4319",3.87025736630438,0.771663065284424,-0.0282747066113094
"4320",3.87022463589783,0.771624984941158,-0.0283099473987053
"4321",3.8701978261404,0.771593793699606,-0.0283388126857027
"4322",3.86971057142968,0.771027016621015,-0.0288633088002622
"4323",3.86914160991255,0.770365459286387,-0.0294754763499851
"4324",3.86871415497429,0.769868623299948,-0.0299351929616067
"4325",3.86834293249613,0.769437275852238,-0.0303342948656345
"4326",3.86832871669913,0.769420759977745,-0.0303495757398904
"4327",3.86801545955888,0.769056863245264,-0.0306862549792589
"4328",3.8674670684798,0.768420027200996,-0.0312754289909817
"4329",3.86704886817654,0.767934554675602,-0.0317245420061616
"4330",3.86664704144818,0.767468232557628,-0.032155917835711
"4331",3.86615838462484,0.766901332333206,-0.032680306619038
"4332",3.86592907171331,0.76663537335682,-0.0329263109986222
"4333",3.86430456237988,0.764752558456672,-0.0346676679096301
"4334",3.86350662582375,0.763828582036667,-0.0355221012807419
"4335",3.86341375548337,0.763721077910223,-0.035621508815883
"4336",3.86286290111718,0.763083577377703,-0.0362109737687915
"4337",3.8628231356681,0.763037567199391,-0.0362535155816288
"4338",3.86239435457577,0.762541537453518,-0.0367121404565491
"4339",3.86233625072652,0.762474332993064,-0.0367742753147078
"4340",3.86200608277315,0.762092507253683,-0.0371272896197611
"4341",3.86181838727403,0.76187548701421,-0.0373279279260523
"4342",3.86144291114603,0.76144143929498,-0.0377291976733972
"4343",3.86075828355617,0.760650327534688,-0.0384605205181643
"4344",3.86051584708321,0.760370280315951,-0.0387193885207653
"4345",3.86036430027057,0.760195248774036,-0.0388811790672154
"4346",3.8599883844356,0.7597611638183,-0.0392824131180841
"4347",3.85929889578751,0.758965299981375,-0.0400180000038313
"4348",3.85862540469755,0.758188296583028,-0.0407360959480898
"4349",3.85680285477333,0.756087583537599,-0.0426772540276362
"4350",3.8557788701654,0.754908565565512,-0.0437665349013815
"4351",3.85525548413581,0.754306284763518,-0.0443229229442935
"4352",3.85416072116393,0.75304725626532,-0.0454859015682576
"4353",3.85406402413589,0.752936099444709,-0.0455885709366195
"4354",3.85364952460119,0.752459707420364,-0.0460285740770004
"4355",3.85314754789991,0.751882972819644,-0.0465612255370421
"4356",3.85270235514704,0.751371658900074,-0.047033429603993
"4357",3.85239081481614,0.75101394842785,-0.0473637639796616
"4358",3.85189084280066,0.750440053872434,-0.0478937113828963
"4359",3.85054026112708,0.748890849554707,-0.0493241209173358
"4360",3.84999730224135,0.748268478535911,-0.0498987014189667
"4361",3.8499178331051,0.748177407444886,-0.0499827761630506
"4362",3.84878026087771,0.746874346169265,-0.0511856430031975
"4363",3.84852324678796,0.746580095134515,-0.0514572454409704
"4364",3.84694941732152,0.744779468020254,-0.053119091358813
"4365",3.84671041460322,0.744506207471428,-0.0533712626384905
"4366",3.84558219815341,0.743216929967656,-0.0545609384586463
"4367",3.84500630875704,0.742559243735147,-0.0551677523157017
"4368",3.84462506288962,0.74212400174127,-0.0555693044648542
"4369",3.84454225261919,0.7420294792448,-0.0556565079697479
"4370",3.84371596682801,0.74108664569468,-0.0565262880736603
"4371",3.84370982333798,0.741079637825263,-0.0565327526216135
"4372",3.84316293259289,0.740455928147836,-0.0571080863487997
"4373",3.84299697493475,0.740266709220195,-0.0572826214694084
"4374",3.84230832435662,0.739481783058885,-0.058006597435874
"4375",3.84223451803014,0.739397682107613,-0.0580841642229584
"4376",3.84154766653129,0.738615247733927,-0.0588057739902888
"4377",3.84016618431115,0.737042720904929,-0.0602558707508044
"4378",3.83888681335342,0.735587858496228,-0.0615972427574816
"4379",3.83871756399474,0.735395496225059,-0.0617745833570456
"4380",3.83853956055422,0.735193210364631,-0.0619610685865178
"4381",3.83824871818495,0.73486274985977,-0.062265707815412
"4382",3.83814382096497,0.734743581116172,-0.0623755623397165
"4383",3.83678703837158,0.733203036926218,-0.0637955686758753
"4384",3.83565458799841,0.731918389780711,-0.0649795167972217
"4385",3.83549903239434,0.731742012015476,-0.065142055870492
"4386",3.83413269607998,0.730193652148753,-0.0665687951063269
"4387",3.83387267808379,0.729899171263466,-0.0668401175265
"4388",3.83375901046757,0.729770455837782,-0.0669587077871719
"4389",3.83344007747275,0.729409358730785,-0.0672913908465596
"4390",3.8331666460192,0.729099846253223,-0.0675765378065411
"4391",3.83281348253731,0.728700172945427,-0.0679447334946876
"4392",3.83276390786401,0.728644077870751,-0.0679964093095443
"4393",3.83221845858584,0.728027022715963,-0.0685648306883916
"4394",3.83161287348896,0.727342227762803,-0.0691956073900444
"4395",3.8315142486766,0.727230731872996,-0.069298303684287
"4396",3.83104583133182,0.726701294123097,-0.0697859392457305
"4397",3.8309593116638,0.726603523588546,-0.0698759870919313
"4398",3.83048758558554,0.726070564677705,-0.0703668314986128
"4399",3.83016472471673,0.725705901297399,-0.0707026623543487
"4400",3.8300902067148,0.725621747370381,-0.0707801606202578
"4401",3.82997371567549,0.72549020212593,-0.0709013006111449
"4402",3.82869840104125,0.724050816499047,-0.0722267145923173
"4403",3.82852787843201,0.723858458580142,-0.0724038253550546
"4404",3.82812632412397,0.723405581220529,-0.0728207906014134
"4405",3.82719303604962,0.72235352804477,-0.0737893370337861
"4406",3.82714946580979,0.722304431048827,-0.0738345341735505
"4407",3.8271121186967,0.722262347825798,-0.0738732744585851
"4408",3.82702896939193,0.722168658265698,-0.0739595210064733
"4409",3.82678056674788,0.721888801728043,-0.0742171394226125
"4410",3.82613447735455,0.721161142771046,-0.0748869389662418
"4411",3.82494634289181,0.719823915372856,-0.076117695092744
"4412",3.82486766479662,0.719735406032649,-0.07619915072674
"4413",3.82425080640543,0.719041647398455,-0.0768375925963894
"4414",3.82374860085525,0.718477069921881,-0.077357116842321
"4415",3.82269078626558,0.717288570096461,-0.0784506667163653
"4416",3.82234979560217,0.716905652425144,-0.0788029617162236
"4417",3.82080169389239,0.715168428357849,-0.0804010656419947
"4418",3.82052801975119,0.714861530364568,-0.0806833541150445
"4419",3.81976154422759,0.714002340180157,-0.0814735955439211
"4420",3.81968927572958,0.713921355391037,-0.0815480774639157
"4421",3.81953498660626,0.713748472178256,-0.0817070763190926
"4422",3.81854005181049,0.712634114097691,-0.0827318649647718
"4423",3.81828594284343,0.712349637649744,-0.0829934551546107
"4424",3.81706928490038,0.710988335548725,-0.084245123088436
"4425",3.81590168639593,0.709683098493419,-0.0854450595718475
"4426",3.81523310702253,0.708936223604233,-0.0861315998861073
"4427",3.81502841336395,0.708707634266395,-0.0863417114919127
"4428",3.81482063701696,0.708475638551067,-0.0865549485314286
"4429",3.81429917080144,0.707893548412495,-0.0870899472935036
"4430",3.81356347555445,0.707072714412698,-0.0878443150731843
"4431",3.81352823916448,0.707033411751488,-0.0878804334676663
"4432",3.81325712359977,0.706731044624379,-0.0881582976586519
"4433",3.81218447135025,0.705535357029984,-0.0892569962427038
"4434",3.81210887991009,0.705451131822221,-0.0893343838028322
"4435",3.81131263746275,0.704564239426518,-0.0901492304078443
"4436",3.81100933019445,0.704226542697314,-0.0904594729364925
"4437",3.81096184613276,0.704173681872297,-0.0905080351748934
"4438",3.80889541128694,0.701875109788463,-0.0926194050027704
"4439",3.80832559547135,0.701241919648983,-0.0932009283988839
"4440",3.80780114491495,0.7006593838472,-0.0937358933089306
"4441",3.8066858041144,0.699421290831704,-0.094872762272998
"4442",3.80633143718494,0.699028144282511,-0.0952337319851868
"4443",3.80631245037674,0.699007082694404,-0.0952530693384858
"4444",3.80582502249615,0.698466496173307,-0.0957493839387416
"4445",3.80579969631544,0.698438413454057,-0.0957751659467005
"4446",3.80563089853365,0.698251257410849,-0.095946986865182
"4447",3.80552740709107,0.698136522338172,-0.0960523189798756
"4448",3.80486226251861,0.697399331903964,-0.096729060649774
"4449",3.80385664461451,0.696285504475735,-0.0977514460512672
"4450",3.80300429465214,0.695342111792582,-0.0986172857491731
"4451",3.80231873966106,0.694583779336739,-0.0993132096944535
"4452",3.801473528152,0.693649393080979,-0.100170614473963
"4453",3.8007808345719,0.692884070691822,-0.100872814717485
"4454",3.80074268936207,0.692841937858558,-0.100911470709712
"4455",3.80065404622815,0.692744032946436,-0.101001295684446
"4456",3.8003043014431,0.692357810912964,-0.101355633440841
"4457",3.79966905216674,0.691656574327324,-0.101998939215462
"4458",3.79940086357705,0.691360630781945,-0.102270418390934
"4459",3.79622720307854,0.687863195410433,-0.105478025471103
"4460",3.79615062786068,0.68777891448911,-0.105555305941933
"4461",3.79602529008412,0.687640974903125,-0.105681786492994
"4462",3.79547400535696,0.687034422147369,-0.106237926915144
"4463",3.79503618632908,0.686552895799077,-0.106679404063494
"4464",3.7943595861932,0.685809073853349,-0.107361312290032
"4465",3.79367441266438,0.685056226491105,-0.108051434009547
"4466",3.79344599732854,0.684805340258773,-0.108281403364561
"4467",3.79324360933503,0.6845830792449,-0.108485128372236
"4468",3.79312846412848,0.684456643296048,-0.10860101750542
"4469",3.79272537038391,0.68401411313606,-0.109006619866741
"4470",3.79231804721083,0.683567081324242,-0.109416326770938
"4471",3.79134232310633,0.682496815876757,-0.11039714273326
"4472",3.78967893952147,0.680674145359927,-0.112067194906013
"4473",3.78918368581265,0.680131924867125,-0.11256394400485
"4474",3.78914928423343,0.680094268683672,-0.112598441102627
"4475",3.78831940312518,0.679186183842139,-0.11343029750735
"4476",3.78648282211283,0.677178638104138,-0.115269003588616
"4477",3.78609682493166,0.676757077976705,-0.115655053759538
"4478",3.78542747225839,0.676026360021154,-0.116324174119641
"4479",3.78524719882354,0.675829625297332,-0.116504314684702
"4480",3.78502825934671,0.67559073144552,-0.11672305267184
"4481",3.78431965483554,0.674817826931512,-0.117430703322652
"4482",3.78386850895287,0.674325968586403,-0.117881001691372
"4483",3.78385459993855,0.674310807175814,-0.117894881606396
"4484",3.78152629672309,0.671775207982413,-0.120215809672956
"4485",3.78062545298879,0.67079541282029,-0.121112464191163
"4486",3.77986529147931,0.669969173728478,-0.121868510965073
"4487",3.777965215401,0.667906111392913,-0.123755981249298
"4488",3.7770875456397,0.666954207483059,-0.124626708973385
"4489",3.776328868369,0.666131896035274,-0.125378815481308
"4490",3.77582930756107,0.665590705635408,-0.125873761147255
"4491",3.77573845609444,0.665492306440563,-0.125963748669679
"4492",3.77552427913097,0.665260364339316,-0.126175858948135
"4493",3.77487086999841,0.664553002072324,-0.1268227028521
"4494",3.77481657571076,0.664494241189523,-0.126876433973098
"4495",3.7744427035501,0.664089680989408,-0.127246354677515
"4496",3.77425623636414,0.663887953357939,-0.127430803135664
"4497",3.77401097649695,0.663622667154104,-0.127673359177759
"4498",3.7725051563574,0.661995029439673,-0.129161368551872
"4499",3.77191884277687,0.661361813808026,-0.129740184345401
"4500",3.77163235825689,0.661052519944029,-0.130022890563868
"4501",3.76923780652235,0.658470090217917,-0.132382916349227
"4502",3.76897026154592,0.658181861017416,-0.132646276990551
"4503",3.76868726653659,0.657877054599683,-0.132924774568444
"4504",3.7681277081208,0.657274572661387,-0.133475224098904
"4505",3.76774923962464,0.656867225294839,-0.133847368800584
"4506",3.76760643802026,0.656713559424181,-0.133987750208971
"4507",3.76727224707665,0.656354012262835,-0.134316204196713
"4508",3.7662588261133,0.655264289385655,-0.135311601830388
"4509",3.7659906168136,0.654976034688666,-0.135574883513991
"4510",3.76366673953936,0.65248107758846,-0.137853304514252
"4511",3.76322812278882,0.652010694030421,-0.138282786335309
"4512",3.76253676260076,0.651269599575062,-0.13895938980262
"4513",3.76193297216989,0.650622712190001,-0.139549934340824
"4514",3.7611197220169,0.649751912254011,-0.140344815548715
"4515",3.76098176400714,0.649604248314386,-0.140479597378117
"4516",3.7605415060062,0.649133126276155,-0.140909602806071
"4517",3.75954447982697,0.648066823234881,-0.141882754297323
"4518",3.75943686316604,0.64795178035072,-0.141987739542465
"4519",3.7592526568876,0.647754885909928,-0.142167417040704
"4520",3.75855795922367,0.647012601127706,-0.14284475574805
"4521",3.75840362584101,0.646847752445794,-0.142995172691007
"4522",3.7573958538483,0.645771823216611,-0.143976834869814
"4523",3.75676309250387,0.645096715679618,-0.144592727229527
"4524",3.75477932603278,0.642982432329506,-0.146521232831077
"4525",3.75440866870336,0.642587765548772,-0.146881165720859
"4526",3.7543410061561,0.642515732949702,-0.146946856984906
"4527",3.75301899805955,0.641109135294694,-0.148229509541589
"4528",3.75281395573149,0.640891108454641,-0.148428304698216
"4529",3.75265095571616,0.640717812213138,-0.148586311050327
"4530",3.75226196973196,0.64030434788943,-0.148963281921625
"4531",3.7521390516471,0.640173721922365,-0.149082374515348
"4532",3.75164917638063,0.639653257484041,-0.149556866542834
"4533",3.75121871458023,0.639196087574246,-0.149973629774616
"4534",3.75109524341121,0.639064985147486,-0.150093140471701
"4535",3.75094048741748,0.638900682903861,-0.15024291282446
"4536",3.75053722298604,0.63847263997027,-0.150633088026841
"4537",3.75015807152454,0.638070319749831,-0.150999797392376
"4538",3.74984682348312,0.637740145122718,-0.151300733469029
"4539",3.74951521207804,0.637388460931145,-0.151621260876675
"4540",3.74934273769598,0.637205584041618,-0.151787930652557
"4541",3.74787569713647,0.635651100056302,-0.153204499792677
"4542",3.74615649902432,0.633831793927847,-0.154862050837557
"4543",3.74592420754806,0.633586171961623,-0.155085805939432
"4544",3.74580150159791,0.633456443102374,-0.155203982750877
"4545",3.74530901458332,0.632935900057876,-0.155678153609015
"4546",3.74508932630918,0.632703764111246,-0.15588960005825
"4547",3.74482060099412,0.632419869312983,-0.156148184013195
"4548",3.74364085002011,0.631174259293978,-0.157282633403
"4549",3.74249488745644,0.629965474221998,-0.158383376842136
"4550",3.74225878124227,0.629716565316532,-0.158610017704384
"4551",3.74023252544533,0.627582415251171,-0.160552953809078
"4552",3.74011887384418,0.62746281684642,-0.160661821290157
"4553",3.74005497203677,0.627395576280743,-0.160723028009796
"4554",3.73998515216642,0.627322112471244,-0.16078989894451
"4555",3.7389215293109,0.626203498555297,-0.16180804945727
"4556",3.73864270459655,0.625910419590788,-0.162074783401245
"4557",3.73822772240543,0.625474346596704,-0.16247163956113
"4558",3.73820235988802,0.625447699886608,-0.162495889185955
"4559",3.73711319355074,0.624303908731063,-0.163536711297466
"4560",3.7368138312542,0.623989711791123,-0.163822596898421
"4561",3.73645576610168,0.623614004518061,-0.164164435622332
"4562",3.73630860432247,0.623459624029282,-0.164304894668679
"4563",3.7360268692645,0.623164121147071,-0.164573742687998
"4564",3.73601729334527,0.623154078474542,-0.164582879320264
"4565",3.73599562129935,0.623131350372993,-0.164603556872069
"4566",3.73492612035521,0.622010236851577,-0.165623449756272
"4567",3.73335377025965,0.620363797851768,-0.167120980145414
"4568",3.73223950137806,0.619198314930497,-0.168180867561357
"4569",3.73214958158035,0.619104308897826,-0.168266349708977
"4570",3.73183319523918,0.618773600369086,-0.168567063668442
"4571",3.73175336022361,0.61869016500907,-0.168642929656433
"4572",3.73101396906487,0.617917690281049,-0.16934528689928
"4573",3.73100480577257,0.617908119938528,-0.169353988117863
"4574",3.73048592581759,0.617366308425602,-0.169846578454524
"4575",3.73035785556828,0.61723261389019,-0.169968122311398
"4576",3.72970334197217,0.616549577563641,-0.170589050005986
"4577",3.72959588865902,0.616437476863321,-0.170690952311771
"4578",3.72914387156747,0.615966018828338,-0.171119503709583
"4579",3.72880643301974,0.615614182019804,-0.171439303989783
"4580",3.72839462784099,0.615184938293994,-0.171829443882117
"4581",3.72763383033059,0.614392307788462,-0.172549811329757
"4582",3.72758410137555,0.614340515450639,-0.172596879349924
"4583",3.72731814333373,0.614063558275398,-0.172848568288487
"4584",3.72725297690682,0.613995706074725,-0.172910228655141
"4585",3.72715159376875,0.613890151795205,-0.17300614956995
"4586",3.72661846150517,0.61333523086266,-0.173510405108457
"4587",3.72640785217988,0.613116081549796,-0.173709536031862
"4588",3.72547035856501,0.612141036910671,-0.174595448335986
"4589",3.72483324629797,0.611478837131631,-0.175197052590965
"4590",3.72413993951323,0.610758627055244,-0.175851302391194
"4591",3.72290599611218,0.609477824681801,-0.177014657500423
"4592",3.72279570767272,0.6093634118291,-0.177118569853566
"4593",3.72264141221823,0.609203363811689,-0.177263926610869
"4594",3.72256677529557,0.609125951568239,-0.177334231923754
"4595",3.72237909206547,0.608931310650843,-0.177511000580328
"4596",3.721469477159,0.607988404363929,-0.178367266817207
"4597",3.72089871703223,0.60739711816387,-0.178904170582961
"4598",3.71905244490196,0.605486368018079,-0.180638912180885
"4599",3.71859064890447,0.605008902783244,-0.181072331146367
"4600",3.71822975741164,0.604635893467977,-0.18141091229957
"4601",3.71672371947562,0.603080494898488,-0.182822580145415
"4602",3.7158505658199,0.602179616050855,-0.183640085543669
"4603",3.71449863423001,0.600786048722225,-0.184904501566734
"4604",3.71395196021018,0.600222984357802,-0.18541532054917
"4605",3.7088244499916,0.594954227039951,-0.190193462555825
"4606",3.70568004022955,0.591734350981186,-0.193111963178174
"4607",3.70530829648839,0.591354245291214,-0.193456414100374
"4608",3.7051981277002,0.591241621117829,-0.193558470732112
"4609",3.70505599548405,0.591096336487229,-0.193690121164954
"4610",3.70217440463596,0.58815456316772,-0.196355310540926
"4611",3.70152183946622,0.587489355851549,-0.196957839629066
"4612",3.70116743855139,0.587128241751423,-0.197284907284951
"4613",3.70115975997061,0.587120418909202,-0.197291992413133
"4614",3.69953123891566,0.585462441162997,-0.198793462327665
"4615",3.69941360952935,0.585342771890112,-0.19890182316385
"4616",3.69937901041788,0.585307575024063,-0.198933693708683
"4617",3.69899835317615,0.584920408869436,-0.19928426101775
"4618",3.69883470272541,0.584753998196683,-0.199434935664661
"4619",3.69788573033804,0.58378947095929,-0.200308194137794
"4620",3.69725961018699,0.583153509125849,-0.200883920246042
"4621",3.69696148045223,0.582850810893292,-0.201157932054292
"4622",3.69653455419161,0.582417474630819,-0.201550183405135
"4623",3.69621929537356,0.582097582301142,-0.2018397328891
"4624",3.695712676548,0.581583695167252,-0.202304851887921
"4625",3.69508083299416,0.580943093701774,-0.202884618127911
"4626",3.6949165140543,0.580776552972759,-0.203035335580181
"4627",3.69474046921442,0.580598153357096,-0.203196781707812
"4628",3.69456233020405,0.580417658473395,-0.203360120323565
"4629",3.69418456195199,0.580034983841183,-0.203706409054506
"4630",3.69339444541687,0.579234998943076,-0.2044302753654
"4631",3.69093421038995,0.576747444689677,-0.206680676166854
"4632",3.68981853463169,0.575621079612738,-0.207699427871542
"4633",3.68934656559606,0.575144907647653,-0.208130063016736
"4634",3.68872275009937,0.574515827947041,-0.208698943848295
"4635",3.68853420034897,0.574325752257301,-0.208870821714899
"4636",3.68834115074061,0.574131171635363,-0.209046768979088
"4637",3.68632621970067,0.572102153049917,-0.210881230282181
"4638",3.68605890467667,0.571833228455859,-0.211124333453345
"4639",3.68605483023407,0.571829129949999,-0.211128038368316
"4640",3.68499394113795,0.570762455440388,-0.212092212576855
"4641",3.68302502537744,0.568785336210584,-0.213879003548641
"4642",3.68237229952149,0.568130617182967,-0.214470598326599
"4643",3.68051209964079,0.566266719908528,-0.21615452389557
"4644",3.67989597077804,0.565650013301528,-0.216711596874195
"4645",3.67905395370083,0.564807726951199,-0.217472367251276
"4646",3.67863145972035,0.56438532418324,-0.217853859927504
"4647",3.67844833193215,0.564202282902775,-0.218019167228304
"4648",3.67758865964549,0.563343396305745,-0.218794789885747
"4649",3.6774275230936,0.563182476658428,-0.21894010005411
"4650",3.67711627756625,0.562871712317672,-0.219220711440808
"4651",3.67679637643793,0.562552391179121,-0.219509038003105
"4652",3.67612254536944,0.561880064950339,-0.220116067918213
"4653",3.67604390228883,0.561801622515385,-0.22018688869913
"4654",3.6755920839042,0.561351058146098,-0.220593661703696
"4655",3.67418610460894,0.559950084040601,-0.221858325621094
"4656",3.67316059165938,0.558929273638863,-0.222779675137385
"4657",3.67274305897764,0.558513909465083,-0.223154535420126
"4658",3.67260856788422,0.558380148134241,-0.223275248990296
"4659",3.67187213481035,0.557647981006535,-0.223935961124018
"4660",3.67106537200255,0.556846415301505,-0.224659229792936
"4661",3.66842719367644,0.554229049547838,-0.227020428047832
"4662",3.66840739147572,0.554209425648173,-0.227038128406773
"4663",3.66806227818685,0.553867472572142,-0.227346556200383
"4664",3.66770947800255,0.553518006149919,-0.227661747175315
"4665",3.66718335087478,0.552997044282509,-0.228131588005667
"4666",3.666934298856,0.552750518152567,-0.228353912371587
"4667",3.66683684814672,0.552654069920436,-0.228440890312176
"4668",3.66624578633726,0.552069258618023,-0.228968256433048
"4669",3.66488869959334,0.550727628315053,-0.230177955591425
"4670",3.66451100536704,0.550354509477107,-0.23051434745229
"4671",3.66359834249446,0.549453394009887,-0.231326699773424
"4672",3.66325122027583,0.549110846096269,-0.231635481664344
"4673",3.66198114426693,0.547858362652318,-0.232764392311973
"4674",3.66182764863707,0.547707084162402,-0.232900733475964
"4675",3.66164110649117,0.54752326288642,-0.23306640069538
"4676",3.6615754545327,0.54745857540434,-0.233124698791541
"4677",3.66038418819914,0.5462854323221,-0.234181885858632
"4678",3.65992451397748,0.545833066709973,-0.234589497679907
"4679",3.65918200809676,0.545102736971239,-0.235247525744851
"4680",3.65901732944147,0.544940820834983,-0.235393404353849
"4681",3.65887411210593,0.544800024293831,-0.235520252856231
"4682",3.65876668780605,0.544694426949004,-0.235615387729738
"4683",3.6584157009239,0.544349475991971,-0.235926152667392
"4684",3.65793819357594,0.543880344347571,-0.236348770239945
"4685",3.65660706123801,0.542573557974937,-0.237525860613671
"4686",3.65622866041717,0.542202345725199,-0.237860196154537
"4687",3.65622406774448,0.542197841028189,-0.237864253255056
"4688",3.6559056426279,0.54188555808975,-0.238145501587478
"4689",3.65558253740433,0.541568771017346,-0.238430795368319
"4690",3.65512603661998,0.541121343941518,-0.238833722634772
"4691",3.65385064015592,0.539872210250535,-0.239958503506795
"4692",3.65369960897421,0.539724377983649,-0.240091607435015
"4693",3.65242587320639,0.538478368723957,-0.241213382158042
"4694",3.65234666969527,0.538400933456291,-0.241283090992413
"4695",3.65117653014426,0.537257519429649,-0.242312338752184
"4696",3.64956662156082,0.535686220951701,-0.24372651212914
"4697",3.6494268858214,0.535549936893574,-0.243849155331965
"4698",3.64908296517542,0.535214579874812,-0.244150937277807
"4699",3.64861095868235,0.534754484365555,-0.24456494901102
"4700",3.64792717491134,0.534088279821313,-0.245164384207491
"4701",3.6473140253736,0.533491219477628,-0.245701563463794
"4702",3.64700803895605,0.533193377405837,-0.245969519304507
"4703",3.64692680586174,0.53311431934574,-0.246040642834956
"4704",3.6462854846213,0.53249035926951,-0.246601956026487
"4705",3.64569653200529,0.531917646541771,-0.247117129447639
"4706",3.64510989914724,0.531347471516916,-0.24762998423647
"4707",3.64383686365174,0.53011111757948,-0.248741923416846
"4708",3.64382078031192,0.53009550613073,-0.248755962804559
"4709",3.64193089648905,0.528262540534673,-0.250404163925689
"4710",3.64184155434935,0.528175961169105,-0.250482006888941
"4711",3.64140637063136,0.527754327764012,-0.250861083069286
"4712",3.64103178124137,0.527391525367552,-0.251187250681262
"4713",3.64100997481444,0.527370408626756,-0.251206234667011
"4714",3.64011819086761,0.526507160909707,-0.251982253950785
"4715",3.6398350594621,0.526233224605076,-0.25222849278183
"4716",3.6398172893527,0.526216033777315,-0.25224394518484
"4717",3.63785843644905,0.524322608084243,-0.253945699759261
"4718",3.63735546696162,0.523836940179508,-0.25438214033506
"4719",3.63728984679725,0.523773592387328,-0.254439065288238
"4720",3.6365313106036,0.523041576765532,-0.255096829929007
"4721",3.63592977845262,0.522461406915973,-0.255618109438939
"4722",3.6359036995918,0.522436260816885,-0.255640702242717
"4723",3.63587450044825,0.522408106690696,-0.25566599756126
"4724",3.63495436624875,0.521521256511421,-0.256462751456234
"4725",3.63487818743489,0.521447863978012,-0.256528684096003
"4726",3.63450134466518,0.521084873368732,-0.256854770323962
"4727",3.63373374358232,0.52034584269036,-0.257518621083006
"4728",3.63240627305437,0.519068902600197,-0.258665520539563
"4729",3.63153748941088,0.518233957942861,-0.259415340258984
"4730",3.62998776661615,0.516746104153572,-0.260751315036939
"4731",3.62992027863559,0.516681354329133,-0.26080944977736
"4732",3.62909851544342,0.515893225579724,-0.261517023803555
"4733",3.62794281198214,0.51478574226498,-0.262511197097758
"4734",3.62749482265905,0.514356733128021,-0.262896277226158
"4735",3.62697251101178,0.513856753969055,-0.263345035121302
"4736",3.62637200633975,0.513282195738552,-0.263860698258276
"4737",3.62601880196135,0.512944387723516,-0.264163862577691
"4738",3.62572909675933,0.512667385675321,-0.264412447635485
"4739",3.62553284657435,0.512479779051134,-0.264580803422207
"4740",3.62528262864144,0.512240626444054,-0.264795410397415
"4741",3.62457282776399,0.511562488358898,-0.265403913588996
"4742",3.6243886065782,0.511386550996348,-0.265561776634359
"4743",3.62327636387777,0.510324900738767,-0.266514291024702
"4744",3.62234083420321,0.509432693886229,-0.267314686539632
"4745",3.62208716532883,0.509190892988749,-0.26753159047783
"4746",3.62199665794955,0.509104632518311,-0.267608967640983
"4747",3.62148895956461,0.508620878835575,-0.268042888390948
"4748",3.6207500257285,0.507917164903139,-0.268674065691239
"4749",3.62069089151844,0.507860868137429,-0.268724557263322
"4750",3.62059479226106,0.507769386004012,-0.268806605242402
"4751",3.61988489973068,0.507093829906471,-0.269412466358225
"4752",3.6196111840302,0.506833461349941,-0.269645960438746
"4753",3.6166387201006,0.504009810060304,-0.272177696267215
"4754",3.61433189699206,0.501823353581356,-0.27413752657857
"4755",3.61365549073007,0.501183049130886,-0.27471136702849
"4756",3.61261412510558,0.500197980256111,-0.275594099969104
"4757",3.61113980085659,0.498804842784053,-0.276842332456424
"4758",3.61004406034775,0.497770567983929,-0.27776889565763
"4759",3.60940255306683,0.497165491783617,-0.278310905393436
"4760",3.6088726793188,0.496665957610469,-0.278758344446746
"4761",3.60633630651336,0.494277920802153,-0.280896974914616
"4762",3.60570350557784,0.493682929446315,-0.281429731844571
"4763",3.60535799777496,0.493358200566547,-0.281720479272228
"4764",3.60515285162941,0.493165437065677,-0.281893065670066
"4765",3.60505219531742,0.493070868669821,-0.281977733894082
"4766",3.60456215273582,0.492610580509956,-0.282389821999273
"4767",3.60432989709728,0.492392493944696,-0.282585063389165
"4768",3.60398358424871,0.492067388360855,-0.282876103979409
"4769",3.60260101312761,0.49077043603931,-0.284037049491591
"4770",3.60133223599384,0.48958157272867,-0.28510108598671
"4771",3.59918202367184,0.487569722440553,-0.286901361648644
"4772",3.59903151536862,0.48742903706134,-0.287027236147328
"4773",3.59878721751747,0.487200721735839,-0.287231510813347
"4774",3.59833893460884,0.486781890206483,-0.287606226981174
"4775",3.59788358864816,0.486356623547405,-0.287986681760223
"4776",3.5971787217239,0.485698644488623,-0.288575290074156
"4777",3.59707577251425,0.485602576591337,-0.288661225760586
"4778",3.59631862085784,0.48489629357893,-0.289292988144077
"4779",3.59583630083712,0.484446615802789,-0.289695192945435
"4780",3.59572310700427,0.484341109478768,-0.289789557808276
"4781",3.59512483110609,0.483783634589579,-0.290288144193163
"4782",3.59495310627593,0.483623673596278,-0.290431201852382
"4783",3.58956398172999,0.478615638771651,-0.294908689962371
"4784",3.58717829013242,0.476406015820658,-0.296883404861537
"4785",3.58660247656869,0.475873374767092,-0.297359345057217
"4786",3.58478372132462,0.474192709655049,-0.298860908788952
"4787",3.58466948159889,0.474087231143024,-0.298955137252078
"4788",3.5841084838051,0.473569407127762,-0.299417715064759
"4789",3.58409996610433,0.473561546860989,-0.299424736515039
"4790",3.58384162177882,0.47332316999703,-0.299637671744573
"4791",3.58340450247458,0.472919956051614,-0.299997837998618
"4792",3.58338925363502,0.472905892726053,-0.300010399603804
"4793",3.58322912912681,0.472758228139637,-0.300142294941861
"4794",3.5830918625507,0.472631658977206,-0.300255345884555
"4795",3.58178216140164,0.471424774955192,-0.301333246520791
"4796",3.58159616538645,0.47125349047953,-0.301486213261911
"4797",3.58126777835476,0.470951144353915,-0.301756218184716
"4798",3.5797113780328,0.469519325530427,-0.303034752546113
"4799",3.57912724441386,0.468982442843032,-0.303514105094081
"4800",3.57886981830663,0.468745925681154,-0.30372526875766
"4801",3.57857805858173,0.468477926874719,-0.303964532520194
"4802",3.57797129871269,0.467920796848657,-0.304461903295074
"4803",3.57794342058008,0.467895205990312,-0.304484748453294
"4804",3.57788704722646,0.467843459689718,-0.304530942575229
"4805",3.57779512976831,0.467759092080824,-0.304606257282475
"4806",3.57730917259604,0.467313160963688,-0.30500432664335
"4807",3.57623177922584,0.466325172262877,-0.305886202820028
"4808",3.57533372112641,0.46550233702607,-0.306620588043423
"4809",3.57389089406335,0.464181695229612,-0.307799125489322
"4810",3.57293924519402,0.463311534299874,-0.308575558758624
"4811",3.57235949985859,0.462781781151918,-0.309048213231653
"4812",3.57224407140982,0.462676337841204,-0.309142288115997
"4813",3.5703522341434,0.460949648445698,-0.310682654493781
"4814",3.56906928706107,0.459780298225943,-0.311725652814698
"4815",3.56825883410181,0.45904227258819,-0.312383861943919
"4816",3.56802223377653,0.458826913720581,-0.312575919749576
"4817",3.56772265119486,0.458554290089811,-0.312819039816718
"4818",3.56678317630827,0.457699814036074,-0.31358099556435
"4819",3.56375310760491,0.454948607922163,-0.316033813337639
"4820",3.5636636486134,0.454867491356113,-0.316106120767798
"4821",3.56338723978809,0.454616898408449,-0.316329495563623
"4822",3.56281075400106,0.454094447398369,-0.31679518046056
"4823",3.56253925129795,0.453848483108518,-0.317014410476229
"4824",3.56119900800552,0.452635152366852,-0.318095774252243
"4825",3.55980529015335,0.451374900223171,-0.319218801319032
"4826",3.55789358760543,0.44964873418609,-0.320756754897864
"4827",3.55537146726092,0.447375753682881,-0.322781451721904
"4828",3.55523541610467,0.447253282781147,-0.322890530327744
"4829",3.55389954857803,0.446051523036439,-0.323960798241745
"4830",3.55373710200221,0.445905479151868,-0.324090852888067
"4831",3.55373262677002,0.445901456087021,-0.324094435468327
"4832",3.55223899647089,0.444559608517559,-0.325289275616874
"4833",3.55119448491244,0.443622270013028,-0.326123818156331
"4834",3.55000180787235,0.442553004155503,-0.327075714624925
"4835",3.5495991033407,0.442192218274195,-0.327396873087786
"4836",3.54941087778465,0.442023628764415,-0.327546940965419
"4837",3.54938734751824,0.442002555151167,-0.327565699187318
"4838",3.54891664546864,0.44158108641445,-0.327940851358368
"4839",3.54782502409874,0.44060430436342,-0.328810224877824
"4840",3.54781762365614,0.440597685601787,-0.328816115511661
"4841",3.54778620827073,0.440569588977663,-0.328841121187739
"4842",3.54726773590837,0.44010599904437,-0.329253699826862
"4843",3.54725202113527,0.440091950993242,-0.32926620176775
"4844",3.54668796821889,0.439587848520925,-0.329714810630113
"4845",3.54529189805005,0.438341218048124,-0.330824100621477
"4846",3.54490822287885,0.437998876557006,-0.331128700068127
"4847",3.543710967859,0.436931333861897,-0.332078476387162
"4848",3.54342723292002,0.43667850136811,-0.332303401336389
"4849",3.5426177659573,0.435957537306285,-0.332944751581175
"4850",3.54213381559963,0.435526740928021,-0.333327952367634
"4851",3.54186503857078,0.435287562613025,-0.333540697816934
"4852",3.54018825315595,0.433796687618407,-0.33486668327633
"4853",3.53951908089071,0.433202312867976,-0.335395260659414
"4854",3.53945581456656,0.433146136037927,-0.335445216938694
"4855",3.53933101967853,0.433035334434787,-0.335543748407368
"4856",3.5388071430753,0.432570330934751,-0.335957244622774
"4857",3.53871037383692,0.432484459686625,-0.336033601839477
"4858",3.53858556546439,0.432373717655113,-0.336132073250427
"4859",3.53852225008894,0.432317542722581,-0.336182023342791
"4860",3.53811061901576,0.431952408810233,-0.336506688713085
"4861",3.53426458069499,0.428547098385886,-0.339533962524167
"4862",3.53276248634324,0.427220212065135,-0.340713244037022
"4863",3.5321738546865,0.426700710804044,-0.341174909172618
"4864",3.53000776405997,0.424791292071273,-0.342871529939544
"4865",3.52944968455,0.42429992301708,-0.34330808120766
"4866",3.52802599258824,0.423047489370355,-0.344420687366063
"4867",3.52771913263846,0.422777744557189,-0.344660297024768
"4868",3.52727750380277,0.422389657275362,-0.345005016081409
"4869",3.52522383514622,0.420586919117942,-0.346606112595248
"4870",3.52506377721391,0.420446552882878,-0.346730765471079
"4871",3.52466353958114,0.420095641153912,-0.347042386040135
"4872",3.52453031191669,0.419978859683616,-0.347146089035877
"4873",3.52444735611471,0.419906151116053,-0.347210654243186
"4874",3.52396554647341,0.419483961079105,-0.347585549069152
"4875",3.52299712662969,0.418635907799902,-0.348338549313135
"4876",3.52290091727568,0.418551695351293,-0.348413319186501
"4877",3.52241975560036,0.418130637936859,-0.348787154181084
"4878",3.52240371357872,0.418116602828477,-0.34879961493496
"4879",3.52236360759316,0.418081515096739,-0.348830766703164
"4880",3.52195880183011,0.417727428881438,-0.34914512679709
"4881",3.52165752437071,0.417463980201218,-0.349379010580412
"4882",3.52005125462737,0.41606055674473,-0.350624827513894
"4883",3.51937888028632,0.415473672693987,-0.351145748408036
"4884",3.5192806309392,0.415387944092366,-0.351221838773202
"4885",3.51920710821577,0.415323795769135,-0.351278774618857
"4886",3.51874056512875,0.414916833830492,-0.3516399709918
"4887",3.51830893385827,0.414540471790687,-0.351973994718776
"4888",3.51829798732827,0.414530928766001,-0.351982464040785
"4889",3.51725930569194,0.413625833271542,-0.352785686613883
"4890",3.51717069467677,0.413548656362288,-0.352854173313387
"4891",3.51698895965222,0.413390390445025,-0.352994616549714
"4892",3.51672754226608,0.413162776016089,-0.353196594670998
"4893",3.51653411581212,0.412994394061921,-0.353346008557534
"4894",3.51611782257214,0.412632097487762,-0.353667483720142
"4895",3.51552618640082,0.412117426368076,-0.354124143550468
"4896",3.51514698777788,0.411787695941681,-0.354416695239944
"4897",3.51489681304243,0.411570216999668,-0.35460964676466
"4898",3.51409752181294,0.410875702572094,-0.355225803670943
"4899",3.51370609910465,0.410535765702558,-0.355527371200654
"4900",3.51368556002182,0.410517931411034,-0.355543192201964
"4901",3.51366247217072,0.410497884376919,-0.35556097611665
"4902",3.51358052778468,0.410426735821675,-0.35562409237317
"4903",3.5133723939908,0.410246045462421,-0.355784381609016
"4904",3.51329770352065,0.410181211219018,-0.355841894897555
"4905",3.51281790147751,0.409764824147919,-0.356211254993891
"4906",3.51171139446618,0.408805220824872,-0.35706241856749
"4907",3.5111004261833,0.408275759281618,-0.357532011693723
"4908",3.50715673308409,0.404864864971304,-0.36055659873682
"4909",3.50570162995481,0.403609258587725,-0.361669728732499
"4910",3.50535190651707,0.403307715458524,-0.36193703355137
"4911",3.50440668813223,0.402493167138301,-0.362659053439304
"4912",3.50303146599017,0.401309231533436,-0.363708392035554
"4913",3.50244749663369,0.400806908369609,-0.36415356943732
"4914",3.50194710390247,0.400376675080766,-0.364534839873149
"4915",3.50169211913643,0.400157511726857,-0.364729054797956
"4916",3.50118481472161,0.399721616759384,-0.365115316767148
"4917",3.49997979307232,0.398686968292749,-0.366032086495235
"4918",3.49981639099904,0.398546750276168,-0.366156321854933
"4919",3.49952221330304,0.398294360411121,-0.366379938755001
"4920",3.49914621862059,0.397971867055963,-0.366665658836337
"4921",3.49808301266651,0.397060502028911,-0.367473052059015
"4922",3.49640458146163,0.395623437713804,-0.368746019248161
"4923",3.49611896138984,0.395379093494828,-0.368962443600096
"4924",3.49501100696787,0.394431808321669,-0.369801437263833
"4925",3.49470456013972,0.394169956335666,-0.370033340789481
"4926",3.49448596684055,0.393983214397364,-0.370198720998947
"4927",3.49437108512902,0.393885085902723,-0.370285623162624
"4928",3.49408383502122,0.393639766909615,-0.370502872834286
"4929",3.49328214410679,0.392955414713951,-0.371108893376218
"4930",3.49295061101241,0.392672540476722,-0.371359377386593
"4931",3.4917904040256,0.391683233879446,-0.372235348653075
"4932",3.49178347790145,0.39167733086638,-0.372240575154727
"4933",3.49166835011758,0.391579214497297,-0.372327446502575
"4934",3.48990196746944,0.390075016348227,-0.373659143581773
"4935",3.48825912758624,0.388678009443537,-0.374895763735247
"4936",3.48643845855749,0.38713201029603,-0.376264071434676
"4937",3.48615766764937,0.386893787830848,-0.376474894932522
"4938",3.48568003444828,0.386488692022368,-0.376833387618656
"4939",3.48555458485857,0.386382320825749,-0.376927519268702
"4940",3.48422051546624,0.385251819523716,-0.377927879278493
"4941",3.48284663742513,0.384088885433831,-0.378956822896776
"4942",3.48234969389888,0.383668566540813,-0.379328684902686
"4943",3.48220174139685,0.383543460345521,-0.379439365161146
"4944",3.48193542786361,0.383318308420818,-0.379638551524248
"4945",3.48115923325609,0.382662364435564,-0.380218824134381
"4946",3.47870789350059,0.380593538504225,-0.3820487431102
"4947",3.47813455962211,0.380110268939268,-0.382476152208159
"4948",3.47513914708431,0.377589081666032,-0.384705596713811
"4949",3.47434754250007,0.376923830101782,-0.385293777942565
"4950",3.47190006143835,0.374869713543044,-0.387109686883571
"4951",3.47184459201317,0.374823206565419,-0.387150796531497
"4952",3.47147577338534,0.374514032815327,-0.387424084765634
"4953",3.47105710314609,0.374163181350346,-0.387734203527729
"4954",3.46730210676406,0.371021745755414,-0.390510471492796
"4955",3.46697524915579,0.370748746131511,-0.390751698326941
"4956",3.46686091464714,0.370653268056494,-0.390836062826475
"4957",3.46564639171303,0.369639590213073,-0.391731702921368
"4958",3.46504886142988,0.369141236230146,-0.392171995005911
"4959",3.46204892042504,0.366642821479782,-0.39437901892039
"4960",3.46171774039299,0.366367375112664,-0.394622308666348
"4961",3.46139323226591,0.366097548517341,-0.394860628719752
"4962",3.46112855055696,0.365877518995115,-0.395054961912557
"4963",3.46071596343873,0.365534628593545,-0.395357799726603
"4964",3.45943312102487,0.364469211963406,-0.396298705507303
"4965",3.4585077308422,0.363701339266061,-0.396976783090217
"4966",3.45847398924092,0.363673351749823,-0.397001496843388
"4967",3.45742758017069,0.362805763229537,-0.397767570238339
"4968",3.45741949506011,0.362799062587853,-0.397773486612801
"4969",3.45726717150713,0.362672830477094,-0.397884943387704
"4970",3.45651842117526,0.362052555050669,-0.398432597610718
"4971",3.45493487406218,0.360741933757715,-0.399589671213701
"4972",3.45446116336949,0.360350186596956,-0.399935496003017
"4973",3.4537587519247,0.359769579413237,-0.400448019264593
"4974",3.45354916221059,0.359596396767039,-0.400600888738037
"4975",3.45306318403154,0.359194946304759,-0.4009552425506
"4976",3.45036310905823,0.356967301666655,-0.402921316033863
"4977",3.45024429829135,0.35686938779854,-0.403007723802618
"4978",3.45022426829147,0.356852881653133,-0.403022290195824
"4979",3.45015942713091,0.356799449703574,-0.403069442837213
"4980",3.44990478201633,0.356589637331136,-0.403254595939884
"4981",3.44801587175974,0.355034597013782,-0.404626764272588
"4982",3.4476928073312,0.354768865880532,-0.404861226570401
"4983",3.4468536934491,0.35407898164892,-0.405469905677733
"4984",3.44416816050172,0.351874097817053,-0.4074150075534
"4985",3.44291483424499,0.350846675373517,-0.408321249073971
"4986",3.44222625106535,0.350282633859324,-0.408818729178757
"4987",3.44188629814539,0.350004279149216,-0.409064226772338
"4988",3.44176333444259,0.349903614254476,-0.409153007668734
"4989",3.44032672859264,0.34872824659311,-0.410189559637564
"4990",3.44023269240945,0.348651356387085,-0.410257365105335
"4991",3.43961481994349,0.348146283610051,-0.410702751231026
"4992",3.43900999893008,0.347652115911256,-0.411138502105915
"4993",3.43895829635373,0.34760988327489,-0.411175741449885
"4994",3.43895010120795,0.34760318932399,-0.41118164394222
"4995",3.43887272416999,0.34753998840222,-0.411237372141306
"4996",3.43868444665289,0.347386220858904,-0.411372957313537
"4997",3.43814514593939,0.346945895489765,-0.411761206075892
"4998",3.43780570719695,0.34666884751476,-0.41200548044677
"4999",3.43746001538323,0.346386771341118,-0.412254182206051
"5000",3.43737068895203,0.346313895517037,-0.412318434596659
"5001",3.43684261206453,0.345883174648173,-0.41269817981354
"5002",3.43669740741724,0.345764771007784,-0.412802567962302
"5003",3.43610896956099,0.345285080950472,-0.413225466028118
"5004",3.43537684213765,0.344688563906454,-0.413751335293562
"5005",3.43534252490358,0.344660611544614,-0.413775976491811
"5006",3.43467316835663,0.344115551340609,-0.414256458512546
"5007",3.43435004575824,0.343852532973271,-0.414488306721703
"5008",3.43334207364141,0.34303248032627,-0.415211141998101
"5009",3.43241876643402,0.342281873850059,-0.415872719730946
"5010",3.43234815675571,0.342224493658385,-0.415923292375133
"5011",3.43099760924818,0.341127593586853,-0.416890009666265
"5012",3.42981124607717,0.340164994293541,-0.417738291470772
"5013",3.42946171825337,0.339881561687283,-0.417988050739035
"5014",3.42928938849517,0.339741847638537,-0.418111163805334
"5015",3.42886573062355,0.339398452375037,-0.418413750306727
"5016",3.42882399116595,0.339364626648884,-0.418443555743809
"5017",3.42859433851964,0.339178535422282,-0.418607527955625
"5018",3.42781718442946,0.338549041714815,-0.419162180351979
"5019",3.42747000420314,0.338267949248278,-0.419409843929883
"5020",3.42554766478175,0.336712911562247,-0.420779843893953
"5021",3.42548037728312,0.33665852280121,-0.420827757591006
"5022",3.42490502474676,0.336193579150637,-0.421237340159886
"5023",3.42350767775881,0.335065245307378,-0.422231257032929
"5024",3.42217075307927,0.33398684748011,-0.423181100063185
"5025",3.42183292313761,0.333714522323049,-0.423420948242958
"5026",3.42114091564387,0.333156917121265,-0.423912037760482
"5027",3.42028131964449,0.332464689528306,-0.424521659553084
"5028",3.41973481381182,0.332024831617156,-0.42490900981551
"5029",3.41727723394411,0.33004913877083,-0.426648684690568
"5030",3.41654137870765,0.329458303218808,-0.427168884271898
"5031",3.41652085452961,0.329441828699505,-0.427183388861631
"5032",3.41643701994634,0.32937453837335,-0.427242632791492
"5033",3.4159380766411,0.328974148946598,-0.427595138060809
"5034",3.41584550660742,0.328899880843041,-0.427660522893618
"5035",3.41569758921126,0.328781219100138,-0.427764990591185
"5036",3.41420520521607,0.327584764313913,-0.428818272370333
"5037",3.41333560197036,0.326888234261825,-0.429431405931014
"5038",3.41313947461763,0.326731206005417,-0.429569628249827
"5039",3.41292762627101,0.326561617587903,-0.429718904553794
"5040",3.41244714379038,0.326177085681006,-0.430057372417152
"5041",3.41223780777913,0.326009597981471,-0.430204793091499
"5042",3.41188673105853,0.325728765780931,-0.430451973818439
"5043",3.41180820236688,0.325665959786215,-0.430507253157995
"5044",3.41175796163837,0.325625780053325,-0.430542617616203
"5045",3.41079341118911,0.324854688892634,-0.43122127667926
"5046",3.41037087635047,0.324517082631682,-0.431518400361255
"5047",3.41030658741331,0.324465725291427,-0.431563598712319
"5048",3.40844480327941,0.322979541400136,-0.432871473480064
"5049",3.40843605669496,0.32297256441189,-0.432877613021885
"5050",3.40816488561295,0.322756279639558,-0.433067935502341
"5051",3.40723726061752,0.322016752571825,-0.43371866705302
"5052",3.40666813163195,0.321563289943221,-0.434117663394812
"5053",3.40633155996408,0.321295214762083,-0.434353532858841
"5054",3.40558652354069,0.320702049933409,-0.43487541909977
"5055",3.4053173340221,0.320487817029513,-0.435063902413658
"5056",3.40445948750137,0.319805401448868,-0.435664274456357
"5057",3.40438054335908,0.319742624179006,-0.435719502712209
"5058",3.40418380089694,0.319586188981781,-0.435857125283786
"5059",3.40278090627152,0.318471397168587,-0.436837805684142
"5060",3.40084107044762,0.316931915094664,-0.438191946101434
"5061",3.39970621344376,0.316032341191726,-0.438983143895027
"5062",3.39931049123406,0.315718846343081,-0.439258857622228
"5063",3.39841189463683,0.315007323914693,-0.439884605690204
"5064",3.39833474659112,0.314946259835018,-0.439938306879166
"5065",3.39815641314666,0.314805119536051,-0.440062428021015
"5066",3.39784838472409,0.31456137895579,-0.4402767744167
"5067",3.39767175279664,0.314421637467139,-0.440399661815626
"5068",3.39744258296326,0.314240359138583,-0.440559074382793
"5069",3.39582853222976,0.312964513309071,-0.441680965644655
"5070",3.39545783541174,0.312671714736046,-0.44193841726407
"5071",3.39477797339673,0.312134935342363,-0.442410381233552
"5072",3.39236493287459,0.310231996669903,-0.44408338818036
"5073",3.3920246773547,0.309963951954811,-0.444319025819507
"5074",3.38993326877882,0.308317925180876,-0.445765941126688
"5075",3.38851152236086,0.307200452804092,-0.446748137039846
"5076",3.38828087416378,0.307019281021514,-0.446907369226442
"5077",3.38649653111747,0.305618775462518,-0.448138203582665
"5078",3.38638993284415,0.305535168337317,-0.448211677662403
"5079",3.38459827243073,0.304130950241862,-0.44944563896652
"5080",3.38319864511668,0.303035321848349,-0.450408337331147
"5081",3.3830280276683,0.302901842310592,-0.450525616811255
"5082",3.38207494726123,0.302156535427631,-0.451180446673137
"5083",3.38202148480515,0.302114743902746,-0.451217163829701
"5084",3.38194701083446,0.302056530539339,-0.451268308681737
"5085",3.38154344314332,0.301741134935488,-0.45154540383873
"5086",3.3804748685093,0.300906491265753,-0.452278660744544
"5087",3.37998843969778,0.300526775224856,-0.452612236727261
"5088",3.37969824986231,0.300300314050259,-0.45281117576074
"5089",3.37943128297523,0.300092019895704,-0.452994152744655
"5090",3.37930440779244,0.299993043546413,-0.453081098015326
"5091",3.37912263380461,0.299851256810891,-0.453205648762881
"5092",3.37787810846678,0.298881031550679,-0.454057896381465
"5093",3.37708846812214,0.298265906955203,-0.454598191930143
"5094",3.37616939279263,0.297550416901112,-0.455226613433468
"5095",3.37591373736005,0.297351480517008,-0.45540133533429
"5096",3.37590266180743,0.297342863028323,-0.455408903848021
"5097",3.3754214942878,0.296968553689091,-0.455737645370789
"5098",3.37305066021463,0.295126226343975,-0.457355562083588
"5099",3.37265287115332,0.294817436031327,-0.45762671833049
"5100",3.37240173146484,0.294622532519905,-0.457797864746051
"5101",3.37139673838341,0.29384295145493,-0.458482397690111
"5102",3.37092704536275,0.293478809745697,-0.458802129492828
"5103",3.37036008084273,0.293039427764942,-0.459187914430538
"5104",3.36914619793324,0.292099333634402,-0.460013292924077
"5105",3.36836859205166,0.291497567272623,-0.46054159954769
"5106",3.36794576840897,0.291170504490347,-0.460828727223058
"5107",3.36638836117723,0.289966716196522,-0.461885473355136
"5108",3.36632442954502,0.28991733079729,-0.461928824444968
"5109",3.36514809082582,0.289009065979456,-0.462726083361992
"5110",3.3648524883448,0.28878095421209,-0.462926307915195
"5111",3.36457889519856,0.288569871885058,-0.46311158207881
"5112",3.36418988369556,0.28826981685132,-0.463374945930998
"5113",3.36289265277181,0.287269861574663,-0.464252585466017
"5114",3.36221906675633,0.286751019906987,-0.464707937778465
"5115",3.36196240125061,0.286553387748666,-0.464881381878906
"5116",3.36021446167244,0.285208488035645,-0.466061617362336
"5117",3.3595950270997,0.284732305624944,-0.46647947163819
"5118",3.35936396700463,0.284554737741269,-0.466635285523177
"5119",3.35920105017237,0.284429555905935,-0.466745130078483
"5120",3.35873030013987,0.284067927432077,-0.467062446524532
"5121",3.35816087413614,0.283630666817666,-0.467446117041583
"5122",3.3580633888096,0.283555826803996,-0.467511783607843
"5123",3.35783691043136,0.28338197921147,-0.467664320689811
"5124",3.35760298675116,0.283202447457311,-0.467821843256032
"5125",3.35712683059719,0.282837104218453,-0.468142392304632
"5126",3.35681859481471,0.282600671672246,-0.468349831946872
"5127",3.35663338668423,0.28245863382435,-0.468474450576942
"5128",3.35648311103898,0.282343400487383,-0.468575551057371
"5129",3.35554981339172,0.281628025516347,-0.469203170720359
"5130",3.35383282906263,0.280313255574354,-0.47035657784881
"5131",3.35335454673639,0.279947314065576,-0.470677588786515
"5132",3.35294666786479,0.27963534258304,-0.470951249913819
"5133",3.35224021355725,0.279095226402092,-0.471425025772269
"5134",3.35003064400163,0.27740774646639,-0.472905128457651
"5135",3.34992134612212,0.277324346215532,-0.472978275170942
"5136",3.34946913258638,0.27697935474148,-0.473280847776512
"5137",3.34863649253975,0.276344441542132,-0.473837676202203
"5138",3.34846327117917,0.276212404461986,-0.473953471748109
"5139",3.34801017704569,0.27586711629084,-0.474256282119204
"5140",3.34638303827271,0.27462808608378,-0.475342828063288
"5141",3.34571439471662,0.274119363101271,-0.475788917999469
"5142",3.3451408110205,0.273683165680092,-0.476171399655875
"5143",3.34456501616538,0.273245473560624,-0.47655518089123
"5144",3.34441520252127,0.273131622958163,-0.476655006612716
"5145",3.34368718654368,0.272578548751859,-0.477139938797652
"5146",3.34176842981921,0.271122298134495,-0.478416686614053
"5147",3.34136210195196,0.270814179101045,-0.478686810187836
"5148",3.34131629622994,0.270779450369117,-0.478717256032654
"5149",3.33940953531835,0.269334836497567,-0.479983653260511
"5150",3.33841460663314,0.268581859012358,-0.480643691511922
"5151",3.33837263370499,0.26855010539494,-0.480671525103316
"5152",3.33833199308307,0.268519360638299,-0.480698474324421
"5153",3.33778681027485,0.268107017174939,-0.481059907508407
"5154",3.33760341733254,0.267968347013427,-0.481181454485619
"5155",3.33723059337179,0.267686498799738,-0.481428496319539
"5156",3.33696166764528,0.267483243792222,-0.481606647882589
"5157",3.33685297889862,0.267401107866816,-0.481678638768711
"5158",3.33648970255565,0.267126628111869,-0.481919213307715
"5159",3.33535754762903,0.266271678660362,-0.48266852739351
"5160",3.33387726662523,0.265154911867905,-0.483647246920664
"5161",3.33211217298455,0.263824855329599,-0.484812798671262
"5162",3.33207972749001,0.263800422633333,-0.484834208534505
"5163",3.33148164521801,0.263350147497232,-0.485228769234198
"5164",3.32963629005856,0.261962081487246,-0.486445012084566
"5165",3.32893446973537,0.261434665414113,-0.486907112994181
"5166",3.32871002504587,0.261266052626205,-0.487054841489827
"5167",3.32735949076005,0.260252051532189,-0.48794321526891
"5168",3.32699144856926,0.259975892258436,-0.48818515043593
"5169",3.32691031753062,0.259915025755091,-0.488238473247387
"5170",3.32634809317856,0.259493329494478,-0.488607899483457
"5171",3.32529092297702,0.258700863851871,-0.489302110625273
"5172",3.32455932325739,0.258152803763029,-0.489782198494311
"5173",3.32382341558075,0.257601808540362,-0.490264840560695
"5174",3.32381376207593,0.25759458262829,-0.49027116995697
"5175",3.3229167042545,0.256923329814998,-0.490859128023002
"5176",3.3225243216088,0.25662985307676,-0.491116179785953
"5177",3.32230084640696,0.256462745198141,-0.491262544864178
"5178",3.32220807853566,0.256393384134594,-0.491323295807051
"5179",3.32184039283335,0.256118516919321,-0.491564039806542
"5180",3.3214623931189,0.25583601513593,-0.491811466205119
"5181",3.32100753132224,0.255496171480915,-0.49210910903542
"5182",3.32093325550192,0.255440687886202,-0.492157702224534
"5183",3.32058970479861,0.255184096067013,-0.492382426152972
"5184",3.32000146318559,0.254744895953355,-0.492767070518863
"5185",3.3185544805985,0.253665320260907,-0.49371249999587
"5186",3.31809883883859,0.253325603183746,-0.494009991056577
"5187",3.31775512680695,0.253069411868355,-0.49423433418199
"5188",3.31407535831852,0.250330572588705,-0.496632470615441
"5189",3.3140380555487,0.250302845013143,-0.496656746854869
"5190",3.31398545810632,0.250263749982371,-0.49669097553571
"5191",3.31378234252145,0.250112790397089,-0.496823143652851
"5192",3.31334779450786,0.249789898770801,-0.497105837481067
"5193",3.31326382316262,0.249727515217533,-0.497160454048036
"5194",3.31325777971239,0.249723025592615,-0.497164384689565
"5195",3.31260162005843,0.249235685083899,-0.497591041996124
"5196",3.3103967834303,0.247599777257831,-0.499023152742747
"5197",3.31015373284851,0.247419598908482,-0.499180875983516
"5198",3.30953446080477,0.24696065986677,-0.499582610749903
"5199",3.30895206845815,0.246529235374538,-0.499960250004947
"5200",3.30882564359265,0.246435605824155,-0.500042205514661
"5201",3.30808519288129,0.245887399862982,-0.500522049744147
"5202",3.30777735087524,0.245659567758951,-0.50072146617363
"5203",3.30755262661216,0.245493281835108,-0.500867010797971
"5204",3.30745898211824,0.245423996862035,-0.500927653221268
"5205",3.30728104237296,0.245292356756304,-0.501042871928996
"5206",3.30689100466575,0.245003863948914,-0.501295373501337
"5207",3.30661593331233,0.244800454051508,-0.50147340404957
"5208",3.30654896001404,0.244750934565103,-0.501516744673866
"5209",3.30649412265175,0.244710390024,-0.50155223011461
"5210",3.30616612453042,0.24446791405258,-0.501764448350411
"5211",3.30535677002244,0.243869829613099,-0.502287886231262
"5212",3.304149796829,0.242978550255875,-0.503067889479194
"5213",3.30030705485318,0.240145921919308,-0.505546578716361
"5214",3.29977078287919,0.239751220101287,-0.505891927812363
"5215",3.29893308868118,0.239134963418614,-0.506431112203327
"5216",3.29779350272919,0.23829719420656,-0.507164072806985
"5217",3.2968133811103,0.237577186139812,-0.507793974545135
"5218",3.2943510378983,0.23577047972129,-0.509374455911663
"5219",3.29232326840517,0.234284944082917,-0.510673850730795
"5220",3.29011895314892,0.232672426565492,-0.512084183081586
"5221",3.28960453715882,0.232296468926377,-0.512412981457934
"5222",3.28946249711989,0.232192683284822,-0.512503747143828
"5223",3.28895105105376,0.231819064355462,-0.512830490672217
"5224",3.2882948243838,0.231339873127876,-0.51324955022073
"5225",3.2873967927521,0.230684459950811,-0.513822698653649
"5226",3.28725534185117,0.230581261168584,-0.513912942278463
"5227",3.2860118868143,0.229674499615124,-0.514705848419835
"5228",3.28588977224039,0.229585491899252,-0.514783677744275
"5229",3.28571768156248,0.229460069867158,-0.514893347436082
"5230",3.28554682862147,0.229335564505873,-0.515002214763954
"5231",3.28509694788752,0.229007793216806,-0.515288813644071
"5232",3.28488766683826,0.22885535085204,-0.515422105300505
"5233",3.2845403358264,0.228602399593515,-0.515643276628539
"5234",3.28252551127027,0.227136241031474,-0.516925165781725
"5235",3.28179310530508,0.226603777836017,-0.517390680162721
"5236",3.28137444261895,0.226299526734536,-0.51765666985361
"5237",3.28111748378107,0.226112832089442,-0.517819884129252
"5238",3.28105085834477,0.226064430381976,-0.517862198113221
"5239",3.27764535099258,0.22359332172208,-0.520022341353724
"5240",3.27716294288532,0.223243735880927,-0.520327909628973
"5241",3.2770484555089,0.223160787215722,-0.520400413014796
"5242",3.27702326822788,0.223142539326643,-0.520416362997734
"5243",3.27663203817781,0.222859137537222,-0.520664074582504
"5244",3.27558836480596,0.222103479890449,-0.521324548286186
"5245",3.27414550309821,0.221059668644589,-0.522236831084004
"5246",3.2737761647488,0.220792640328241,-0.522470202773262
"5247",3.27250082499945,0.219871089490534,-0.523275572104968
"5248",3.27185016180294,0.219401228416426,-0.523686180346617
"5249",3.2716874569244,0.219283766899735,-0.523788827376523
"5250",3.27161088451495,0.219228491411436,-0.523837131164913
"5251",3.27114919716268,0.218895272147177,-0.524128319391466
"5252",3.27113222855624,0.218883027146316,-0.524139019746306
"5253",3.27095987932671,0.218758663193259,-0.524247695374335
"5254",3.27042356974374,0.218371763898944,-0.524585782900912
"5255",3.2678163464014,0.216492856185492,-0.526227537554174
"5256",3.26759213972609,0.216331432830282,-0.526368578003385
"5257",3.26680865036331,0.215767528374335,-0.526861268071946
"5258",3.26563719427133,0.214924937703864,-0.527597419998801
"5259",3.26420955016183,0.21389896317464,-0.528493742394207
"5260",3.26352270721011,0.213405709560156,-0.528924645072279
"5261",3.26208914449443,0.212376922601397,-0.529823346944949
"5262",3.26191588166857,0.212252647548407,-0.529931904487412
"5263",3.26062127271312,0.211324520951586,-0.530742623553785
"5264",3.25862186013665,0.209892660545009,-0.531993271490223
"5265",3.25841803711734,0.209746800146586,-0.532120666558007
"5266",3.25764621236541,0.209194641344187,-0.532602914920856
"5267",3.25720710620833,0.208880631993165,-0.532877160013016
"5268",3.25696645892169,0.208708580912278,-0.533027421546426
"5269",3.256817395721,0.208602021575506,-0.533120484869679
"5270",3.25621475118899,0.208171320911904,-0.533496630577657
"5271",3.25560888125647,0.20773848606639,-0.533874631089383
"5272",3.25483581090608,0.20718645141938,-0.534356717257886
"5273",3.25434890040758,0.206838900865459,-0.534660222034111
"5274",3.25408173803173,0.206648250601154,-0.534826708337653
"5275",3.25238872578593,0.205440867401706,-0.535881021251058
"5276",3.25096303018748,0.204425152848993,-0.53676791093887
"5277",3.25020959550124,0.203888759360248,-0.53723625284816
"5278",3.24969589671405,0.203523191368889,-0.537555433840724
"5279",3.24860230895811,0.202745356492118,-0.538234547994622
"5280",3.24851947035503,0.202686458382585,-0.538285969746837
"5281",3.24808891875446,0.202380387671731,-0.538553186078189
"5282",3.24776792571767,0.202152255371159,-0.53875235507227
"5283",3.24638720370893,0.201171503755642,-0.539608564120073
"5284",3.24625203005185,0.201075534382579,-0.539692344213854
"5285",3.24550953212261,0.200548531326548,-0.540152403760661
"5286",3.24429236887239,0.199685169159298,-0.540906067699325
"5287",3.24421038913009,0.199627043292184,-0.540956806880912
"5288",3.24347122220885,0.199103091949607,-0.541414166924707
"5289",3.24341285388311,0.199061728710648,-0.541450272581759
"5290",3.24223535213835,0.198227611979558,-0.542178349770379
"5291",3.24060145135519,0.197071233125856,-0.54318766723734
"5292",3.24026787792186,0.196835297890445,-0.543393590047733
"5293",3.23935158462976,0.196187465561132,-0.543959000908911
"5294",3.23846408982773,0.195560354936282,-0.544506308055059
"5295",3.23815189977543,0.1953398433338,-0.544698753989382
"5296",3.23714667093996,0.19463010986634,-0.545318140864175
"5297",3.23669679405445,0.194312624933194,-0.545595203633057
"5298",3.23587713632129,0.193734413207652,-0.546099785686409
"5299",3.23443633392003,0.192718755343091,-0.546986072607772
"5300",3.23419932423996,0.192551770036913,-0.547131783440976
"5301",3.23384962822639,0.192305437251788,-0.547346730326293
"5302",3.23340301478134,0.1919909131457,-0.547621176120419
"5303",3.23271850848557,0.191509027139593,-0.548041649040705
"5304",3.22984939432742,0.189491460714729,-0.549801977317274
"5305",3.22781936190275,0.188066137179187,-0.551045463861293
"5306",3.22737118680809,0.187751709795623,-0.551319765757728
"5307",3.22720107992307,0.18763239058844,-0.551423856963206
"5308",3.2259344251165,0.186744312157658,-0.552198575500037
"5309",3.22580672939618,0.186654821056008,-0.552276641472046
"5310",3.22559230136084,0.186504562707366,-0.552407715880765
"5311",3.22528603221507,0.186289982533329,-0.552594898233837
"5312",3.22506002354698,0.186131661288854,-0.552733003561672
"5313",3.22454894540701,0.185773728560414,-0.553045228090143
"5314",3.22414588023609,0.185491523086252,-0.553291391820176
"5315",3.22359521020104,0.185106086981733,-0.553627596498507
"5316",3.22290664219818,0.184624316670134,-0.554047821567118
"5317",3.22155827577319,0.183681503233681,-0.554870163067267
"5318",3.22065225376583,0.183048432464947,-0.55542231883259
"5319",3.22033506430865,0.182826884710788,-0.555615545669653
"5320",3.21966064012928,0.182355963564208,-0.556026260885863
"5321",3.21932780464075,0.182123631517181,-0.556228886393154
"5322",3.21804991571641,0.181232060227537,-0.557006437483029
"5323",3.21802032284261,0.18121142190109,-0.55702443603206
"5324",3.21781061713808,0.181065182142169,-0.557151970237683
"5325",3.21761832914958,0.180931105405348,-0.557268896382153
"5326",3.21699414717033,0.180495991462501,-0.557648346827951
"5327",3.21629326197781,0.180007607852672,-0.558074242482981
"5328",3.2160957822479,0.179870040171949,-0.558194206724852
"5329",3.2156853754966,0.179584197515729,-0.558443469765121
"5330",3.21567113047749,0.179574277353667,-0.55845212036927
"5331",3.21524638269955,0.179278525044615,-0.558710021077344
"5332",3.21450531388745,0.178762703161051,-0.559159816929651
"5333",3.2125510532192,0.177403563479372,-0.56034492974719
"5334",3.21105741743703,0.176365874502747,-0.56124969767392
"5335",3.21082530305636,0.176204700435913,-0.56139022227953
"5336",3.21070560513348,0.176121594314233,-0.561462680493406
"5337",3.20978529421355,0.175482826574055,-0.562019596756213
"5338",3.20972615478051,0.175441791459434,-0.562055373049744
"5339",3.20946822584327,0.175262839467039,-0.56221139075788
"5340",3.20939016228308,0.175208684250305,-0.562258605234175
"5341",3.20885375534543,0.174836631139255,-0.562582971209204
"5342",3.20859601509169,0.174657905170991,-0.562738787249118
"5343",3.20800109671039,0.174245475423771,-0.563098344635363
"5344",3.20786225568933,0.174149244787747,-0.563182237726333
"5345",3.20753494755908,0.173922419882224,-0.563379980287679
"5346",3.20712793878679,0.173640425341391,-0.563625815861856
"5347",3.206665424907,0.173320058991728,-0.56390509889049
"5348",3.20507338114861,0.172217996568899,-0.564865801153761
"5349",3.20495776953321,0.172138008042919,-0.564935527648916
"5350",3.20452704009023,0.171840047408156,-0.565195259402749
"5351",3.20389410599852,0.171402351048962,-0.565576791729179
"5352",3.20387122537211,0.171386531425216,-0.565590581269258
"5353",3.20234879598224,0.170334418119143,-0.566507656395109
"5354",3.20150445823296,0.169751334074073,-0.567015881818586
"5355",3.20094289536757,0.169363693507492,-0.567353747647925
"5356",3.20058879401181,0.169119328723028,-0.5675667316834
"5357",3.20034348256584,0.168950070234225,-0.567714252925909
"5358",3.1996228953058,0.168453028329954,-0.568147454612139
"5359",3.19957879732324,0.168422617710764,-0.568173958945396
"5360",3.19929161331539,0.168224591103934,-0.56834654781342
"5361",3.19883530415898,0.167910015199184,-0.568620711124438
"5362",3.19804854355584,0.167367831091781,-0.569093232791267
"5363",3.19749023870335,0.166983239008584,-0.569428403166489
"5364",3.19612730274924,0.16604491155209,-0.570246125660617
"5365",3.19569701925562,0.165748837323431,-0.5705041373009
"5366",3.19539090132865,0.165538246675814,-0.57068765270101
"5367",3.19530892281286,0.165481856947415,-0.570736792193637
"5368",3.19426830814382,0.164766299802866,-0.571360336023693
"5369",3.19346771066331,0.164216087815202,-0.571839781921369
"5370",3.19342616739572,0.164187544299012,-0.571864653940585
"5371",3.19275816828551,0.163728672962835,-0.572264496912194
"5372",3.19217407851598,0.163327591309398,-0.572613977014157
"5373",3.19214835628438,0.163309931619929,-0.572629364525966
"5374",3.19062372409622,0.162263672037225,-0.573540984478042
"5375",3.19057796874198,0.162232287641202,-0.573568329422998
"5376",3.18871588708773,0.160955775356005,-0.574680508802433
"5377",3.1880547259209,0.160502868200685,-0.575075094445055
"5378",3.1874388686959,0.160081154268534,-0.575442496084031
"5379",3.18735325275019,0.160022540104849,-0.575493560785605
"5380",3.18521724160796,0.158561147724224,-0.576766681360009
"5381",3.18493628044813,0.158369059688947,-0.576934016112682
"5382",3.18458863746624,0.15813142646107,-0.577141024824433
"5383",3.18312915410772,0.157134318535841,-0.578009607303497
"5384",3.18011104547982,0.155075075229035,-0.579803289760706
"5385",3.17899674592905,0.154315711563126,-0.58046468218667
"5386",3.17839276201654,0.153904319918411,-0.580822987352063
"5387",3.17836255806106,0.153883750897838,-0.580840901941712
"5388",3.17792314098989,0.153584546974985,-0.581101491684529
"5389",3.17769365221159,0.153428315985082,-0.581237558630474
"5390",3.17709358279719,0.153019900372312,-0.581593257194967
"5391",3.17670064283763,0.152752537216755,-0.581826106286067
"5392",3.17623707687669,0.152437197447912,-0.582100734963647
"5393",3.17605607875769,0.152314096920463,-0.582207941843627
"5394",3.17414971425771,0.151018324646037,-0.583336378582356
"5395",3.17293866410638,0.150195906863198,-0.584052554734503
"5396",3.17164608174003,0.149318756183212,-0.584816363476057
"5397",3.17123187808096,0.149037814602811,-0.585060996404403
"5398",3.17012597386471,0.148288042047155,-0.585713853589343
"5399",3.16870485826495,0.147325263988174,-0.586552150445112
"5400",3.16843492319849,0.147142476878535,-0.586711300160346
"5401",3.16801642634734,0.146859146659998,-0.586957988477772
"5402",3.1673134363042,0.146383361765386,-0.587372234957888
"5403",3.16660502288261,0.145904099446657,-0.587789500020824
"5404",3.16449230296117,0.144475930226464,-0.589032867750981
"5405",3.16391765758071,0.144087774265378,-0.589370783394114
"5406",3.16384883540987,0.14404129539878,-0.589411245948122
"5407",3.16265633699369,0.143236232155094,-0.590112086779916
"5408",3.1618546854399,0.142695336884107,-0.59058294415134
"5409",3.16157048218843,0.14250363622394,-0.590749819665654
"5410",3.16133700073055,0.142346171371671,-0.590886891813747
"5411",3.15901948405794,0.140784309123029,-0.59224643028319
"5412",3.1586551839301,0.140538978074254,-0.592459972447543
"5413",3.15835979598264,0.140340091348524,-0.592633086607052
"5414",3.15824855084882,0.140265197755744,-0.59269827477715
"5415",3.15806597043927,0.140142289189893,-0.592805255209579
"5416",3.15805537279347,0.14013515550487,-0.592811464398312
"5417",3.15786159025348,0.14000472043455,-0.5929249952688
"5418",3.15782150212501,0.139977738869045,-0.592948479978843
"5419",3.15607318781748,0.138801611706321,-0.593972151529697
"5420",3.15549155938916,0.138410591960783,-0.594312473365584
"5421",3.15486030702705,0.137986353756637,-0.594681699975908
"5422",3.15436128222769,0.137651085276129,-0.594973488751875
"5423",3.15252654454302,0.136419217506277,-0.596045562799424
"5424",3.15208874346994,0.136125456362542,-0.596301209562381
"5425",3.15155847905709,0.135769747937663,-0.596610761717775
"5426",3.15089546543545,0.135325135623636,-0.596997674833645
"5427",3.15048370601477,0.135049094195061,-0.597237889372793
"5428",3.14765909164079,0.133157165764044,-0.598884189028725
"5429",3.14686202241273,0.132623816402811,-0.599348268865364
"5430",3.14505264456479,0.131413951137123,-0.600400960704761
"5431",3.14479646887919,0.131242751803382,-0.600549915033566
"5432",3.1442644279827,0.13088727077965,-0.600859202597703
"5433",3.14268801565203,0.129834597592631,-0.60177505646817
"5434",3.14192030875018,0.129322273933445,-0.602220776500497
"5435",3.14190963193265,0.12931515033039,-0.602226973943183
"5436",3.14113097516744,0.128795738651399,-0.60267885019876
"5437",3.14075179356902,0.12854288006238,-0.602898827665727
"5438",3.14018802593013,0.12816702479052,-0.603225803137949
"5439",3.14015071079732,0.128142151373306,-0.603247441589982
"5440",3.13902929264802,0.127394871629653,-0.603897521341487
"5441",3.13896202958243,0.127350063781907,-0.603936500281382
"5442",3.13770575725332,0.126513483468196,-0.604664238624218
"5443",3.13766411257466,0.126485760936156,-0.604688353906813
"5444",3.13616578161753,0.125488742931046,-0.60555562088018
"5445",3.13604253808651,0.12540676970525,-0.605626924516102
"5446",3.13583054453798,0.125265778552674,-0.605749563745913
"5447",3.1354461732532,0.125010184122172,-0.605971887164513
"5448",3.13339117703857,0.123644561250381,-0.607159703763427
"5449",3.13297924223349,0.123370993469363,-0.607397644166671
"5450",3.13122186265627,0.12220457672565,-0.60841212425222
"5451",3.13068774204326,0.121850281140392,-0.608720259459387
"5452",3.13023223195811,0.121548208362502,-0.608982972150133
"5453",3.12950693874753,0.121067377008218,-0.609401144150928
"5454",3.12720297077584,0.119541176218269,-0.610728401648117
"5455",3.12434523822689,0.117650690723019,-0.612372338770281
"5456",3.1241743056605,0.117537701881755,-0.61247058794183
"5457",3.12408746717481,0.117480304242602,-0.612520497738464
"5458",3.12389097933349,0.117350441175239,-0.612633418994599
"5459",3.12258965863706,0.116490702742657,-0.613380981081942
"5460",3.12215572441722,0.116204145380106,-0.613630143162356
"5461",3.12192839352397,0.116054048320049,-0.613760651587391
"5462",3.1208224252308,0.115324074110583,-0.614395347638886
"5463",3.12028726321671,0.114970999000402,-0.614702331431119
"5464",3.11728235186097,0.112990292471489,-0.616424386835149
"5465",3.11724849750621,0.112967994457456,-0.616443772240112
"5466",3.1162715830057,0.112324719685301,-0.617003013426117
"5467",3.11593758011259,0.112104860058994,-0.617194148440897
"5468",3.1157821768441,0.112002577533558,-0.617283067176931
"5469",3.11504646436715,0.111518459509427,-0.617703927281396
"5470",3.11468414432543,0.111280109792237,-0.617911129586911
"5471",3.11451785536584,0.111170732396861,-0.618006212912421
"5472",3.11325286739767,0.110338981260586,-0.618729251793953
"5473",3.11228812666678,0.109705004665028,-0.619280348986132
"5474",3.11192435338544,0.109466032084684,-0.619488077039024
"5475",3.11017057182074,0.108314538094372,-0.620488989736157
"5476",3.10941237017373,0.107817033248986,-0.620921420888427
"5477",3.10807195720337,0.106937963524067,-0.621685486404121
"5478",3.10779475289582,0.106756240766494,-0.621843431834508
"5479",3.10772894264496,0.106713102195577,-0.621880925809293
"5480",3.10664761263108,0.10600449358063,-0.622496804826922
"5481",3.10610676888713,0.105650215056369,-0.622804715156663
"5482",3.10547468686701,0.105236291579302,-0.623164458348788
"5483",3.10518081809067,0.105043893641099,-0.623331670364799
"5484",3.10513919415507,0.10501664442369,-0.623355352405673
"5485",3.10510425328529,0.104993770726143,-0.623375231702365
"5486",3.10488259086749,0.104848670813063,-0.623501336114306
"5487",3.104424819154,0.104549064425161,-0.623761717655285
"5488",3.10393179486905,0.104226461414587,-0.62404208145305
"5489",3.10333756914935,0.103837743052858,-0.624379898966749
"5490",3.10321707126258,0.10375893210682,-0.624448389323656
"5491",3.10308566385702,0.103672991184753,-0.62452307570384
"5492",3.10299192972845,0.103611692120936,-0.624576347079903
"5493",3.10255714165159,0.103327391868812,-0.624823413770942
"5494",3.10226545077558,0.103136694417941,-0.6249891347738
"5495",3.101560669138,0.102676045185241,-0.625389445412977
"5496",3.10061884122604,0.102060709618828,-0.625924168665873
"5497",3.10060873906554,0.102054110992771,-0.625929902761653
"5498",3.09998283474832,0.101645340368275,-0.626285114528083
"5499",3.09965987953047,0.101434471055939,-0.62646835248249
"5500",3.09896071635867,0.100978075557101,-0.626864938463863
"5501",3.09802524253033,0.100367665616755,-0.627395343852876
"5502",3.09800079886426,0.100351719500178,-0.62740919977969
"5503",3.09683424076687,0.0995909213559149,-0.628070263061485
"5504",3.09666614020232,0.0994813261042317,-0.628165489472994
"5505",3.09527914709654,0.0985773986841072,-0.628950887887353
"5506",3.09218285041573,0.096561666025467,-0.630702196888416
"5507",3.09009903894509,0.0952067572304298,-0.631879285361248
"5508",3.0900900602414,0.0952009221263665,-0.631884354511799
"5509",3.08978497544748,0.0950026676126127,-0.632056584113495
"5510",3.08670034838464,0.0929997822898503,-0.633796469317272
"5511",3.08541181821178,0.0921639880292038,-0.634522471276907
"5512",3.08487019254014,0.0918128182803357,-0.634827502692267
"5513",3.08439365711854,0.091503924431426,-0.635095808853892
"5514",3.0831284273003,0.0906841274633159,-0.635807869979637
"5515",3.08224285990868,0.0901106185046584,-0.636305994937508
"5516",3.08153255411516,0.0896507831311183,-0.636705379169601
"5517",3.08084605863169,0.0892065063953442,-0.637091242705682
"5518",3.08062920234225,0.0890661937658076,-0.63721310560759
"5519",3.07886363542047,0.0879243429042767,-0.638204787186526
"5520",3.07825426961812,0.0875304621631724,-0.638546855898684
"5521",3.07655974574824,0.0864357402627342,-0.639497545124927
"5522",3.07525052404466,0.0855905204734892,-0.640231528731758
"5523",3.07453268769468,0.0851273078951758,-0.640633768353272
"5524",3.0724748511022,0.0838002471970449,-0.641786102871454
"5525",3.07154467743444,0.083200802885864,-0.642306600325046
"5526",3.06560642425662,0.0793798593487032,-0.645624008428387
"5527",3.0646661095791,0.0787757499487226,-0.646148456169091
"5528",3.06444799739448,0.0786356589378563,-0.646270071932321
"5529",3.06408530642135,0.0784027366792301,-0.646472274688139
"5530",3.0633766297752,0.0779477287028731,-0.646867266949265
"5531",3.06179039959558,0.076929802665403,-0.647750899828443
"5532",3.06162114950111,0.0768212325425412,-0.647845144174898
"5533",3.05973907177015,0.0756144678430288,-0.648892646761507
"5534",3.05934587862712,0.0753624834668727,-0.649111368664602
"5535",3.05767266910544,0.0742906648373457,-0.650041678003777
"5536",3.05733367304606,0.074073607502862,-0.650230072531102
"5537",3.05721016569022,0.0739945343990079,-0.65029870344534
"5538",3.05716416011767,0.0739650813447777,-0.650324266944557
"5539",3.05605148541892,0.0732529199535047,-0.650942370616223
"5540",3.05581556780576,0.073101966496219,-0.651073384624536
"5541",3.05329445937874,0.0714897830682243,-0.652472560437963
"5542",3.0527639641164,0.0711507690155597,-0.65276677006874
"5543",3.05144792286982,0.0703100848440443,-0.653496329638845
"5544",3.05097400533196,0.0700074639172751,-0.653758942437417
"5545",3.04912051631864,0.0688245054059515,-0.654785473715753
"5546",3.04908333228184,0.068800782911109,-0.654806058742853
"5547",3.04905164919079,0.0687805701807463,-0.654823598179596
"5548",3.04820839305646,0.0682427019889319,-0.655290323277148
"5549",3.04708778577103,0.0675282252209732,-0.655910279970071
"5550",3.04676274505024,0.0673210494485652,-0.656090044221442
"5551",3.04662452157255,0.0672329566721648,-0.656166480901518
"5552",3.0457976240068,0.0667060650205895,-0.656623650040049
"5553",3.04521002382659,0.0663317636328972,-0.656948414375454
"5554",3.04442272254715,0.0658303983283527,-0.657383417838162
"5555",3.04307106581055,0.0649700310585221,-0.658129882332029
"5556",3.04305360851261,0.0649589222019343,-0.65813952031609
"5557",3.04301615969896,0.06493509212807,-0.65816019514355
"5558",3.04238481427297,0.0645333999683376,-0.658508697517421
"5559",3.04232518635286,0.0644954673357098,-0.65854160700445
"5560",3.04212348322943,0.0643671598063029,-0.658652923278158
"5561",3.04209092251394,0.0643464482790496,-0.658670892000512
"5562",3.04120162111583,0.0637808822450997,-0.659161554319161
"5563",3.0401315368311,0.0631006228300486,-0.659751703544608
"5564",3.03791822082319,0.0616945635012567,-0.660971452806655
"5565",3.03721052914253,0.0612452577897801,-0.661361206891004
"5566",3.03675571487209,0.0609565703075157,-0.661611627133408
"5567",3.03657052607451,0.0608390395776547,-0.661713577528188
"5568",3.03555096887739,0.0601921338982629,-0.662274717108141
"5569",3.03427335838591,0.0593818750740179,-0.662977529320704
"5570",3.0338068004787,0.0590860898760489,-0.663234084625748
"5571",3.03331516121256,0.0587744644754213,-0.663504375495651
"5572",3.03311911642967,0.058650218894215,-0.663612139852513
"5573",3.03274913340662,0.0584157649057365,-0.663815491755967
"5574",3.03165877679011,0.0577250225468781,-0.664414589212198
"5575",3.03041988958105,0.0569405543581823,-0.665094954214597
"5576",3.03041179075134,0.0569354274332567,-0.665099400687697
"5577",3.02905085767667,0.056074131640128,-0.665846369255098
"5578",3.02802478498744,0.0554250690494317,-0.66640925643816
"5579",3.02769318065351,0.0552153628588362,-0.666591116508575
"5580",3.02744255780553,0.0550568875991983,-0.666728547237375
"5581",3.02616308720851,0.0542480908467741,-0.667429924962688
"5582",3.02512478660316,0.0535920463444381,-0.667998818475261
"5583",3.02467984767234,0.0533109962341229,-0.668242527655996
"5584",3.02463613845556,0.0532833895229516,-0.668266466305746
"5585",3.02249011358823,0.0519285428787636,-0.669441258280319
"5586",3.0211906736236,0.0511087204318158,-0.67015209246419
"5587",3.0203144123325,0.0505561165143299,-0.670631216883751
"5588",3.01851751956998,0.0494235114882444,-0.671613180476124
"5589",3.01747780910674,0.0487685252934324,-0.672181026352302
"5590",3.01734594778344,0.0486854752595467,-0.672253026013716
"5591",3.01658139706537,0.0482040217148542,-0.672670413223052
"5592",3.01376824168208,0.0464337223949025,-0.674205057986185
"5593",3.01363934055601,0.046352650908477,-0.674275334438871
"5594",3.01351430305492,0.0462740131828137,-0.6743435009327
"5595",3.01343461741559,0.0462238997692592,-0.674386941215158
"5596",3.01166226533374,0.0451096746757405,-0.675352768089874
"5597",3.01105540699573,0.0447283307012854,-0.675683310659451
"5598",3.01097048241763,0.0446749717950366,-0.675729560774161
"5599",3.01050129367287,0.0443802065444632,-0.675985053464483
"5600",3.01022174395745,0.0442046054365438,-0.676137256896093
"5601",3.00992066594733,0.0440155015820272,-0.676301162457917
"5602",3.00986689934919,0.0439817335856256,-0.676330430672345
"5603",3.00776552496017,0.042662496140844,-0.677473834015521
"5604",3.00643492911161,0.0418276794725519,-0.678197343991006
"5605",3.00559526960458,0.041301085983026,-0.678653711012863
"5606",3.00447542396761,0.0405990244021863,-0.679262127143653
"5607",3.00211617537348,0.0391208805418378,-0.680543037092815
"5608",3.00129970212775,0.0386096271570183,-0.680986050076963
"5609",2.99996030478307,0.0377712569977767,-0.68171249272155
"5610",2.99870243206792,0.0369842805146762,-0.682394375099309
"5611",2.9985404459513,0.0368829609782162,-0.682482162289694
"5612",2.99832471000703,0.0367480308905633,-0.682599070270403
"5613",2.99803776224908,0.0365685780136348,-0.682754553059166
"5614",2.99586465112803,0.0352101369548587,-0.68393149686442
"5615",2.99578520510368,0.0351604938663718,-0.683974505745879
"5616",2.99358084742514,0.0337836169590305,-0.685167335958765
"5617",2.99356483926048,0.0337736218774806,-0.685175994693277
"5618",2.98943301659891,0.0311956694961588,-0.687409124711926
"5619",2.98632885051951,0.029261298271375,-0.689084561741639
"5620",2.98617133208187,0.0291631944281923,-0.689169528932368
"5621",2.98286033741619,0.0271022800449305,-0.690954374158449
"5622",2.98270189937569,0.0270037181781658,-0.691039728343589
"5623",2.98183606494777,0.0264651876119053,-0.691506085816216
"5624",2.981597757017,0.0263169923144998,-0.691634417858885
"5625",2.98148447241366,0.0262465487185752,-0.691695419242344
"5626",2.98088275175221,0.0258724259193263,-0.692019391050779
"5627",2.98056854421303,0.0256770953891655,-0.692188535054612
"5628",2.98031932842897,0.0255221820880649,-0.692322679020873
"5629",2.98023884627458,0.0254721568506562,-0.69236599710353
"5630",2.97921210104604,0.0248340797510091,-0.692918513623723
"5631",2.9782691581026,0.0242482713961345,-0.693425753621338
"5632",2.97704565560549,0.0234884327875425,-0.694083659328753
"5633",2.97677454359351,0.0233201035286662,-0.69422940346879
"5634",2.97652510543969,0.0231652443218137,-0.694363483700815
"5635",2.97607111570864,0.0228834250778573,-0.694607485636473
"5636",2.97540324311675,0.0224689108957985,-0.694966369460671
"5637",2.97373692669922,0.0214351029995206,-0.695861399005742
"5638",2.97345475469607,0.0212600939990837,-0.696012909850823
"5639",2.97311829511418,0.0210514353678097,-0.69619355037202
"5640",2.97291206521143,0.0209235510167387,-0.696304261752503
"5641",2.97264069534729,0.0207552858360008,-0.696449930246422
"5642",2.97131663022489,0.0199344966909146,-0.697160474791723
"5643",2.97108119065848,0.0197885836575774,-0.697286786139422
"5644",2.97105915634388,0.019774928508227,-0.697298606830006
"5645",2.97008900509474,0.0191737988436156,-0.697818970864975
"5646",2.97003469792077,0.019140154225501,-0.697848094607901
"5647",2.96945185671484,0.0187791061635305,-0.698160624755255
"5648",2.96836171528182,0.0181039824911453,-0.698745008207487
"5649",2.96789447293953,0.0178146903617824,-0.698995411304901
"5650",2.96713374295198,0.0173437763541595,-0.699403012648322
"5651",2.96664605874005,0.0170419443873158,-0.699664258850681
"5652",2.96478946502926,0.0158933005679666,-0.700658410706161
"5653",2.96456806329662,0.0157563669948423,-0.700776922568965
"5654",2.96444225356763,0.0156785597737799,-0.700844261962375
"5655",2.96375240009173,0.0152519723938131,-0.701213453054051
"5656",2.96196225098039,0.0141454118649593,-0.702171087683476
"5657",2.95753784473251,0.0114130943400261,-0.704535423207115
"5658",2.95700571996035,0.0110847224723629,-0.704819546208175
"5659",2.95682382161867,0.0109724857626036,-0.704916657549896
"5660",2.95657547038413,0.0108192554584626,-0.705049237063508
"5661",2.95480350715565,0.00972629937131911,-0.705994862378326
"5662",2.95350661587189,0.00892673292837079,-0.706686609731368
"5663",2.95345211721227,0.00889313980019999,-0.706715672236701
"5664",2.95227744216901,0.00816919723174257,-0.707341964851309
"5665",2.9510863025523,0.00743536131942549,-0.707976789756909
"5666",2.94966846210216,0.0065621907707103,-0.708732114938071
"5667",2.9490793968561,0.00619952286769785,-0.709045825033657
"5668",2.94874512784231,0.00599375191132861,-0.709223815319509
"5669",2.94841388976837,0.00578986626570863,-0.709400172731496
"5670",2.94732862628599,0.00512199405407561,-0.709977855543719
"5671",2.94694074046054,0.00488333902219916,-0.710184277180111
"5672",2.94575100365404,0.00415149253393434,-0.710817260587086
"5673",2.94543925093918,0.00395976401361522,-0.710983084568616
"5674",2.94539075469243,0.00392994025087679,-0.711008878660331
"5675",2.94460467121827,0.00344657914214939,-0.711426923612122
"5676",2.94369834640324,0.00288941492612249,-0.711908784021355
"5677",2.94177599039562,0.00170811328259405,-0.71293037400962
"5678",2.94167594659033,0.00164665300662019,-0.712983522925208
"5679",2.9406397294049,0.00101017046982137,-0.713533921664391
"5680",2.94054138791308,0.000949775033706644,-0.713586147584439
"5681",2.93898781892206,-4.11594427944401e-06,-0.714410983659467
"5682",2.93783083688505,-0.00071423775003699,-0.715025000461514
"5683",2.93567207622728,-0.00203862227887819,-0.716170078555969
"5684",2.93339054790335,-0.00343748288205078,-0.717379450633878
"5685",2.93132389061445,-0.00470386282405081,-0.71847419966657
"5686",2.93008542909014,-0.00546241847554085,-0.719129908918311
"5687",2.92858546964562,-0.00638080966859698,-0.719923742346708
"5688",2.92776416292256,-0.00688352422849918,-0.72035825684662
"5689",2.92731513406679,-0.00715832526148026,-0.720595771728325
"5690",2.9269913993399,-0.00735642765703069,-0.72076699227985
"5691",2.92600071012909,-0.00796255489707168,-0.72129085710078
"5692",2.925584416182,-0.00821720707732121,-0.72151094254928
"5693",2.92465237271587,-0.00878725056253426,-0.722003595256988
"5694",2.92406141407154,-0.00914861375698205,-0.722315889739767
"5695",2.92404344371202,-0.00915960153040938,-0.72232538539832
"5696",2.92389703866032,-0.00924911736255959,-0.722402744941575
"5697",2.92239819627121,-0.0101653558629202,-0.723194533178281
"5698",2.92234073446235,-0.0102004751594907,-0.723224881417247
"5699",2.92146377165121,-0.0107363905537418,-0.723687982937814
"5700",2.92042616739028,-0.0113703211375678,-0.724235762536695
"5701",2.92026871247271,-0.0114665046889677,-0.724318872877488
"5702",2.92011051608803,-0.011563137342242,-0.724402370775544
"5703",2.91888698677545,-0.0123103883370348,-0.725048034930175
"5704",2.9186018315282,-0.0124845095066906,-0.725198480434936
"5705",2.91739134147834,-0.0132235199823476,-0.725836987612568
"5706",2.91635680572175,-0.0138549337464832,-0.726382507399144
"5707",2.91562888704447,-0.0142991117158309,-0.726766248876068
"5708",2.91502930838031,-0.0146649166086536,-0.727082272916032
"5709",2.91265459739236,-0.0161132096397889,-0.728333401867917
"5710",2.91228134591722,-0.0163407730125596,-0.728529975316129
"5711",2.91115048801047,-0.0170301076644984,-0.72912541791797
"5712",2.91095284307752,-0.0171505664259904,-0.729229466688705
"5713",2.91012223396599,-0.0176567358570922,-0.729666672338586
"5714",2.90969483451444,-0.0179171520034485,-0.72989160218893
"5715",2.90859164524863,-0.0185892071020977,-0.730472060544966
"5716",2.90814127912646,-0.0188635164185671,-0.730708976075301
"5717",2.90740681588857,-0.0193108012082939,-0.731095278120578
"5718",2.90732835002052,-0.0193585819889837,-0.731136543817663
"5719",2.90686691613625,-0.019639548376686,-0.73137919683922
"5720",2.90590376617496,-0.0202259109391624,-0.731885587159413
"5721",2.90505385048388,-0.0207432272655823,-0.73233233228767
"5722",2.90408669507473,-0.0213317792979078,-0.732840577055803
"5723",2.90399876545691,-0.0213852813811851,-0.732886777875618
"5724",2.90299145720966,-0.0219981155730363,-0.733415969003222
"5725",2.9029846656581,-0.0220022469883607,-0.733419536467967
"5726",2.90243783863722,-0.022334869926447,-0.733706752221458
"5727",2.90141932161724,-0.0229543004868313,-0.734241606137234
"5728",2.89867314059826,-0.0246237271601376,-0.735682982210471
"5729",2.89864014310043,-0.0246437802990084,-0.735700295045584
"5730",2.89834239301032,-0.0248247213152676,-0.735856509055009
"5731",2.89767325272153,-0.0252313096488547,-0.736207527105161
"5732",2.89678545349183,-0.0257706666780093,-0.736673153195487
"5733",2.89549766174418,-0.0265528366445395,-0.737348369773957
"5734",2.89530355499447,-0.0266707122851665,-0.737450124141808
"5735",2.89509317990441,-0.0267984614617046,-0.737560400790837
"5736",2.89498741353064,-0.0268626852725749,-0.737615840220387
"5737",2.89433274643548,-0.0272601806830432,-0.737958961878255
"5738",2.89339566819261,-0.0278290473238901,-0.738449996942413
"5739",2.8929443810227,-0.0281029653381688,-0.738686431213072
"5740",2.89288934422446,-0.02813636917643,-0.738715263676399
"5741",2.89132097468508,-0.0290880987654462,-0.73953672030933
"5742",2.89119668993522,-0.0291635040532566,-0.739601801866239
"5743",2.88864331398796,-0.0307122167760973,-0.74093840754523
"5744",2.88809967920499,-0.0310418386170728,-0.741222867373317
"5745",2.88773620845177,-0.0312621998652898,-0.741413033044567
"5746",2.88770316484749,-0.0312822323302852,-0.741430320368167
"5747",2.88702023358903,-0.0316962225827709,-0.741787574376226
"5748",2.88646660180594,-0.032031786881606,-0.742077143147699
"5749",2.88529218753337,-0.032743483139224,-0.742691265961409
"5750",2.88481730638469,-0.0330312102719057,-0.74293953732025
"5751",2.8845744311988,-0.0331783552317805,-0.743066502540083
"5752",2.8843650720234,-0.0333051884665673,-0.743175940602685
"5753",2.88264592365273,-0.034346460864047,-0.744074366751206
"5754",2.88189911122435,-0.0347986787150946,-0.744464527490483
"5755",2.8816378787608,-0.0349568459478366,-0.744600986841957
"5756",2.88157678794042,-0.0349938330565065,-0.744632897390176
"5757",2.88017207558959,-0.0358441757843812,-0.745366506407172
"5758",2.87995345225767,-0.0359764965902477,-0.74548065856702
"5759",2.8769570184117,-0.0377894583060898,-0.747044582052793
"5760",2.87380225477779,-0.0396969833835236,-0.748689867089255
"5761",2.87366039947353,-0.0397827265982439,-0.748763817488341
"5762",2.87350436928511,-0.0398770347827149,-0.748845154350748
"5763",2.8723127280223,-0.0405971891957287,-0.749466239721559
"5764",2.87229553948064,-0.0406075755898945,-0.749475197068135
"5765",2.8705563396461,-0.0416583188168272,-0.750381336490958
"5766",2.87035235710325,-0.0417815308970833,-0.750487587685339
"5767",2.8697727080914,-0.0421316295818468,-0.750789488149914
"5768",2.86853816173421,-0.0428771373191103,-0.751432336745966
"5769",2.86819089290695,-0.0430868093160427,-0.751613130050536
"5770",2.86742315373806,-0.0435502978975154,-0.75201277158719
"5771",2.86657224622454,-0.0440639112574858,-0.752455617739882
"5772",2.86609095588792,-0.0443543820616077,-0.752706059457742
"5773",2.86534117987045,-0.0448068344292229,-0.753096150160033
"5774",2.86392903642751,-0.0456588068931593,-0.753830660888972
"5775",2.86355097407686,-0.0458868579532621,-0.754027262905103
"5776",2.86335942884406,-0.0460023933948823,-0.754126864381406
"5777",2.86260833320706,-0.0464553933621049,-0.754517381339644
"5778",2.86250891910281,-0.0465153467919133,-0.754569064349426
"5779",2.86136005985366,-0.0472081004469581,-0.755166238343973
"5780",2.85705064024929,-0.0498052449923559,-0.757404788475712
"5781",2.85694169037,-0.0498708769550504,-0.757461353028423
"5782",2.85595169079694,-0.0504671937265076,-0.75797527309196
"5783",2.85535951456092,-0.0508238304057087,-0.758282620490689
"5784",2.85529717079432,-0.0508613743947631,-0.758314975217049
"5785",2.853148470611,-0.0521550640393555,-0.759429799388453
"5786",2.85199146543729,-0.0528514515338003,-0.760029860808194
"5787",2.8517552706587,-0.0529935952905241,-0.760152339125262
"5788",2.84958770409423,-0.0542977527480114,-0.761276008167137
"5789",2.84835995818191,-0.0550362103884895,-0.761912219437252
"5790",2.84813872781976,-0.0551692564842071,-0.762026840373576
"5791",2.84722455723825,-0.055718972024915,-0.762500415498845
"5792",2.84598515776263,-0.0564641051958704,-0.763142310457201
"5793",2.84336506264851,-0.0580387498289842,-0.764498671264846
"5794",2.84257599961988,-0.0585128163019999,-0.764906989507847
"5795",2.84171004453915,-0.0590329994823688,-0.765355011898127
"5796",2.8413226569275,-0.0592656780379397,-0.765555407202821
"5797",2.84082456791959,-0.0595648232971238,-0.765813042081002
"5798",2.84020469375233,-0.0599370727052285,-0.766133628865622
"5799",2.83958478640888,-0.0603092996526075,-0.766454187347935
"5800",2.83936338292299,-0.0604422324032289,-0.766568665657957
"5801",2.8378577282343,-0.0613460990731208,-0.767347022310933
"5802",2.83769165159606,-0.0614457821295413,-0.767432860231501
"5803",2.83754771662614,-0.0615321728063025,-0.767507251449444
"5804",2.8374369962299,-0.061598626348087,-0.767564474422701
"5805",2.83641832027246,-0.062209965265849,-0.768090883304954
"5806",2.83497034820014,-0.0630787441911436,-0.768838925524192
"5807",2.83339866919578,-0.0640214907271706,-0.769650600044317
"5808",2.83322601099791,-0.0641250408018622,-0.769739749787386
"5809",2.83253106146935,-0.0645417977252043,-0.770098542729039
"5810",2.8308805442339,-0.0655313960315744,-0.770950458567827
"5811",2.83058143402131,-0.0657107021071646,-0.771104810950387
"5812",2.82970621918683,-0.0662353082380903,-0.771556396439501
"5813",2.82921873172228,-0.0665274744295765,-0.771807887739735
"5814",2.82918549326536,-0.066547394343491,-0.771825034230858
"5815",2.82864182146989,-0.0668732020768583,-0.772105476466033
"5816",2.82839882473227,-0.067018813362877,-0.772230810551442
"5817",2.8279002072186,-0.067317581239359,-0.772487968902
"5818",2.82755670402955,-0.0675233906099609,-0.772665111673722
"5819",2.82651109446959,-0.0681497899162047,-0.773204244308425
"5820",2.82627061772381,-0.0682938375648995,-0.773328220305254
"5821",2.82610502660643,-0.0683930245749638,-0.773413585758769
"5822",2.82510461702711,-0.0689921968156429,-0.773929250343607
"5823",2.82486377161199,-0.0691364301229894,-0.774053378036309
"5824",2.8244536888647,-0.0693819995306024,-0.774264712740914
"5825",2.82437610423756,-0.0694284574941291,-0.774304693571191
"5826",2.82409901264468,-0.0695943758995287,-0.774447478584557
"5827",2.82165085543004,-0.0710599538234358,-0.775708636388488
"5828",2.81928781279193,-0.0724739982716591,-0.77692531197675
"5829",2.81915476076107,-0.0725535997705304,-0.776993798889629
"5830",2.81619783174982,-0.0743221928429546,-0.77851533665086
"5831",2.8160280286275,-0.0744237286337572,-0.778602682444875
"5832",2.81580588136965,-0.0745565598890236,-0.778716948991506
"5833",2.81320767433489,-0.0761097749586436,-0.78005299518038
"5834",2.81258935811927,-0.0764793080281348,-0.780370836311479
"5835",2.81225482606238,-0.0766792235306861,-0.780542782850339
"5836",2.81041505023271,-0.0777784736123688,-0.78148819465341
"5837",2.81025973099974,-0.0778712604332307,-0.781567992316979
"5838",2.81008823777328,-0.0779737067881669,-0.781656096597188
"5839",2.80997763003104,-0.0780397799562557,-0.781712919407079
"5840",2.80979376418345,-0.0781496123140781,-0.781807374380659
"5841",2.80943873270439,-0.0783616812956985,-0.781989749710104
"5842",2.80836649116321,-0.0790020835449643,-0.782540464804252
"5843",2.80832191101353,-0.0790287068916413,-0.7825633589889
"5844",2.80741934253931,-0.0795676814052566,-0.783026828229215
"5845",2.80613212878652,-0.0803362144894649,-0.783687662347854
"5846",2.80563275183229,-0.0806343258263879,-0.783943986630561
"5847",2.80533311853511,-0.0808131855155544,-0.784097772130062
"5848",2.80461555605684,-0.0812414845205943,-0.784466019243409
"5849",2.80288036646113,-0.0822769845176083,-0.785356278939921
"5850",2.80188776480783,-0.0828692071845735,-0.785865402296487
"5851",2.80172203952677,-0.082968076020071,-0.78595039570418
"5852",2.80165466659106,-0.0830082688159156,-0.785984947576716
"5853",2.80143740926677,-0.0831378755361403,-0.786096363662877
"5854",2.80113060035464,-0.0833208975420152,-0.786253696065186
"5855",2.79915463604692,-0.0844994187306849,-0.787266739816764
"5856",2.79872877544096,-0.0847533668725527,-0.787485018081222
"5857",2.79787391851465,-0.0852630827657834,-0.787923124970434
"5858",2.79756305174178,-0.0854484231907408,-0.788082422749255
"5859",2.79713607101832,-0.0857029769779764,-0.788301204609028
"5860",2.79619739782782,-0.0862625288805033,-0.7887821077766
"5861",2.7956781014079,-0.0865720519584939,-0.78904811584724
"5862",2.79468729337227,-0.0871625486053354,-0.789555577411157
"5863",2.79455804191182,-0.0872395726884724,-0.789621768622809
"5864",2.7944257034688,-0.087318434820257,-0.789689538940183
"5865",2.79357684813531,-0.0878242408736855,-0.790124193829681
"5866",2.79339964070482,-0.0879298250188856,-0.790214923286049
"5867",2.79239970873581,-0.088525554172029,-0.79072682417207
"5868",2.79158899754036,-0.0890084858779405,-0.791141781447931
"5869",2.78986751909636,-0.0900337583375672,-0.792022687961614
"5870",2.78976136350364,-0.0900969735721185,-0.792076999570197
"5871",2.78883856435284,-0.0906464550850236,-0.792549076672068
"5872",2.78822856684156,-0.0910096376304743,-0.792861086535224
"5873",2.78735724261903,-0.091528353488939,-0.793306698575305
"5874",2.78724218821392,-0.0915968426209256,-0.793365533934961
"5875",2.78690180752668,-0.0917994563585292,-0.793539586617785
"5876",2.78626862618985,-0.0921763347890303,-0.793863331267171
"5877",2.78435786647188,-0.0933134360674158,-0.794840057691044
"5878",2.78362462601218,-0.0937497073970111,-0.795214773309033
"5879",2.78314689645303,-0.0940339273921608,-0.795458883884647
"5880",2.78268026761722,-0.0943115243726117,-0.795697300455178
"5881",2.78217318847888,-0.0946131642247094,-0.795956360133282
"5882",2.78083190996611,-0.095410928994644,-0.796641478821107
"5883",2.77930249782572,-0.0963204070957611,-0.797422480308025
"5884",2.77905803629632,-0.0964657601068685,-0.797547294578119
"5885",2.77897615195274,-0.0965144461454709,-0.79758910081466
"5886",2.77669108567844,-0.097872855239505,-0.798755484011843
"5887",2.77425326827378,-0.0993215966058573,-0.799999281242975
"5888",2.77200103052855,-0.100659622363823,-0.801147888081517
"5889",2.77154532115022,-0.100930303754482,-0.80138023414657
"5890",2.77132302139224,-0.101062338897847,-0.801493567813299
"5891",2.76996409328616,-0.10186938961882,-0.802186279732502
"5892",2.76919997789339,-0.102323123817311,-0.802575710018099
"5893",2.76801056676072,-0.1030293080917,-0.803181782373039
"5894",2.76777712584195,-0.10316789493944,-0.803300718164485
"5895",2.76761752117217,-0.103262644964271,-0.803382032195541
"5896",2.76658766348706,-0.103873976613774,-0.803906658106325
"5897",2.76563208719694,-0.104441140313144,-0.804393355524893
"5898",2.76539084813974,-0.104584311864187,-0.804516210831114
"5899",2.76486453798157,-0.104896652987456,-0.804784224988258
"5900",2.76427057006367,-0.105249120293431,-0.805086661911016
"5901",2.76115521295436,-0.107097367963335,-0.806672410416868
"5902",2.75959842851075,-0.108020687375361,-0.807464498033053
"5903",2.75743043371485,-0.109306212597438,-0.808567203418203
"5904",2.75630496027328,-0.109973432838315,-0.80913948598848
"5905",2.75610322772072,-0.110093017260993,-0.809242051354361
"5906",2.75473264705048,-0.110905401778225,-0.809938789741899
"5907",2.7545798357196,-0.110995969294857,-0.81001646148976
"5908",2.75377920402095,-0.111470456715528,-0.810423377111401
"5909",2.75310088239324,-0.111872422411288,-0.810768085325357
"5910",2.751439988956,-0.1128565117179,-0.811611944889215
"5911",2.75077276269631,-0.113251792787369,-0.811950878605784
"5912",2.75075052170867,-0.113264968354835,-0.811962175787279
"5913",2.75013174919663,-0.113631515582897,-0.812276460523754
"5914",2.74966468279809,-0.113908177867349,-0.812513669281013
"5915",2.74903349669779,-0.114282030953877,-0.81283419950028
"5916",2.74831842886213,-0.114705534328531,-0.813197285277631
"5917",2.74780750978099,-0.115008107915745,-0.813456684761334
"5918",2.74702172720959,-0.115473424931567,-0.813855591997817
"5919",2.74540694107256,-0.116429522260337,-0.814675182754144
"5920",2.74498275200808,-0.116680651005097,-0.814890444824965
"5921",2.74413753383611,-0.117181002037958,-0.815319320096253
"5922",2.74400808261647,-0.117257630201546,-0.815385000102327
"5923",2.74332967879679,-0.117659190707423,-0.815729180607606
"5924",2.74160330249006,-0.118680930536239,-0.81660486436779
"5925",2.73982239191517,-0.119734743440147,-0.817507950319332
"5926",2.73957361159232,-0.119881937270293,-0.81763408402652
"5927",2.73919957951504,-0.120103230358065,-0.817823711832458
"5928",2.7363746654137,-0.121774282694376,-0.819255524554156
"5929",2.73388164022743,-0.123248596804598,-0.820518580984068
"5930",2.7316034422537,-0.124595536403366,-0.82167236268207
"5931",2.73098062856983,-0.124963708533095,-0.8219877117284
"5932",2.73017511732168,-0.125439846973703,-0.822395520558829
"5933",2.72888976621277,-0.126199540106601,-0.823046153892171
"5934",2.7285338770243,-0.12640986756806,-0.823226278985202
"5935",2.72847873968136,-0.126442452606494,-0.823254184593477
"5936",2.72762591947976,-0.126946429420781,-0.823685776009624
"5937",2.7271130229556,-0.127249507052243,-0.823945313166167
"5938",2.72486382231001,-0.128578413490371,-0.825083219309886
"5939",2.7234665646322,-0.129403818667741,-0.825789918693597
"5940",2.72278417839903,-0.129806886770894,-0.826134999254045
"5941",2.72275081550745,-0.129826592718484,-0.826151869857261
"5942",2.72213296250383,-0.130191519410838,-0.826464284173875
"5943",2.71924067339822,-0.131899535494337,-0.827926374077665
"5944",2.71689410224953,-0.133284954372992,-0.829112138806742
"5945",2.71518895503552,-0.134291495316383,-0.829973526381636
"5946",2.71475528822906,-0.134547463079448,-0.830192567583829
"5947",2.71444107420576,-0.13473291896346,-0.830351265723637
"5948",2.71439326016108,-0.134761139402038,-0.830375414240532
"5949",2.71363221903806,-0.135210299652143,-0.830759756310303
"5950",2.71280939209186,-0.135695892540359,-0.831175254502181
"5951",2.71152437546936,-0.136454179937556,-0.83182404468942
"5952",2.71146334743333,-0.136490190503155,-0.831854854108
"5953",2.71129434089373,-0.136589914548103,-0.831940174051476
"5954",2.70866212263531,-0.138142902059744,-0.833268740922824
"5955",2.70776156248393,-0.138674148653787,-0.833723171018685
"5956",2.70733908450272,-0.138923358032556,-0.833936337339939
"5957",2.70723902459711,-0.138982379676755,-0.833986821937877
"5958",2.70438187090463,-0.140667511996958,-0.83542808786063
"5959",2.70399678503196,-0.140894604585596,-0.835622297988609
"5960",2.70022441000277,-0.143118895029944,-0.837524284110421
"5961",2.69887946534318,-0.14391175811192,-0.838202157337395
"5962",2.69872785831528,-0.144001127622245,-0.838278562098754
"5963",2.69805221689423,-0.14439939368665,-0.838619043738247
"5964",2.6964336268959,-0.145353415186371,-0.839434590698064
"5965",2.69583458576075,-0.145706471370312,-0.83973638148823
"5966",2.6956712131611,-0.145802755514779,-0.839818682859165
"5967",2.69395085958778,-0.146816584842566,-0.840685231068859
"5968",2.69336696180356,-0.147160657019026,-0.840979298900366
"5969",2.6918223310614,-0.148070792676844,-0.841757114039292
"5970",2.69055558281171,-0.148817122955589,-0.842394884868804
"5971",2.69033335304823,-0.148948047688222,-0.842506760583975
"5972",2.6901666820687,-0.149046239199086,-0.842590664645279
"5973",2.68986667722149,-0.149222979514784,-0.84274168606827
"5974",2.68918890241283,-0.149622260859408,-0.84308285473819
"5975",2.68858892133162,-0.149975698906994,-0.843384840638786
"5976",2.68678907193315,-0.151035877039384,-0.844290616362203
"5977",2.68497825840837,-0.152102393434908,-0.845201707444085
"5978",2.68411225691738,-0.152612401180299,-0.845637355373363
"5979",2.68345465076003,-0.152999662313276,-0.845968137940153
"5980",2.68263442347166,-0.153482668744177,-0.846380683586792
"5981",2.68249036903562,-0.153567495485098,-0.846453133700303
"5982",2.68126823192463,-0.154287124086971,-0.847067739330014
"5983",2.68111209511291,-0.154379058067115,-0.847146253099681
"5984",2.68088349422179,-0.154513657661772,-0.847261202944928
"5985",2.67641510630979,-0.157144274327116,-0.849507459726834
"5986",2.67625123454425,-0.15724073570493,-0.849589815328822
"5987",2.67577107406588,-0.157523371980635,-0.849831116215191
"5988",2.67447197141125,-0.158288023324107,-0.850483901699452
"5989",2.67297311777717,-0.159170180112724,-0.851236936447162
"5990",2.67187403522421,-0.159817004307707,-0.851789039700525
"5991",2.67109694589178,-0.160274308360343,-0.852179353253577
"5992",2.67043089579385,-0.160666252662706,-0.852513866495496
"5993",2.67036828950135,-0.160703093296044,-0.852545308203386
"5994",2.67010898040093,-0.160855682280154,-0.852675534244472
"5995",2.67005983478691,-0.160884601506368,-0.852700214924559
"5996",2.66766705337823,-0.162292519440853,-0.85390168918048
"5997",2.66751166949867,-0.162383941661868,-0.853979699859548
"5998",2.66729238397479,-0.162512960053097,-0.854089790090069
"5999",2.66547360751696,-0.163582996599181,-0.855002783863044
"6000",2.66531424724711,-0.163676748010046,-0.855082770943214
"6001",2.66524056195972,-0.163720096704384,-0.855119755025531
"6002",2.66397551361637,-0.164464293835742,-0.855754659496374
"6003",2.66354810621466,-0.164715716756931,-0.855969146968706
"6004",2.66184512295453,-0.165717447048275,-0.856823659502762
"6005",2.65996552989588,-0.166822968560029,-0.857766601982651
"6006",2.65938644526,-0.167163549552083,-0.858057073970623
"6007",2.65730388724466,-0.168388303703652,-0.859101543295451
"6008",2.65719296858517,-0.168453531814413,-0.859157165852884
"6009",2.65643033870454,-0.16890200398979,-0.859539584834121
"6010",2.65635159081694,-0.168948311607972,-0.859579070967385
"6011",2.65617654811342,-0.169051244717954,-0.859666840483485
"6012",2.65612109272662,-0.1690838548532,-0.859694646449082
"6013",2.65565396869025,-0.169358540556545,-0.859928861130598
"6014",2.65506348485354,-0.169705758168498,-0.860224911068675
"6015",2.65430936385599,-0.170149185048089,-0.860602975976298
"6016",2.6535331021845,-0.170605615647782,-0.860992108552764
"6017",2.65327408685181,-0.170757909523231,-0.861121943230399
"6018",2.65248457283476,-0.171222111647556,-0.861517674723455
"6019",2.65200556233486,-0.171503742789201,-0.861757754883516
"6020",2.65070942924422,-0.172265767669029,-0.862407315470531
"6021",2.65028433277991,-0.172515682255901,-0.862620334187453
"6022",2.64955262764351,-0.172945842193418,-0.862986974086344
"6023",2.6491978748793,-0.17315439213972,-0.863164721967816
"6024",2.64912295981012,-0.173198432383943,-0.863202257101702
"6025",2.64908305088057,-0.173221893550912,-0.863222252784112
"6026",2.64804434932064,-0.173832499385033,-0.86374264673539
"6027",2.64755725783755,-0.174118829847689,-0.86398666208035
"6028",2.64700572374174,-0.174443035459317,-0.864262945812573
"6029",2.64627150177454,-0.174874618796392,-0.864630719891759
"6030",2.6460118447274,-0.175027244990128,-0.864760776173039
"6031",2.64439850044959,-0.175975533555436,-0.865568784778348
"6032",2.64396899045648,-0.176227980448036,-0.865783872808317
"6033",2.64035413874853,-0.178352472689403,-0.867593725483717
"6034",2.63743567599571,-0.180067491616656,-0.869054430921226
"6035",2.637385364405,-0.180097055465363,-0.869079608365542
"6036",2.63737697176627,-0.180101987101511,-0.86908380828389
"6037",2.63477163598975,-0.181632854606237,-0.870387423382634
"6038",2.63463166280006,-0.181715097721212,-0.870457451313969
"6039",2.63412936149651,-0.182010228559925,-0.870708742324922
"6040",2.63345215506121,-0.182408118849781,-0.871047515061854
"6041",2.63156059428371,-0.183519454972633,-0.871993649613341
"6042",2.63015464266452,-0.184345443613294,-0.872696775525165
"6043",2.62964578327549,-0.184644387280643,-0.872951235914194
"6044",2.62857574416969,-0.185272997466183,-0.873486279233583
"6045",2.62840573366502,-0.185372870884685,-0.873571283187954
"6046",2.62815606209808,-0.1855195406843,-0.873696114549509
"6047",2.62799621585036,-0.185613441979484,-0.873776033272182
"6048",2.62760884708217,-0.185840999110929,-0.8739697019126
"6049",2.62720978507085,-0.186075422824083,-0.874169209192991
"6050",2.62578285076308,-0.186913635853679,-0.874882529417981
"6051",2.6252691067521,-0.187215412755321,-0.875139324855848
"6052",2.62506738423855,-0.187333904891617,-0.875240152634168
"6053",2.62453848411347,-0.187644578753783,-0.87550450579687
"6054",2.62439970952431,-0.187726093703396,-0.875573865482447
"6055",2.62430411403226,-0.187782245470048,-0.87562164368244
"6056",2.62381330738922,-0.188070537876467,-0.875866939883219
"6057",2.62230871413825,-0.188954291144912,-0.876618837777309
"6058",2.62135674411711,-0.189513433193125,-0.877094515981651
"6059",2.62071583192774,-0.189889867475082,-0.877414741841002
"6060",2.62033249284784,-0.19011501569526,-0.877606264597249
"6061",2.62029552547948,-0.190136727795526,-0.877624733767725
"6062",2.61781825094022,-0.191591667684983,-0.878862255307914
"6063",2.61721717829421,-0.191944674509056,-0.879162478592303
"6064",2.61642217845234,-0.192411566797053,-0.87955953923639
"6065",2.61567320350131,-0.192851422191618,-0.879933586651602
"6066",2.61476666094488,-0.193383804305253,-0.880386291394195
"6067",2.61434925998521,-0.193628926661354,-0.880594718580885
"6068",2.61422498279912,-0.193701909131387,-0.880656774291127
"6069",2.61307538910385,-0.194377006044563,-0.881230771637731
"6070",2.61272105492819,-0.194585085172836,-0.881407680387288
"6071",2.6115833129412,-0.195253203220687,-0.881975684081606
"6072",2.6111991902537,-0.195478769052238,-0.882167439632058
"6073",2.61017984848946,-0.196077342887928,-0.882676267400018
"6074",2.60987044852634,-0.196259025392523,-0.882830702405138
"6075",2.60869923189368,-0.196946765885905,-0.883415269570881
"6076",2.60851140756054,-0.197057055413924,-0.883509009178096
"6077",2.60837882773146,-0.197134905434565,-0.883575176359276
"6078",2.60678800286286,-0.198069014579755,-0.884369056359168
"6079",2.60674381680364,-0.198094959654514,-0.884391105254237
"6080",2.60654498190131,-0.19821171088408,-0.884490323055036
"6081",2.60652288937333,-0.198224683080604,-0.884501347030152
"6082",2.60447006556618,-0.199430032753726,-0.885525595916628
"6083",2.60336415345086,-0.200079372772875,-0.886077311666718
"6084",2.60122605669429,-0.201334736366164,-0.887143814391943
"6085",2.59992337323229,-0.202099578448359,-0.887793510356731
"6086",2.59947784992781,-0.202361155029091,-0.888015692785154
"6087",2.59921450120268,-0.202515772266823,-0.888147020859108
"6088",2.5988513526661,-0.202728983202602,-0.888328112851371
"6089",2.59842925331893,-0.202976804141118,-0.888538595042391
"6090",2.59804011246448,-0.203205273657289,-0.888732635721606
"6091",2.59710487252005,-0.203754361089157,-0.88919895679954
"6092",2.59469938205065,-0.205166622531948,-0.890398195311311
"6093",2.59418084691317,-0.205471050115417,-0.890656675859435
"6094",2.59368928299227,-0.205759641924231,-0.89090170160866
"6095",2.59321480343868,-0.206038202616255,-0.891138202131046
"6096",2.59161002246746,-0.206980341056915,-0.891938024723219
"6097",2.58977997111518,-0.208054719345997,-0.89284999554276
"6098",2.58793862301898,-0.209135718357556,-0.893767461050785
"6099",2.58696848165454,-0.2097052547564,-0.894250787301095
"6100",2.58476777558499,-0.210997205202525,-0.895347046329268
"6101",2.58393746395263,-0.211484647165604,-0.89576060848521
"6102",2.58102459502247,-0.213194667084652,-0.89721124197177
"6103",2.58017099326156,-0.213695778942325,-0.897636281440423
"6104",2.57942438543801,-0.214134079331523,-0.898008022067085
"6105",2.57925520576804,-0.214233397231609,-0.898092254736503
"6106",2.57618878685164,-0.216033558889745,-0.89961880429429
"6107",2.57434431795451,-0.217116371789934,-0.900536864361648
"6108",2.57335367705077,-0.217697939435594,-0.901029891154525
"6109",2.57313355055345,-0.217827167628241,-0.901139439864419
"6110",2.5716162775492,-0.218717906211316,-0.901894481830773
"6111",2.57017388131318,-0.219564693274561,-0.902612185602175
"6112",2.56953531071104,-0.21993958085392,-0.902929900036655
"6113",2.56886425357685,-0.22033354196386,-0.903263762119847
"6114",2.56860951147548,-0.220483095215988,-0.903390496350478
"6115",2.56850520681828,-0.22054433016304,-0.903442387266091
"6116",2.56818225210269,-0.220733929973345,-0.903603052770615
"6117",2.56632510413449,-0.22182423034272,-0.904526886636905
"6118",2.56438829525934,-0.222961315444031,-0.905490218789789
"6119",2.56302510998869,-0.223761642517774,-0.906168163315554
"6120",2.56235459696763,-0.224155305103161,-0.906501601939752
"6121",2.56207277983122,-0.224320762592359,-0.90664174184856
"6122",2.56206882187483,-0.224323086349202,-0.906643710012037
"6123",2.56196990214664,-0.224381163168605,-0.906692899413868
"6124",2.56164017871611,-0.224574747721812,-0.906856857198851
"6125",2.56145729923513,-0.224682118736627,-0.906947793979653
"6126",2.56080494143636,-0.225065128558257,-0.907272169475187
"6127",2.55833428764876,-0.226515715517228,-0.908500535955462
"6128",2.55828878114022,-0.226542434015011,-0.908523159083966
"6129",2.55754334497797,-0.226980108447188,-0.908893735755017
"6130",2.55753003900704,-0.226987920936307,-0.908900350348338
"6131",2.55685353370574,-0.227385127158412,-0.909236643306668
"6132",2.55451215548199,-0.228759882713743,-0.910400433334581
"6133",2.5516162841339,-0.230460279355923,-0.911839588864569
"6134",2.55114432487854,-0.230737411741964,-0.912074111940397
"6135",2.55090989185855,-0.230875070592872,-0.912190602301636
"6136",2.55058064610138,-0.231068404323814,-0.91235420239339
"6137",2.55004290949427,-0.231384166639745,-0.912621392828288
"6138",2.54760712497875,-0.23281451273436,-0.913831570483225
"6139",2.54753033412231,-0.232859607059258,-0.913869719673664
"6140",2.54732190587042,-0.232982003882288,-0.913973264526142
"6141",2.54727629691419,-0.233008787223132,-0.913995922371131
"6142",2.54374664869906,-0.235081606678797,-0.915749203686464
"6143",2.5435383295186,-0.235203948815771,-0.915852670095669
"6144",2.5434067626323,-0.235281215980734,-0.915918015071343
"6145",2.54212238354967,-0.23603552315974,-0.916555896648651
"6146",2.54191978781646,-0.236154508196425,-0.916656510427742
"6147",2.53988824934007,-0.237347666046648,-0.917665351615947
"6148",2.5390219576193,-0.237856470933976,-0.918095505571034
"6149",2.53742304385132,-0.238795598522868,-0.918889381563013
"6150",2.53707250708073,-0.239001492260309,-0.919063416281363
"6151",2.53481634754725,-0.240326727708887,-0.920183468998193
"6152",2.53436739330933,-0.240590445694593,-0.920406330961307
"6153",2.53379102360518,-0.240929012508878,-0.920692433621897
"6154",2.53338198594316,-0.241169289359634,-0.920895468879154
"6155",2.53275624067391,-0.24153686939742,-0.921206062510995
"6156",2.53168522487976,-0.242166027338698,-0.921737643304422
"6157",2.53096286003925,-0.242590383521608,-0.922096158267733
"6158",2.53021477040184,-0.243029860353118,-0.922467424767432
"6159",2.52991228340463,-0.243207563500277,-0.922617540291199
"6160",2.52960589561544,-0.243387559726164,-0.922769588985591
"6161",2.52947459077155,-0.243464698946686,-0.922834749798628
"6162",2.52740687342158,-0.244679481795502,-0.923860801878865
"6163",2.52538180345478,-0.245869276880716,-0.924865573502191
"6164",2.52493913084547,-0.246129370667817,-0.925085197342977
"6165",2.52467276718367,-0.246285875130105,-0.925217346099264
"6166",2.52347604083061,-0.246989037796984,-0.92581104329371
"6167",2.5231530848964,-0.247178801809565,-0.925971255205273
"6168",2.52258465940213,-0.247512804403804,-0.926253232538607
"6169",2.52243209224225,-0.247602452689798,-0.926328914594965
"6170",2.52177582975191,-0.247988076414666,-0.926654451030907
"6171",2.52113476314914,-0.248364778275182,-0.926972438074321
"6172",2.52056323183967,-0.248700626148958,-0.927255924075617
"6173",2.52015846576218,-0.248938481618136,-0.92745668718207
"6174",2.51932808100828,-0.249426455564227,-0.92786854212829
"6175",2.51613799953987,-0.251301218510233,-0.929450586187578
"6176",2.51531030706526,-0.251787672153171,-0.929861015209608
"6177",2.51220857492855,-0.25361074831202,-0.931398911849026
"6178",2.51196894373671,-0.253751601974315,-0.931517714783407
"6179",2.51122177096668,-0.254190792657272,-0.931888133905842
"6180",2.51066995458315,-0.254515159402594,-0.93216169347203
"6181",2.51014625304588,-0.254823005483194,-0.932421307850138
"6182",2.50991651744017,-0.254958052114708,-0.932535192323206
"6183",2.50853177655204,-0.255772074232251,-0.933221606386823
"6184",2.50781193908923,-0.256195247511966,-0.93357840898484
"6185",2.50773933039148,-0.256237932833193,-0.933614398265738
"6186",2.5073539031413,-0.256464520294,-0.93380543712735
"6187",2.50700494555835,-0.256669670428019,-0.933978396297131
"6188",2.50648154520878,-0.256977379277826,-0.934237811280938
"6189",2.5059036742785,-0.257317118333156,-0.934524215508209
"6190",2.5058709661832,-0.257336348130027,-0.934540426027494
"6191",2.50571833064512,-0.257426086168051,-0.93461607364277
"6192",2.50498791169194,-0.257855523652176,-0.934978067879699
"6193",2.50461728371447,-0.258073432514792,-0.935161745156312
"6194",2.50438140240975,-0.258212119297987,-0.935278642311473
"6195",2.50335220043692,-0.258817254420537,-0.935788673649369
"6196",2.50326576688914,-0.258868075411211,-0.935831505429256
"6197",2.50215907305125,-0.259518801204315,-0.936379906111865
"6198",2.50182129917909,-0.259717414556808,-0.936547277223351
"6199",2.50143906821235,-0.259942172065205,-0.936736673894362
"6200",2.50092017196519,-0.260247296051967,-0.93699378275305
"6201",2.50053092883333,-0.260476184751653,-0.937186645101531
"6202",2.50043288921433,-0.260533836049234,-0.93723522121236
"6203",2.50037842342835,-0.260565864248784,-0.937262207504839
"6204",2.50006253129742,-0.260751623592727,-0.937418721862432
"6205",2.49992465797789,-0.260832700264241,-0.937487032859186
"6206",2.49968130360711,-0.260975806330963,-0.937607604551772
"6207",2.49955060237123,-0.261052666573266,-0.937672360817946
"6208",2.49938722970707,-0.261148740144778,-0.937753303627527
"6209",2.49656701036317,-0.262807306932785,-0.939150473628466
"6210",2.49358878751533,-0.26455899961273,-0.940625707847339
"6211",2.49336725180749,-0.264689308183493,-0.940735434804623
"6212",2.49068404406312,-0.266267682272379,-0.942064337465182
"6213",2.48940798268668,-0.267018377551674,-0.942696267287707
"6214",2.48909265837112,-0.267203886322389,-0.942852415910329
"6215",2.48776165778741,-0.267986956624362,-0.943511501573
"6216",2.48737543599727,-0.26821419180757,-0.943702743292943
"6217",2.48546219182693,-0.269339914111618,-0.944650054444927
"6218",2.48452170068663,-0.269893319326962,-0.94511569180369
"6219",2.48247503931336,-0.271097700428791,-0.946128923720744
"6220",2.4814430137823,-0.271705050453665,-0.946639807798473
"6221",2.48055655906568,-0.272226754866952,-0.947078610545785
"6222",2.48000981077597,-0.272548542941836,-0.947349246803281
"6223",2.47909795588223,-0.273085232522361,-0.947800593067572
"6224",2.47895684825545,-0.273168286175283,-0.947870436282594
"6225",2.47890954849821,-0.273196126167212,-0.947893847866261
"6226",2.47774520167702,-0.273881464574643,-0.948470139512197
"6227",2.47756766397789,-0.273985967194843,-0.948558008849554
"6228",2.47460981311888,-0.275727154388784,-0.950021844130305
"6229",2.47428053222839,-0.275921006275283,-0.950184792551258
"6230",2.47342642620534,-0.276423843822982,-0.950607445385798
"6231",2.47312714168333,-0.276600046413529,-0.950755541931018
"6232",2.47119038547637,-0.277740365940951,-0.951713868801152
"6233",2.46692147098867,-0.280254190502177,-0.953825875290845
"6234",2.46691401141751,-0.280258583663015,-0.953829565489086
"6235",2.46587860520853,-0.280868380583278,-0.954341761715155
"6236",2.46563232017214,-0.281013433443297,-0.954463590823993
"6237",2.46555651660236,-0.281058079324941,-0.954501088084632
"6238",2.46484804724613,-0.281475353289154,-0.954851535825635
"6239",2.46392744245233,-0.28201759270164,-0.955306900627333
"6240",2.46331148224491,-0.282380409324983,-0.955611566509935
"6241",2.46222216235648,-0.283022074559439,-0.956150344555841
"6242",2.4611941054246,-0.283627684999108,-0.956658797634806
"6243",2.45990659322565,-0.284386180324983,-0.957295538013329
"6244",2.45964201115112,-0.284542056243787,-0.957426382750453
"6245",2.45805698640918,-0.285475901779725,-0.958210198133024
"6246",2.45715944368008,-0.286004738480759,-0.958654019875257
"6247",2.45640259168422,-0.286450698345199,-0.959028258160865
"6248",2.4559956649895,-0.286690478888296,-0.95922946468144
"6249",2.45443525580279,-0.287609992589284,-0.96000098102084
"6250",2.45415426440995,-0.287775582288058,-0.960139906416073
"6251",2.45375441646299,-0.28801121891761,-0.960337592836799
"6252",2.45166918870521,-0.289240155217664,-0.961368480104535
"6253",2.45142335933905,-0.289385044387906,-0.961490005952588
"6254",2.44969210368717,-0.29040548036889,-0.962345814835003
"6255",2.44899087471604,-0.290818824754918,-0.962692433287335
"6256",2.44875334492023,-0.290958841824349,-0.962809842116482
"6257",2.44829990730363,-0.291226135275224,-0.963033968746595
"6258",2.44761982070501,-0.291627046247047,-0.963370115612674
"6259",2.44604406947132,-0.292556006715562,-0.964148923763683
"6260",2.44556236929605,-0.292840001281214,-0.964386990961458
"6261",2.44410586831681,-0.293698750525398,-0.96510679558027
"6262",2.44383230392284,-0.293860050821556,-0.96524198619555
"6263",2.4406033560555,-0.295764096430126,-0.966837548837798
"6264",2.43961023017934,-0.29634978929133,-0.967328248743892
"6265",2.43959468440107,-0.296358957615015,-0.967335929682943
"6266",2.43957312732363,-0.296371671192846,-0.967346580707113
"6267",2.43942484157432,-0.29645912511989,-0.967419846161925
"6268",2.43887256880083,-0.296784843128096,-0.967692710414307
"6269",2.4387863524503,-0.296835692464074,-0.967735307160457
"6270",2.43640023636782,-0.298243088765136,-0.968914145581458
"6271",2.43611047142438,-0.29841401249478,-0.969057292664715
"6272",2.43575717307985,-0.298622416354969,-0.96923182343449
"6273",2.43529574111755,-0.298894612216819,-0.969459768474076
"6274",2.43501960597662,-0.299057505922652,-0.969596175572932
"6275",2.43430499013485,-0.299479073378996,-0.969949178488553
"6276",2.43292838833465,-0.300291207516774,-0.970629154576159
"6277",2.4317428048358,-0.30099069880289,-0.971214743066086
"6278",2.43111859164252,-0.301359001487099,-0.971523044631942
"6279",2.43007481110765,-0.301974888810506,-0.972038553053218
"6280",2.42996261822828,-0.302041090846054,-0.972093962093495
"6281",2.42809541498982,-0.303142938750725,-0.973016082619791
"6282",2.42788506423619,-0.303267075219481,-0.973119959759538
"6283",2.42774739979444,-0.303348317355478,-0.973187941817509
"6284",2.42718513999962,-0.303680139313415,-0.9734655950667
"6285",2.42618709263978,-0.304269170521704,-0.973958430273669
"6286",2.42586947088205,-0.304456632633716,-0.974115267098957
"6287",2.42524134906022,-0.304827363497371,-0.974425417606548
"6288",2.42368056718846,-0.30574862726638,-0.975196054109524
"6289",2.42365243440524,-0.305765233611661,-0.975209944186138
"6290",2.42341878343794,-0.305903155177745,-0.975325304647463
"6291",2.42331132304455,-0.305966588467693,-0.975378360648919
"6292",2.42129534165007,-0.307156683453616,-0.976373656070375
"6293",2.4186662037899,-0.308708949889085,-0.977671533829788
"6294",2.41661011600446,-0.309923046539146,-0.97868641843151
"6295",2.41581598758044,-0.310392009191321,-0.979078375166311
"6296",2.41337149724005,-0.311835708882018,-0.980284811324567
"6297",2.41317005034167,-0.311954691289852,-0.98038422611041
"6298",2.41253389256932,-0.312330440163568,-0.980698166450615
"6299",2.41187932176122,-0.312717079438488,-0.9810211842286
"6300",2.40918865573247,-0.314306548304732,-0.982348875849521
"6301",2.40914578788784,-0.314331873864199,-0.982370027420043
"6302",2.40892869219189,-0.3144601311273,-0.982477144733152
"6303",2.40863140142922,-0.314635769260096,-0.982623829460128
"6304",2.40694928626641,-0.315629614439271,-0.98345375678726
"6305",2.40650552026308,-0.31589182163931,-0.983672693106268
"6306",2.40648698576956,-0.315902773232852,-0.983681837186697
"6307",2.40323343606616,-0.317825407735227,-0.985286874512518
"6308",2.40316920867064,-0.317863365709504,-0.985318556757226
"6309",2.4024520573649,-0.318287207486917,-0.985672308723901
"6310",2.40244135437314,-0.318293533173922,-0.985677588143719
"6311",2.40236676553243,-0.318337616817448,-0.985714380197795
"6312",2.40068253824728,-0.319333084780465,-0.986545117433426
"6313",2.40029050585037,-0.319564811209475,-0.98673847648159
"6314",2.40021104478987,-0.319611780509155,-0.986777668012422
"6315",2.39978770100743,-0.319862022062939,-0.986986465881315
"6316",2.39947748425818,-0.32004539742196,-0.987139465663977
"6317",2.39886183737962,-0.320409328691959,-0.987443097982968
"6318",2.39721026109541,-0.321385701092729,-0.988257599900847
"6319",2.39718887695395,-0.321398343510037,-0.988268145428704
"6320",2.39628625458265,-0.321931993118648,-0.988713261376586
"6321",2.39559539123507,-0.322340465363784,-0.989053938406514
"6322",2.39413231036163,-0.323205564824894,-0.98977537259474
"6323",2.38843951711931,-0.326572329410798,-0.992581956214384
"6324",2.3864545459726,-0.327746513869029,-0.993560371707789
"6325",2.38619164884027,-0.327902037139476,-0.993689949328458
"6326",2.38592579996162,-0.328059308912779,-0.9938209800315
"6327",2.3851956575666,-0.328491261007543,-0.994180840902627
"6328",2.38483298375834,-0.328705825286928,-0.994359584685245
"6329",2.38445966957527,-0.328926689115481,-0.994543569050654
"6330",2.38411381939093,-0.329131308500752,-0.994714014843003
"6331",2.38182974042437,-0.330482762864031,-0.995839602501862
"6332",2.38111170904852,-0.330907645964737,-0.99619341812439
"6333",2.38080945699705,-0.331086503557563,-0.996342351135542
"6334",2.38050418968804,-0.331267148415789,-0.996492767441574
"6335",2.37905495657079,-0.332124786831978,-0.99720682345031
"6336",2.37816004370015,-0.33265441884034,-0.997647730537717
"6337",2.37795764427403,-0.332774207460082,-0.997747446009793
"6338",2.37705226950002,-0.333310062804241,-0.998193480474547
"6339",2.37690680946636,-0.333396157235979,-0.998265139534553
"6340",2.37659431633396,-0.333581116957723,-0.998419083400434
"6341",2.37446483040564,-0.334841607606073,-0.9994680631392
"6342",2.37430028167858,-0.334939013608828,-0.999549114232064
"6343",2.37163396046019,-0.336517481998412,-1.00086234745986
"6344",2.37054884579331,-0.33715993515098,-1.00139673737622
"6345",2.36877272254653,-0.338211584505845,-1.00227135768834
"6346",2.36854261623526,-0.338347838338039,-1.00238466278477
"6347",2.36844308936461,-0.338406772104814,-1.00243366966368
"6348",2.36736926714077,-0.339042643397387,-1.00296239974004
"6349",2.36581285635705,-0.339964344300357,-1.00372868744991
"6350",2.36535362856621,-0.340236311171317,-1.00395477130179
"6351",2.36367104909714,-0.341232832755906,-1.00478307353362
"6352",2.36332431654901,-0.341438198353319,-1.00495375290817
"6353",2.36234330222074,-0.342019260678602,-1.00543663835141
"6354",2.36162114883483,-0.342447015657292,-1.00579208583344
"6355",2.35878279705282,-0.34412841036004,-1.00718898191966
"6356",2.35874446870837,-0.344151117052175,-1.00720784352906
"6357",2.35772535530086,-0.344754881312254,-1.00770933859637
"6358",2.35568158907161,-0.345965780508637,-1.00871495643642
"6359",2.35554350825041,-0.346047595465399,-1.00878289317423
"6360",2.35448989737702,-0.346671893313235,-1.00930125717691
"6361",2.35145779305151,-0.348468683554077,-1.01079281744405
"6362",2.35000596717905,-0.349329108450861,-1.01150689740291
"6363",2.34930668951807,-0.349743555971145,-1.01185081210635
"6364",2.34889352338633,-0.349988437282078,-1.01205400549159
"6365",2.34832182845074,-0.350327285346418,-1.01233515334314
"6366",2.34812024772696,-0.350446765917646,-1.01243428401902
"6367",2.34657403471522,-0.351363270766631,-1.01319461483544
"6368",2.3454024143272,-0.352057781359162,-1.01377069088828
"6369",2.34511295985529,-0.352229369148044,-1.01391300610052
"6370",2.3440121255491,-0.352881960735612,-1.01445422396254
"6371",2.34315490293228,-0.353390157528422,-1.01487564306549
"6372",2.34165245098754,-0.354280918861329,-1.0156142022353
"6373",2.34149376604768,-0.354375002088848,-1.01569220230935
"6374",2.33951316534643,-0.355549341186662,-1.01666567387657
"6375",2.33920922707602,-0.355729561327173,-1.01681504833825
"6376",2.33764702122331,-0.356655907866038,-1.01758276346637
"6377",2.3371793474466,-0.356933237926339,-1.01781257563552
"6378",2.33691977186528,-0.357087168337395,-1.01794012619839
"6379",2.33366060384981,-0.359020023482426,-1.01954141402391
"6380",2.33302684215064,-0.35939590725135,-1.01985274783242
"6381",2.33284562424046,-0.359503389307099,-1.01994176796805
"6382",2.33279598442463,-0.359532831290353,-1.01996615245154
"6383",2.33260817918572,-0.359644221420788,-1.02005840688751
"6384",2.33133340066205,-0.36040033440686,-1.02068457441623
"6385",2.32988026996153,-0.361262281525672,-1.02139827479549
"6386",2.32973248984586,-0.361349942425768,-1.02147085212006
"6387",2.32907536398472,-0.361739745691388,-1.02179356792223
"6388",2.32859727620547,-0.362023351019079,-1.02202834761938
"6389",2.32762178959347,-0.362602033821917,-1.02250736367118
"6390",2.32721029970588,-0.362846146492634,-1.02270941643734
"6391",2.32667224509473,-0.363165348501721,-1.02297360627247
"6392",2.32522714920875,-0.364022687775106,-1.02368310732703
"6393",2.32341341677116,-0.365098797237492,-1.02457348487087
"6394",2.32112602920625,-0.366456036440093,-1.02569620094669
"6395",2.32094687372476,-0.366562344566914,-1.02578412692531
"6396",2.32086617438593,-0.366610230548808,-1.02582373215329
"6397",2.32029397881002,-0.366949768294236,-1.02610454406794
"6398",2.31959138630278,-0.367366692455128,-1.02644933195638
"6399",2.31854465326846,-0.367987851822788,-1.02696296539064
"6400",2.31821811743967,-0.368181631618688,-1.02712318793389
"6401",2.31700694557357,-0.368900410148376,-1.02771744020351
"6402",2.31569678767045,-0.369677966446594,-1.02836019147929
"6403",2.31108133055191,-0.37241743180143,-1.03062392058609
"6404",2.31105758078588,-0.372431529331667,-1.03063556672502
"6405",2.31096940631335,-0.372483868562684,-1.03067880450377
"6406",2.31019327631313,-0.372944575595546,-1.03105937797954
"6407",2.30982274600543,-0.373164524544448,-1.03124105746013
"6408",2.30872172462503,-0.373818112104167,-1.03178087827665
"6409",2.30770113903591,-0.374423971016871,-1.03228121490711
"6410",2.30733768936497,-0.374639733230795,-1.03245938312315
"6411",2.30670026132024,-0.375018148579109,-1.0327718453741
"6412",2.3064337053252,-0.375176394247022,-1.03290250370972
"6413",2.30612890660767,-0.375357344898692,-1.0330519036995
"6414",2.30541051245614,-0.375783842190517,-1.03340401506045
"6415",2.30506749638945,-0.375987487596032,-1.03357213170228
"6416",2.30433768160164,-0.376420778408274,-1.03392980587236
"6417",2.30333394346483,-0.377016712035378,-1.03442168762727
"6418",2.30304014343799,-0.377191148458511,-1.03456565566065
"6419",2.30289276123017,-0.377278653495872,-1.03463787448462
"6420",2.30287175341924,-0.377291126463841,-1.0346481684513
"6421",2.30285452816384,-0.377301353620446,-1.03465660892569
"6422",2.30278100167204,-0.377345008583461,-1.03469263717838
"6423",2.3010653760255,-0.378363653712078,-1.03553322989693
"6424",2.29852482729424,-0.379872178597087,-1.0367777544582
"6425",2.29794758943349,-0.380214944185755,-1.03706048073864
"6426",2.29695068101216,-0.380806923122191,-1.03754872114823
"6427",2.29665208638793,-0.380984235866137,-1.03769495005567
"6428",2.29586416975727,-0.381452126124779,-1.03808079124807
"6429",2.29511024698114,-0.381899838074517,-1.03844995794412
"6430",2.2939610070568,-0.382582321840097,-1.03901264351421
"6431",2.29351785388413,-0.382845496182783,-1.03922960108122
"6432",2.29346844885722,-0.382874836397608,-1.03925378805209
"6433",2.29068541997936,-0.384527649338145,-1.04061606893625
"6434",2.29033354551668,-0.384736631251866,-1.04078828285984
"6435",2.28790254498351,-0.386180470122822,-1.04197789136381
"6436",2.28715207740006,-0.386626208217324,-1.04234507225811
"6437",2.28670167548995,-0.386893726345762,-1.04256542649137
"6438",2.2860799680088,-0.38726299601749,-1.04286957318541
"6439",2.28594531166864,-0.387342977146935,-1.04293544607556
"6440",2.28453167218246,-0.388182641622957,-1.04362693212214
"6441",2.28350420113821,-0.388792946083895,-1.04412945819924
"6442",2.28273336982941,-0.389250817295574,-1.04450642839042
"6443",2.28267142903984,-0.389287610188211,-1.04453671880217
"6444",2.28215395092706,-0.389594994276329,-1.04478976919254
"6445",2.28189231077027,-0.389750410636129,-1.04491770772279
"6446",2.27979961191977,-0.390993515286679,-1.04594087998412
"6447",2.27724753245334,-0.392509557629391,-1.04718834021793
"6448",2.27466520285846,-0.394043628218675,-1.04845022965235
"6449",2.27174802914405,-0.395776682042823,-1.04987530590466
"6450",2.27159967871969,-0.39586481673355,-1.04994776437263
"6451",2.27124822537466,-0.396073615086655,-1.05011941905248
"6452",2.26977577936978,-0.396948404184666,-1.05083850692113
"6453",2.26845967158939,-0.397730323867424,-1.05148114168709
"6454",2.26788095009651,-0.398074154543769,-1.05176369122896
"6455",2.26770792479278,-0.398176952927638,-1.05184816377582
"6456",2.26762440319542,-0.398226575127766,-1.05188893917822
"6457",2.26378742147624,-0.400506260337576,-1.05376172881604
"6458",2.2631299626991,-0.400896887110471,-1.05408254176612
"6459",2.25929893521252,-0.40317311466555,-1.05595142001332
"6460",2.25906957291335,-0.403309393371047,-1.0560632814514
"6461",2.25886106921732,-0.403433278807119,-1.05616496728415
"6462",2.25429661861908,-0.406145342546589,-1.05839036049091
"6463",2.25410911101129,-0.406256755133495,-1.05848175246436
"6464",2.25407786029805,-0.406275323574543,-1.05849698397929
"6465",2.25268215653896,-0.407104619654847,-1.05917718486284
"6466",2.25244637732199,-0.407244714695502,-1.05929208074932
"6467",2.25237569215384,-0.407286714346445,-1.05932652516155
"6468",2.25220310705071,-0.407389260837136,-1.05941062343015
"6469",2.2513239668434,-0.407911628246933,-1.05983898718452
"6470",2.25130759223429,-0.407921357717451,-1.05984696530562
"6471",2.25097068604857,-0.408121540796693,-1.060011110747
"6472",2.25059960233062,-0.408342031606176,-1.06019189974245
"6473",2.25018317539784,-0.408589464597529,-1.06039476930392
"6474",2.25000620240237,-0.408694618629247,-1.06048098145207
"6475",2.24870344350134,-0.409468693932697,-1.06111555790002
"6476",2.24770601129083,-0.410061350020014,-1.06160133655231
"6477",2.24665507518728,-0.410685797109974,-1.06211310473636
"6478",2.24224246906544,-0.413307680561752,-1.06426111176713
"6479",2.24130947744783,-0.413862043077513,-1.06471511995853
"6480",2.24113111568444,-0.413968021451712,-1.06480190708178
"6481",2.24103444032781,-0.414025463658357,-1.06484894642859
"6482",2.2395528701389,-0.414905775499901,-1.06556975757798
"6483",2.23881503289853,-0.415344178278492,-1.06592867503932
"6484",2.23443134901447,-0.417948815767051,-1.0680603509265
"6485",2.23415097920595,-0.418115400155791,-1.06819664392928
"6486",2.23392627797725,-0.418248908339022,-1.06830587156461
"6487",2.23379422422125,-0.418327369143283,-1.06837006152011
"6488",2.23311104244694,-0.418733286137867,-1.06870213022127
"6489",2.23274560136008,-0.418950414705989,-1.06887974425993
"6490",2.22797557755619,-0.421784497575712,-1.07119726487759
"6491",2.22764362342376,-0.421981722452782,-1.07135848677708
"6492",2.22742578782019,-0.422111145459945,-1.0714642799778
"6493",2.22598454761815,-0.422967425655652,-1.0721641439361
"6494",2.22271818448081,-0.424908018950719,-1.07374974588799
"6495",2.22185835116517,-0.425418847703579,-1.07416701246121
"6496",2.22169252875769,-0.425517362601754,-1.0742474780021
"6497",2.22075278746957,-0.426075658433662,-1.07470345168827
"6498",2.21832030909864,-0.427520754481051,-1.07588342560656
"6499",2.21712326942557,-0.428231880842676,-1.07646394256239
"6500",2.21694764885693,-0.428336211000574,-1.07654910287284
"6501",2.21572528810731,-0.429062367040267,-1.07714177671446
"6502",2.21506264534309,-0.429456011916859,-1.0774630201799
"6503",2.21345852141762,-0.430408931622227,-1.07824055244008
"6504",2.21279598948886,-0.430802498235931,-1.07856163200786
"6505",2.21233038593736,-0.431079080397644,-1.07878725577672
"6506",2.21181251945555,-0.431386706042075,-1.07903818646856
"6507",2.20958803584599,-0.432708077419346,-1.08011582703262
"6508",2.20937112105874,-0.432836925088803,-1.08022089063751
"6509",2.20919494885031,-0.432941571284068,-1.08030621781007
"6510",2.20595803600988,-0.434864241620671,-1.08187356762082
"6511",2.20548245588872,-0.435146719064591,-1.08210378220435
"6512",2.2050896108564,-0.435380053063416,-1.08229393416831
"6513",2.20504869721765,-0.435404354010091,-1.08231373725363
"6514",2.20382852727071,-0.436129074407841,-1.0829042672465
"6515",2.20260901617757,-0.436853387277088,-1.08349436464196
"6516",2.20185512056555,-0.437301145541027,-1.08385910277249
"6517",2.20183401819026,-0.437313678699386,-1.0838693115684
"6518",2.20111076722072,-0.437743230053024,-1.08421918135341
"6519",2.19998515337347,-0.438411739648271,-1.08476361214782
"6520",2.1997161450791,-0.43857150326253,-1.08489371007947
"6521",2.19969548617551,-0.438583772518115,-1.08490370091686
"6522",2.19932363670761,-0.438804611833273,-1.08508352509692
"6523",2.19890060311169,-0.439055847091845,-1.08528808853505
"6524",2.19876961999671,-0.439133636163829,-1.08535142431039
"6525",2.19875600954879,-0.439141719209841,-1.08535800545045
"6526",2.1978320298943,-0.439690451910139,-1.08580474896677
"6527",2.1971549218064,-0.440092565899868,-1.08613208785737
"6528",2.19625665728719,-0.440626009083061,-1.08656628636433
"6529",2.1954307716439,-0.441116460247241,-1.08696544270719
"6530",2.19501786638985,-0.441361660199504,-1.0871649825395
"6531",2.19446048397475,-0.441692653020906,-1.08743432075085
"6532",2.19398571265301,-0.441974585289492,-1.08766372023279
"6533",2.19254095944634,-0.442832500804832,-1.08836168427448
"6534",2.19215918278222,-0.443059200589767,-1.08854609378329
"6535",2.19121042868806,-0.443622563991188,-1.08900431980348
"6536",2.19083904211097,-0.443843087244301,-1.08918367117663
"6537",2.1904573601699,-0.444069721676574,-1.08936798288008
"6538",2.19022998802747,-0.444204729319643,-1.08947777382594
"6539",2.18968702365362,-0.444527124386832,-1.08973993761448
"6540",2.1888994687486,-0.444994741975546,-1.09012015670568
"6541",2.18811615324576,-0.445459833349722,-1.09049827930085
"6542",2.18760013973575,-0.445766209937058,-1.09074734250131
"6543",2.18731186915322,-0.445937365262734,-1.09088647205998
"6544",2.18710522156682,-0.446060057673238,-1.0909862033181
"6545",2.18705366962877,-0.446090665389743,-1.091011082523
"6546",2.18681653566339,-0.446231457427708,-1.09112552168774
"6547",2.18676542183259,-0.446261804804753,-1.09115018825836
"6548",2.18580622982155,-0.44683129024765,-1.09161303667155
"6549",2.18530113214124,-0.447131167955399,-1.091856736206
"6550",2.18496098504085,-0.447333111866259,-1.09202083859869
"6551",2.18399217249309,-0.447908281841818,-1.09248818563139
"6552",2.18396125516743,-0.447926636765138,-1.09250309861776
"6553",2.18320941165119,-0.448372984699976,-1.09286572642028
"6554",2.18279680257908,-0.448617935003677,-1.09306471544068
"6555",2.18184889636129,-0.449180660347201,-1.0935218088821
"6556",2.1813749915221,-0.449461988822621,-1.09375030436995
"6557",2.18107656099278,-0.449639146961974,-1.09389418449589
"6558",2.18076061250126,-0.449826702717037,-1.09404650234684
"6559",2.18017020511334,-0.450177180344668,-1.09433111371176
"6560",2.17895445621509,-0.450898854335751,-1.09491708482717
"6561",2.17807958389417,-0.451418166396958,-1.09533868207697
"6562",2.17793542595046,-0.451503735236054,-1.0954081449755
"6563",2.17525873868395,-0.453092485609476,-1.09669759332749
"6564",2.17523771743754,-0.453104962256402,-1.0967077175336
"6565",2.17501171051028,-0.453239102604759,-1.09681656409492
"6566",2.17410557821528,-0.453776903139205,-1.09725291984784
"6567",2.17354001067223,-0.454112566151647,-1.09752523787162
"6568",2.17293245846889,-0.454473139830226,-1.09781774049255
"6569",2.17273695706636,-0.454589165573334,-1.09791185675025
"6570",2.172099041891,-0.454967748641366,-1.09821893216829
"6571",2.1715640595782,-0.45528523774474,-1.09847643112812
"6572",2.17113198726248,-0.455541649811001,-1.09868437896825
"6573",2.17082708417751,-0.455722591299877,-1.09883111295189
"6574",2.17030949829054,-0.45602974261254,-1.0990801814426
"6575",2.16983635905351,-0.456310512900242,-1.09930784109234
"6576",2.16899301283401,-0.456810959371643,-1.09971358374559
"6577",2.16898272872304,-0.456817061925824,-1.09971853115106
"6578",2.16847882493345,-0.457116073746236,-1.09996093406878
"6579",2.16798480357791,-0.457409215939287,-1.10019856119993
"6580",2.16748096811464,-0.457708175976358,-1.10044088664611
"6581",2.16728561259929,-0.457824092217434,-1.10053483904478
"6582",2.16721952842352,-0.457863303758684,-1.10056662016166
"6583",2.1667615812113,-0.458135027428059,-1.10078684484327
"6584",2.16595938784108,-0.458610998420646,-1.10117257071853
"6585",2.16572338874234,-0.458751022561657,-1.10128603731757
"6586",2.16554162580971,-0.458858866144309,-1.10137342416573
"6587",2.16509592697938,-0.459123304874828,-1.10158769189706
"6588",2.16366732429433,-0.459970880857519,-1.1022743655411
"6589",2.16309184911697,-0.460312290658212,-1.10255092182733
"6590",2.16246504234441,-0.460684144458002,-1.10285211229953
"6591",2.16213624652688,-0.460879199027156,-1.10301008952391
"6592",2.16198212841847,-0.460970626999473,-1.10308413558162
"6593",2.1619241818902,-0.46100500264717,-1.10311197543448
"6594",2.16042100961978,-0.461896700510099,-1.10383405262998
"6595",2.15954791252503,-0.462414604347975,-1.10425336592596
"6596",2.1585101632826,-0.463030150549608,-1.10475166335291
"6597",2.15680557399129,-0.464041173705612,-1.10556994099632
"6598",2.15588155650075,-0.464589192235305,-1.10601339641377
"6599",2.15575868044699,-0.464662066078909,-1.10607236117771
"6600",2.15564543637765,-0.464729227128616,-1.10612670256598
"6601",2.15408517053614,-0.465654528797772,-1.10687528986705
"6602",2.15152988054172,-0.467169769161886,-1.10810077280794
"6603",2.14993997345813,-0.468112457343554,-1.10886295565286
"6604",2.14944726353147,-0.468404579489298,-1.1090991055858
"6605",2.14661659563407,-0.470082704279678,-1.11045535407525
"6606",2.14618592901557,-0.470337997181232,-1.11066162940094
"6607",2.14381798804598,-0.471741570463726,-1.11179547019859
"6608",2.14373609872165,-0.47179010623799,-1.11183467133957
"6609",2.14372584811663,-0.471796181752325,-1.11183957834768
"6610",2.14371559752442,-0.47180225725557,-1.11184448533923
"6611",2.14151201687513,-0.473108232562957,-1.1128991038278
"6612",2.14064056261695,-0.473624663425529,-1.11331604192599
"6613",2.13926792618688,-0.474438045356843,-1.11397261046161
"6614",2.13887830485373,-0.474668910845984,-1.11415894206084
"6615",2.13882751517623,-0.474699005269247,-1.11418323046612
"6616",2.13822310890074,-0.475057127257793,-1.11447224677973
"6617",2.13819237753964,-0.475075335813892,-1.11448694097909
"6618",2.13812023831235,-0.475118078700534,-1.11452143397158
"6619",2.13609809762619,-0.476316131619814,-1.11548809424961
"6620",2.13578500198203,-0.476501617317871,-1.11563772853434
"6621",2.1337370766864,-0.477714769723223,-1.11661622189079
"6622",2.13049254487283,-0.47963644310356,-1.11816556104616
"6623",2.12953054806042,-0.480206136407248,-1.11862472535675
"6624",2.12950964846911,-0.480218512712468,-1.11863469972221
"6625",2.12937661497999,-0.480297291983162,-1.118698189103
"6626",2.12932544878971,-0.480327591197626,-1.11872260734341
"6627",2.12689059801362,-0.481769321460339,-1.11988428081942
"6628",2.12676751731955,-0.481842193939654,-1.11994298623581
"6629",2.12595979671472,-0.482320406246028,-1.12032820217593
"6630",2.12439441416503,-0.483247116550687,-1.12107456167216
"6631",2.12344330289762,-0.483810126539714,-1.12152791397922
"6632",2.12092794002774,-0.485298908483267,-1.1227264040084
"6633",2.12062123577048,-0.485480420518528,-1.12287249177622
"6634",2.11859070289811,-0.486682014897217,-1.12383940516828
"6635",2.11772849307694,-0.487192183321302,-1.12424984139116
"6636",2.11743211443447,-0.487367542450897,-1.12439090706851
"6637",2.11741167487423,-0.487379635832896,-1.1244006352137
"6638",2.11689048115488,-0.487688001764795,-1.12464868014535
"6639",2.11676131240769,-0.487764422960203,-1.12471014909685
"6640",2.11663500461228,-0.487839150772071,-1.12477025478926
"6641",2.11523543255679,-0.488667134341038,-1.12543614620939
"6642",2.11500011863541,-0.488806336637971,-1.12554808296804
"6643",2.11460165792465,-0.489042044176734,-1.12573761312076
"6644",2.11451013983127,-0.489096180224787,-1.12578114172803
"6645",2.11344723745904,-0.489724894172288,-1.12628661959135
"6646",2.11290626341377,-0.490044863514584,-1.1265438385293
"6647",2.11212516358422,-0.490506835221597,-1.12691517277182
"6648",2.11140435475015,-0.49093312261431,-1.12725778352998
"6649",2.11106732043736,-0.491132436589542,-1.12741796055618
"6650",2.11104689448952,-0.491144515826168,-1.12742766766241
"6651",2.11077158021608,-0.491307325693288,-1.12755850175735
"6652",2.11062380747071,-0.491394711072544,-1.1276287223617
"6653",2.10978056890965,-0.491893339575781,-1.12802937599055
"6654",2.10794307523132,-0.492979774887731,-1.12890215498345
"6655",2.10677879936705,-0.493668076380922,-1.12945496563679
"6656",2.10637414094197,-0.493907287962,-1.12964706508676
"6657",2.1053803224538,-0.494494742714839,-1.1301187699535
"6658",2.10497204438364,-0.4947360647085,-1.13031252128225
"6659",2.10056367207389,-0.497341175820697,-1.13240330065544
"6660",2.10024783355729,-0.497527779582738,-1.13255300668242
"6661",2.10006408187504,-0.497636341290263,-1.13264009868449
"6662",2.09989033460278,-0.497738990637601,-1.13272244523877
"6663",2.09977158786233,-0.497809144896302,-1.13277872252616
"6664",2.09947207076502,-0.497986092861395,-1.13292066429379
"6665",2.09931905152473,-0.498076491294572,-1.13299317629145
"6666",2.0991048282842,-0.498203044762709,-1.13309468663501
"6667",2.09881920399267,-0.498371774845747,-1.1332300220466
"6668",2.09800360791444,-0.498853556425729,-1.13361641655222
"6669",2.09715704493012,-0.499353591466453,-1.13401739729344
"6670",2.09694286481034,-0.499480093805809,-1.13411883158322
"6671",2.09633051366617,-0.499841755809111,-1.13440880647389
"6672",2.09572925718834,-0.500196844605338,-1.13469348340313
"6673",2.09534174703034,-0.500425688694096,-1.13487693461665
"6674",2.09497788559793,-0.50064055925412,-1.13504917367386
"6675",2.0942502421968,-0.501070230754719,-1.13539356581762
"6676",2.09320005791729,-0.501690308086324,-1.13589050189581
"6677",2.09303693137841,-0.501786619806461,-1.13596767952817
"6678",2.09265971036638,-0.502009329354314,-1.13614613598635
"6679",2.09231351711016,-0.502213712956205,-1.13630989838715
"6680",2.09209899986254,-0.502340354909502,-1.13641136569596
"6681",2.09111017834391,-0.50292407855629,-1.1368790079255
"6682",2.09060094120968,-0.503224670196466,-1.13711979372584
"6683",2.09035630858193,-0.5033690660587,-1.13723545348972
"6684",2.08967297252213,-0.503772390324695,-1.13755848832782
"6685",2.08949970456769,-0.50387465353189,-1.1376403884147
"6686",2.08946912814066,-0.503892699633468,-1.13765484085539
"6687",2.08919394394847,-0.504055109866042,-1.13778490585728
"6688",2.08809327263545,-0.504704666498208,-1.13830504046401
"6689",2.08753278560285,-0.505035407369907,-1.13856984668546
"6690",2.08655821449958,-0.505610451663477,-1.13903019607937
"6691",2.08610621213953,-0.505877135192342,-1.13924366379528
"6692",2.08598761156672,-0.505947108001357,-1.13929967116774
"6693",2.08478169060543,-0.506658536252283,-1.1398690486101
"6694",2.081077471087,-0.508843253157087,-1.14161684429628
"6695",2.07978081120952,-0.509607804312034,-1.14222824319544
"6696",2.07968872577815,-0.50966209660342,-1.14227165490632
"6697",2.0791184442428,-0.509998314338869,-1.14254047750881
"6698",2.07815149183857,-0.510568346363624,-1.14299618868519
"6699",2.07785576956926,-0.510742666484491,-1.1431355341834
"6700",2.07690884565034,-0.511300812989499,-1.14358165173006
"6701",2.0764303192391,-0.511582848660294,-1.14380705190254
"6702",2.0763289379069,-0.511642599198931,-1.14385480167551
"6703",2.07549399572799,-0.512134658064958,-1.14424800128348
"6704",2.07393982357105,-0.513050457280734,-1.14497966375577
"6705",2.07343738244951,-0.513346486573968,-1.14521613127685
"6706",2.07244020262593,-0.513933955692822,-1.14568534211979
"6707",2.07046547199471,-0.515097126574565,-1.14661413677738
"6708",2.06996247565371,-0.515393361752416,-1.14685063267973
"6709",2.06942749174661,-0.51570841616257,-1.14710213102893
"6710",2.06928502995971,-0.5157923091354,-1.14716909646898
"6711",2.06908151565931,-0.515912152252075,-1.14726475545102
"6712",2.06896958406483,-0.515978063966484,-1.14731736491593
"6713",2.06873597845178,-0.516115621425959,-1.14742715748575
"6714",2.0684001946886,-0.51631333916422,-1.14758495998563
"6715",2.06782561965843,-0.516651644423246,-1.14785494776515
"6716",2.06674131383276,-0.517290010711804,-1.14836433179101
"6717",2.06552049224586,-0.518008646730756,-1.14893765681974
"6718",2.06409633090438,-0.518846841398632,-1.14960621759583
"6719",2.06403896152038,-0.518880603215171,-1.14963314335821
"6720",2.06249940032878,-0.519786542407902,-1.15035555243186
"6721",2.06215402094897,-0.519989753250666,-1.15051757011738
"6722",2.06059754684928,-0.520905425069621,-1.15124750829998
"6723",2.06044866423367,-0.520993002986252,-1.15131731202971
"6724",2.05923486787993,-0.521706937511299,-1.15188628629162
"6725",2.05658146925904,-0.523267230715258,-1.15312936560463
"6726",2.05537151990929,-0.523978544368831,-1.15369588117497
"6727",2.054100899378,-0.524725403471559,-1.15429058124428
"6728",2.05212891557121,-0.525884267268596,-1.15521309302484
"6729",2.05171175676162,-0.526129377211098,-1.15540817268777
"6730",2.05073647189181,-0.526702371401768,-1.15586415671917
"6731",2.05005553828307,-0.527102385059762,-1.15618243918894
"6732",2.04805354980295,-0.528278235938792,-1.15711782394433
"6733",2.04800231129432,-0.528308326210592,-1.15714175641828
"6734",2.04768772967716,-0.528493062429044,-1.15728868283123
"6735",2.04743326284079,-0.528642490741484,-1.15740752196162
"6736",2.04736256278481,-0.528684006380739,-1.15744053809069
"6737",2.04721987453292,-0.528767792832515,-1.15750716969167
"6738",2.0470678855984,-0.528857038824727,-1.15757814121977
"6739",2.04562462626717,-0.529704409008875,-1.15825190695704
"6740",2.04461443833358,-0.530297412023981,-1.15872331902454
"6741",2.04270927549914,-0.531415557034928,-1.1596119723868
"6742",2.04209964981898,-0.531773284515903,-1.1598962167572
"6743",2.04041312846395,-0.532762771539432,-1.16068228998776
"6744",2.03972275235158,-0.533167748536226,-1.16100394726586
"6745",2.03964483930949,-0.533213450078109,-1.16104024376906
"6746",2.03805675948876,-0.534144860232265,-1.1617798690296
"6747",2.03727475391084,-0.534603428644085,-1.16214393903576
"6748",2.03583269749848,-0.535448914433452,-1.16281506252288
"6749",2.03540662377052,-0.535698689780883,-1.16301329485362
"6750",2.03514260269984,-0.535853457876941,-1.16313611794336
"6751",2.03481765858051,-0.536043930585383,-1.16328726818466
"6752",2.03447198197331,-0.536246546079691,-1.16344804488745
"6753",2.03299967169017,-0.537109412870523,-1.16413262562254
"6754",2.03249200365568,-0.537406894765048,-1.16436860041111
"6755",2.03107103021608,-0.538239433208243,-1.16502889134909
"6756",2.03030917580442,-0.538685725519935,-1.16538277991078
"6757",2.03029945294337,-0.538691420816458,-1.16538729570101
"6758",2.02972035961385,-0.539030617489159,-1.16565623007727
"6759",2.0291420260445,-0.539369339587296,-1.16592476059381
"6760",2.02836005461146,-0.539827282501547,-1.16628776254627
"6761",2.02818791411946,-0.539928085182858,-1.16636765998272
"6762",2.02757193095371,-0.540288773334223,-1.16665352575932
"6763",2.02727755901886,-0.54046113049692,-1.16679011748923
"6764",2.02694908425385,-0.540653446006817,-1.16694251759407
"6765",2.02545700743449,-0.541526905901464,-1.16763457696881
"6766",2.02414814664418,-0.542292946302526,-1.1682413737788
"6767",2.02376204986805,-0.542518888570496,-1.1684203202551
"6768",2.02302160978838,-0.542952153222674,-1.16876343156599
"6769",2.02272686947622,-0.543124605093798,-1.16889998710518
"6770",2.02268992967289,-0.543146217928294,-1.16891710065867
"6771",2.02192557363955,-0.543593401342684,-1.16927116555668
"6772",2.02137757520887,-0.543913972709429,-1.16952495329531
"6773",2.02080452832658,-0.544249167591137,-1.16979029128548
"6774",2.0206262063447,-0.544353468107526,-1.16987284927386
"6775",2.02044397806903,-0.544460050390079,-1.16995721062737
"6776",2.01979411205944,-0.544840121259427,-1.1702580194002
"6777",2.01870837445045,-0.545475022306603,-1.17076043586766
"6778",2.01787677616049,-0.545961237635401,-1.17114512607734
"6779",2.01677040361371,-0.54660800682795,-1.1716567555269
"6780",2.01506958030332,-0.547602059414948,-1.17244290449512
"6781",2.01092695596817,-0.550022085431622,-1.17435576869855
"6782",2.0107646566127,-0.550116863611901,-1.17443065482575
"6783",2.01072408192639,-0.550140557672192,-1.17444937562612
"6784",2.01037962846942,-0.550341698897037,-1.17460829274034
"6785",2.00941558075192,-0.550904587122103,-1.17505296451132
"6786",2.00823899708731,-0.551591449015925,-1.17559546649015
"6787",2.00781300485124,-0.551840100129593,-1.17579182883595
"6788",2.00764423361343,-0.551938606795979,-1.17586961629972
"6789",2.00754929858767,-0.551994016279212,-1.17591337027599
"6790",2.00639672899045,-0.552666651294647,-1.17644445387922
"6791",2.00615980958484,-0.552804900410638,-1.17655359540861
"6792",2.00597725395171,-0.552911422986921,-1.17663768698404
"6793",2.0041416185232,-0.553982347783479,-1.17748294375658
"6794",2.00359399221346,-0.554301773057109,-1.17773500320776
"6795",2.00327961860846,-0.554485130797592,-1.17787967977464
"6796",2.00195160086551,-0.555259585954303,-1.17849066246194
"6797",2.00175893012184,-0.555371930437421,-1.17857928065802
"6798",2.00149527733317,-0.555525657869324,-1.17870053688827
"6799",2.00130218059334,-0.555638241937775,-1.17878933651495
"6800",2.00051124018352,-0.556099356735526,-1.17915300310174
"6801",1.99993325758572,-0.556436278359474,-1.17941868852276
"6802",1.99816926676166,-0.557464347940105,-1.18022921317706
"6803",1.99809840565558,-0.557505639851011,-1.1802617619086
"6804",1.99474200147474,-0.559460885096258,-1.18180250609283
"6805",1.99439729698771,-0.559661624533646,-1.18196063478416
"6806",1.99298809771547,-0.560482147574273,-1.18260687926754
"6807",1.99227887789416,-0.56089502159868,-1.18293199399938
"6808",1.99197431823492,-0.561072305736723,-1.18307158174249
"6809",1.99161950183101,-0.5612788321802,-1.18323418376331
"6810",1.99108264335435,-0.561591294197181,-1.18348016998752
"6811",1.98894908216713,-0.562832771306248,-1.18445727696431
"6812",1.98834885704957,-0.563181944720101,-1.18473202307914
"6813",1.98788905718032,-0.563449401974157,-1.18494244979291
"6814",1.98779814181998,-0.563502283166104,-1.18498405281735
"6815",1.9861151907659,-0.564481019793535,-1.1857539201731
"6816",1.98414882172001,-0.565624202502143,-1.18665282546701
"6817",1.98395624408851,-0.565736138842929,-1.18674082480271
"6818",1.98255797666733,-0.566548767995212,-1.18737957968815
"6819",1.98186186656943,-0.566953247787548,-1.18769745079526
"6820",1.98063187987552,-0.56766781402706,-1.18825890713761
"6821",1.97764261599407,-0.569403764305707,-1.18962233898982
"6822",1.97737869825658,-0.569556982626435,-1.18974264012353
"6823",1.97669000795276,-0.569956768655731,-1.19005650765517
"6824",1.97620314849701,-0.570239360557061,-1.19027834199952
"6825",1.97618288064605,-0.570251124238939,-1.19028757602112
"6826",1.97352786321734,-0.571791739909679,-1.1914965822269
"6827",1.97256520009007,-0.572350150774997,-1.19193464301132
"6828",1.97102497549713,-0.573243376253066,-1.1926351862836
"6829",1.9700522246197,-0.573807371519757,-1.19307740998546
"6830",1.96975837615919,-0.573977722676456,-1.19321096416008
"6831",1.96920108159108,-0.574300773882665,-1.19346421290676
"6832",1.96916635353863,-0.574320903825621,-1.19347999240246
"6833",1.96893763516558,-0.574453475970881,-1.19358391059105
"6834",1.96772174429119,-0.575158146428459,-1.19413619576025
"6835",1.96702261854303,-0.575563251218262,-1.19445363633652
"6836",1.96699222195918,-0.575580863132553,-1.19446743605582
"6837",1.96638472197191,-0.575932829800225,-1.19474320018583
"6838",1.96498608131957,-0.57674300294681,-1.19537784048797
"6839",1.96443896341428,-0.577059865839924,-1.19562600359694
"6840",1.96366895365539,-0.577505759764472,-1.19597517644636
"6841",1.96272023431279,-0.578055048880354,-1.19640524285591
"6842",1.96188580832828,-0.578538081094899,-1.19678336606787
"6843",1.96117661608795,-0.578948556567788,-1.19710464145174
"6844",1.96059913641887,-0.579282755931628,-1.19736618254727
"6845",1.96036178995584,-0.579420102318447,-1.19747365969036
"6846",1.9586037505559,-0.580437237168235,-1.19826943504932
"6847",1.95855298146994,-0.580466605041118,-1.19829240740556
"6848",1.95832545888806,-0.580598214110995,-1.19839535275163
"6849",1.95821834912059,-0.580660169081333,-1.19844381264286
"6850",1.95793035647991,-0.580826744782357,-1.19857409951785
"6851",1.95743870664247,-0.58111109459619,-1.19879648574254
"6852",1.95638468878883,-0.581720602112558,-1.19927309926054
"6853",1.95619585570356,-0.581829785376869,-1.19935846604329
"6854",1.95584808263028,-0.582030857088543,-1.19951566884609
"6855",1.95574646364367,-0.582089607462973,-1.19956159924691
"6856",1.95563502803463,-0.582154031901597,-1.19961196448492
"6857",1.95459202134753,-0.582756958208933,-1.20008326052304
"6858",1.95408538964464,-0.58304977969745,-1.2003121176188
"6859",1.95387276799859,-0.583172661370615,-1.20040814982502
"6860",1.95332573435061,-0.583488787915766,-1.20065518415225
"6861",1.95251489216115,-0.583957304212886,-1.20102125167246
"6862",1.95217411643025,-0.584154186788669,-1.20117506464672
"6863",1.95162344553068,-0.584472307680331,-1.20142357158104
"6864",1.94934421764599,-0.585788638550159,-1.20245155520202
"6865",1.94870604345282,-0.586157097931918,-1.2027392164776
"6866",1.9482907259066,-0.586396862326826,-1.20292638364966
"6867",1.9461027385519,-0.587659664452733,-1.20391190139739
"6868",1.94605209121548,-0.587688889075693,-1.20393470367733
"6869",1.94434053801344,-0.588676316435649,-1.20470499640224
"6870",1.94405660375285,-0.588840090290928,-1.20483273023814
"6871",1.94329258015123,-0.589280733656106,-1.205176368625
"6872",1.94311501131204,-0.589383134977188,-1.20525621915131
"6873",1.94246631466083,-0.589757197204874,-1.20554788058388
"6874",1.94084565737533,-0.590691510742885,-1.2062762065973
"6875",1.94058230231572,-0.590843306383627,-1.20639451284802
"6876",1.93930604971352,-0.591578811319683,-1.2069676579375
"6877",1.93831384422642,-0.592150486264088,-1.20741303282003
"6878",1.93750890707495,-0.59261417756674,-1.20777421326368
"6879",1.93551786514897,-0.593760803218606,-1.20866708730953
"6880",1.93549760768293,-0.593772466901482,-1.20867616787556
"6881",1.93543683529669,-0.593807457648469,-1.20870340910775
"6882",1.93487542723571,-0.594130677077842,-1.20895502768412
"6883",1.93478426892974,-0.594183156078984,-1.20899587853568
"6884",1.93350268479251,-0.594920846731802,-1.2095700311129
"6885",1.93311779667783,-0.595142353033556,-1.20974240169429
"6886",1.93214502201279,-0.595702113386551,-1.21017793082361
"6887",1.93180065016321,-0.59590024673487,-1.21033206979278
"6888",1.93145627872015,-0.596098365528988,-1.21048618625772
"6889",1.93133473595203,-0.596168286333955,-1.21054057493006
"6890",1.92905581595871,-0.597478965504991,-1.21155984303114
"6891",1.92866080399974,-0.597706084993493,-1.2117364157947
"6892",1.92840759125554,-0.597851664316828,-1.21184958785448
"6893",1.92830630616429,-0.597909893838082,-1.21189485326328
"6894",1.92716543184693,-0.598565703380422,-1.21240458751788
"6895",1.92637176011608,-0.59902183536665,-1.21275904776462
"6896",1.92632111749366,-0.599050937594848,-1.21278166108489
"6897",1.92502466443182,-0.599795847048652,-1.21336039566541
"6898",1.92159470597879,-0.6017655977639,-1.21488996333765
"6899",1.9213986126958,-0.60187816486863,-1.21497734108532
"6900",1.92013251475727,-0.60260484862262,-1.21554132521655
"6901",1.91861898028093,-0.603473279952969,-1.21621511996549
"6902",1.91857266422189,-0.603499850385883,-1.21623573186947
"6903",1.91793453704674,-0.603865900659671,-1.21651967299883
"6904",1.91743864135541,-0.604150325911509,-1.21674027163234
"6905",1.9169929604166,-0.604405922773278,-1.21693849106404
"6906",1.91675956164556,-0.604539766036811,-1.21704228106281
"6907",1.9164998505503,-0.604688689829318,-1.21715775927019
"6908",1.91537185477991,-0.605335403858909,-1.21765915812152
"6909",1.91375114384288,-0.606264313427506,-1.21837913038762
"6910",1.91351859196154,-0.606397571928013,-1.21848239471857
"6911",1.91326535169976,-0.606542677270603,-1.2185948334695
"6912",1.91263688335287,-0.606902749526277,-1.21887381847328
"6913",1.90981105217405,-0.608521118033957,-1.22012726590527
"6914",1.90928427857404,-0.60882268526488,-1.22036074866207
"6915",1.90636623582263,-0.610492522658028,-1.22165310426398
"6916",1.9061534861353,-0.610614222224981,-1.22174726039654
"6917",1.9052720838312,-0.611118345956842,-1.22213724262645
"6918",1.90454263399455,-0.611535478440991,-1.22245987296644
"6919",1.90018635023234,-0.614025056450764,-1.22438435940932
"6920",1.89988194621076,-0.614198921079295,-1.22451869090675
"6921",1.89804790369974,-0.615246182106792,-1.22532763629164
"6922",1.89671073475855,-0.616009419910014,-1.22591698464889
"6923",1.89624458919396,-0.616275429198647,-1.22612234774031
"6924",1.89589961385023,-0.616472271718681,-1.22627429942283
"6925",1.89537265241922,-0.616772922181536,-1.22650636275841
"6926",1.89462272999703,-0.617200710763504,-1.22683651357358
"6927",1.89432926487748,-0.617368093952131,-1.22696567854608
"6928",1.8939741332123,-0.617570633073755,-1.22712196112722
"6929",1.89258568191519,-0.618362320178582,-1.22773272185055
"6930",1.89191676860056,-0.618743630306543,-1.22802682284117
"6931",1.89154219322375,-0.618957126174319,-1.2281914711062
"6932",1.8907212205559,-0.619424981972943,-1.22855223398179
"6933",1.88797389389858,-0.620989903805835,-1.22975846219012
"6934",1.88587550616122,-0.622184422088116,-1.23067868726618
"6935",1.88527738120951,-0.622524786799864,-1.23094081584269
"6936",1.88462855031607,-0.622893944852821,-1.23122507949311
"6937",1.88386384538431,-0.62332894870624,-1.23155999328557
"6938",1.88347277463184,-0.623551375775324,-1.23173121981687
"6939",1.88194178644693,-0.624421923188223,-1.23240123056223
"6940",1.88190122900902,-0.624444980012639,-1.23241897294014
"6941",1.88163760380189,-0.624594844293991,-1.23253429052883
"6942",1.88142510213994,-0.62471563838292,-1.23262723418376
"6943",1.88101908576406,-0.624946414401619,-1.23280478979111
"6944",1.87957918651734,-0.625764635730268,-1.23343418561747
"6945",1.87919427318068,-0.625983308195812,-1.23360235907186
"6946",1.87909243734855,-0.626041158146333,-1.23364684702081
"6947",1.8789301850443,-0.626133325607822,-1.23371772380744
"6948",1.87875821935724,-0.626231006309034,-1.23379283743014
"6949",1.87673965017011,-0.627377259368648,-1.23467405369604
"6950",1.87500530203769,-0.628361608085422,-1.23543047837554
"6951",1.87291575734324,-0.629546923835168,-1.23634093965958
"6952",1.87047131483246,-0.630932679647043,-1.23740481089674
"6953",1.87033899512076,-0.631007664546339,-1.23746236124651
"6954",1.869740401512,-0.631346849390826,-1.23772266125517
"6955",1.86916573300206,-0.63167242326899,-1.23797248218069
"6956",1.86791448247628,-0.632381125290091,-1.23851617277486
"6957",1.86719941633076,-0.632786021546574,-1.23882672430415
"6958",1.86717331084793,-0.632800801845502,-1.23883805968368
"6959",1.86707226575194,-0.632858010115952,-1.23888193348921
"6960",1.86701460600455,-0.63289065434654,-1.23890696833872
"6961",1.86657460406464,-0.633139744924129,-1.23909798486618
"6962",1.86592513444978,-0.633507360233852,-1.23937985735574
"6963",1.86565113159869,-0.633662431782442,-1.2394987472557
"6964",1.86558009305731,-0.633702633951548,-1.23952956813541
"6965",1.86502235121341,-0.63401824288226,-1.23977151126985
"6966",1.86421043101159,-0.634477592566124,-1.24012358913627
"6967",1.86372864150558,-0.634750117342738,-1.24033244002675
"6968",1.86192624852881,-0.635769304151936,-1.24111329303443
"6969",1.86124613136155,-0.636153745887,-1.24140774944771
"6970",1.85945940676747,-0.63716334043948,-1.24218080918252
"6971",1.85858658326447,-0.637656338655962,-1.24255818757377
"6972",1.85823456309133,-0.637855134658841,-1.24271033946721
"6973",1.85764243118741,-0.638189481827652,-1.24296620958188
"6974",1.85698199300495,-0.63856232857597,-1.24325150108081
"6975",1.85427055018117,-0.640092285676597,-1.24442171910968
"6976",1.85369163267556,-0.640418783342862,-1.24467135129843
"6977",1.85338692914471,-0.640590606907483,-1.24480270984556
"6978",1.85249309153419,-0.641094553788208,-1.24518792153538
"6979",1.85079697719569,-0.642050447451635,-1.24591837499253
"6980",1.85064427772034,-0.642136481218118,-1.24598410410758
"6981",1.84953039135012,-0.642763943467746,-1.24646340908018
"6982",1.84788071112997,-0.643692826248665,-1.24717273260754
"6983",1.84781324091737,-0.643730806464626,-1.24720172962092
"6984",1.84747425204779,-0.643921617416869,-1.2473474023951
"6985",1.84607186312198,-0.644710783194437,-1.24794976002151
"6986",1.84597066408621,-0.644767717482955,-1.2479932093669
"6987",1.84569583230383,-0.644922327931929,-1.2481111949546
"6988",1.84477137854099,-0.645442294192844,-1.24850793310314
"6989",1.84416475568527,-0.645783411599689,-1.24876816129925
"6990",1.84395780384287,-0.645899770216519,-1.248856919273
"6991",1.84376467353587,-0.646008350800926,-1.24893974028292
"6992",1.84224027608949,-0.64686515490411,-1.24959314448341
"6993",1.8416806914654,-0.647179571117282,-1.24983286130219
"6994",1.84130494704559,-0.647390660684093,-1.24999378217325
"6995",1.84066440478115,-0.647750452525151,-1.25026803100017
"6996",1.84037927748925,-0.647910584398428,-1.25039007705481
"6997",1.83956581585288,-0.648367356220589,-1.25073816490236
"6998",1.83896627905483,-0.648703929083584,-1.25099461098628
"6999",1.83838618851512,-0.649029522919391,-1.25124265715528
"7000",1.83736481787049,-0.649602649990322,-1.25167919803943
"7001",1.83712506427694,-0.649737156586688,-1.2517816340603
"7002",1.83705429739996,-0.649776856221385,-1.25181186694907
"7003",1.83639272973116,-0.650147945880203,-1.25209444230976
"7004",1.83492833684944,-0.650969074252818,-1.25271955311012
"7005",1.83435819720124,-0.651288661553665,-1.25296279064062
"7006",1.83416532591779,-0.651396760441854,-1.25304505712676
"7007",1.83289308374348,-0.652109643489051,-1.25358748801824
"7008",1.83258131379005,-0.652284293565905,-1.25372035379516
"7009",1.83065796733355,-0.653361330155787,-1.25453949605948
"7010",1.82980302598921,-0.6538398583596,-1.25490332122623
"7011",1.82969757696389,-0.653898870829093,-1.2549481832937
"7012",1.82858849471151,-0.654519420010817,-1.25541986477177
"7013",1.82799111475778,-0.654853567394742,-1.25567379960633
"7014",1.82675922562585,-0.65554241712259,-1.25619717570087
"7015",1.82660326492861,-0.655629606921433,-1.25626341002025
"7016",1.8261140982497,-0.655903045429528,-1.25647111341855
"7017",1.82578174409762,-0.65608880153591,-1.25661219956922
"7018",1.8256457020629,-0.65616483073031,-1.25666994230492
"7019",1.82561558424587,-0.656181662060328,-1.2566827251279
"7020",1.82487177820691,-0.656597282762068,-1.25699834571128
"7021",1.82408760471897,-0.657035345102164,-1.25733094757395
"7022",1.82310983938199,-0.657581388110058,-1.25774544706956
"7023",1.8227537668673,-0.657780194710405,-1.25789633641251
"7024",1.8223055713459,-0.658030401738195,-1.25808621912062
"7025",1.82033935635435,-0.659127590018631,-1.25891863690001
"7026",1.81950340595049,-0.659593839890407,-1.25927225366305
"7027",1.818467658893,-0.660171336792149,-1.25971014477058
"7028",1.81818882838268,-0.660326767221845,-1.25982798237009
"7029",1.81814806308518,-0.660349490028275,-1.2598452087142
"7030",1.81775426139343,-0.66056898052494,-1.2600115975465
"7031",1.81747907790759,-0.660722339550875,-1.26012784483897
"7032",1.81462112388317,-0.662314187214964,-1.26133402233766
"7033",1.81400936481115,-0.662654719911278,-1.26159194346034
"7034",1.81381606282528,-0.66276230504872,-1.26167342105465
"7035",1.81322463870117,-0.663091424867564,-1.26192265020248
"7036",1.80794025558549,-0.666029002962751,-1.26414558100363
"7037",1.807869142741,-0.666068496025248,-1.26417544691065
"7038",1.80738921585777,-0.666335000237727,-1.26437697239204
"7039",1.8058179484131,-0.667207199665635,-1.26503634918599
"7040",1.80488863427589,-0.667722818062354,-1.26542603487021
"7041",1.80462689456402,-0.667868009158549,-1.26553574916178
"7042",1.80332663031311,-0.668589077420507,-1.26608052415355
"7043",1.8028671556556,-0.668843798251821,-1.2662729273628
"7044",1.8027956792828,-0.668883418985351,-1.26630285292429
"7045",1.80266293563182,-0.668956998556695,-1.2663584262335
"7046",1.80231574875133,-0.669149426426821,-1.26650375500915
"7047",1.80228554563777,-0.66916616528508,-1.26651639624477
"7048",1.80095791105183,-0.669901766665158,-1.26707183277286
"7049",1.79950048263673,-0.670708861455917,-1.2676810456501
"7050",1.79939507988863,-0.670767214244268,-1.26772508322307
"7051",1.79922097930507,-0.67086359426918,-1.26779781663979
"7052",1.79920054743005,-0.670874904698923,-1.26780635188013
"7053",1.79887362958823,-0.671055864060508,-1.26794290426793
"7054",1.79765777378628,-0.671728682536671,-1.26845051918601
"7055",1.79734143649842,-0.671903683410852,-1.26858252571784
"7056",1.79694614807808,-0.672122331293534,-1.26874744169053
"7057",1.79620708237759,-0.672531046354449,-1.26905567380022
"7058",1.79596179282332,-0.672666669979986,-1.26915794193171
"7059",1.79547118824995,-0.672937893311702,-1.26936244175324
"7060",1.79506189288677,-0.673164127280737,-1.26953300124476
"7061",1.79479611914258,-0.673311012182618,-1.26964372973058
"7062",1.79431128760797,-0.673578925145664,-1.26984567609237
"7063",1.79401264265512,-0.673743928608198,-1.26997003981321
"7064",1.79393782928708,-0.673785260576465,-1.27000119044623
"7065",1.79312315070256,-0.674235267597527,-1.27034030994925
"7066",1.79220941120518,-0.674739826201455,-1.27072045830522
"7067",1.79162693538925,-0.675061371712288,-1.27096267511805
"7068",1.79102309025378,-0.675394637805714,-1.2712136843941
"7069",1.79098217901838,-0.675417214185485,-1.27123068712124
"7070",1.79068556533365,-0.675580886296238,-1.27135394678496
"7071",1.79009273233448,-0.675907956878405,-1.27160023314867
"7072",1.78944128665281,-0.676267278331846,-1.2718707633018
"7073",1.78900792395341,-0.676506260519218,-1.27205066704125
"7074",1.78860934505781,-0.676726025501574,-1.27221608732246
"7075",1.78761639828066,-0.677273360534459,-1.27262800385499
"7076",1.78631670257064,-0.677989464306763,-1.27316678137588
"7077",1.78605059246449,-0.67813604054988,-1.27327704020846
"7078",1.78486320443606,-0.678789881424162,-1.27376878994441
"7079",1.78462774922778,-0.678919500023653,-1.27386625821406
"7080",1.78417291481555,-0.679169853636271,-1.27405449861712
"7081",1.78372680100217,-0.679415364003134,-1.27423907688951
"7082",1.78305101039533,-0.679787191150946,-1.27451858328244
"7083",1.78259063792713,-0.680040436658,-1.27470892392018
"7084",1.78132069795749,-0.680738778931277,-1.27523368950378
"7085",1.77987635777529,-0.681532600887772,-1.27583000280571
"7086",1.77930219818227,-0.681848038634581,-1.2760668982274
"7087",1.77920017501652,-0.681904081706917,-1.27610898335195
"7088",1.778609152954,-0.682228695854178,-1.2763527290089
"7089",1.77842102083604,-0.682332010022258,-1.27643029787614
"7090",1.77796032577372,-0.682584971746565,-1.27662020772996
"7091",1.77719127282353,-0.68300714610981,-1.27693710493804
"7092",1.77613598747475,-0.683586239432949,-1.2773716921641
"7093",1.7754282288673,-0.683974489777756,-1.27766299541416
"7094",1.77429062907264,-0.684598306237979,-1.27813093619944
"7095",1.77407486928733,-0.684716588815644,-1.27821964810345
"7096",1.77308060720212,-0.685261525878468,-1.27862828936685
"7097",1.77279344984442,-0.685418871369764,-1.2787462619376
"7098",1.77188018023878,-0.685919169773614,-1.27912131357932
"7099",1.77130574455237,-0.686233757792467,-1.27935710272081
"7100",1.77044399363765,-0.686705557270095,-1.27971066139116
"7101",1.77025275218985,-0.686810237803543,-1.27978909696025
"7102",1.76923367453009,-0.687367918393899,-1.28020689578817
"7103",1.76827927317703,-0.687889998040598,-1.28059792724057
"7104",1.76741667449282,-0.688361686611624,-1.28095113637255
"7105",1.76665704999773,-0.688776930438458,-1.28126201573168
"7106",1.76581519584153,-0.689236975461502,-1.28160636744571
"7107",1.76465489280108,-0.689870784784451,-1.28208066617784
"7108",1.76463478873915,-0.689881763889252,-1.28208888096325
"7109",1.76383374207891,-0.690319153477678,-1.28241611100309
"7110",1.76314514611877,-0.690695028492226,-1.28269726696523
"7111",1.76266235989057,-0.690958497909434,-1.28289431423294
"7112",1.76160790586972,-0.691533761339738,-1.28332446770092
"7113",1.76158365759587,-0.691546987209997,-1.28333435601532
"7114",1.76004275832083,-0.692387179348402,-1.28396240206206
"7115",1.7585108782094,-0.693221927660428,-1.28458613853215
"7116",1.75845948069586,-0.693249925957491,-1.28460705512477
"7117",1.75766790367344,-0.693681055083697,-1.28492910322225
"7118",1.75753468527357,-0.693753598116405,-1.28498328567456
"7119",1.75684537569873,-0.694128892604615,-1.28526356449183
"7120",1.75669113915963,-0.694212852056617,-1.28532626075611
"7121",1.7566397260984,-0.69424083783289,-1.28534715844241
"7122",1.75648548426878,-0.694324793038386,-1.28540984829583
"7123",1.75557023431673,-0.694822861732279,-1.28578170918008
"7124",1.7552102661467,-0.695018700711266,-1.28592790022043
"7125",1.75351298005579,-0.695941707805008,-1.28661673373188
"7126",1.75336894556269,-0.696020005795933,-1.28667515341202
"7127",1.75333851561634,-0.696036547093023,-1.2866874949299
"7128",1.75273103637291,-0.696366720627406,-1.28693381873349
"7129",1.75271089260077,-0.696377667623364,-1.28694198502245
"7130",1.75229886520423,-0.696601560983175,-1.2871089968973
"7131",1.75132121823952,-0.697132655153117,-1.28750509394662
"7132",1.75011694515928,-0.697786563467098,-1.28799265322883
"7133",1.748582939054,-0.698619036940769,-1.28861313763643
"7134",1.74819535947722,-0.698829283751217,-1.28876980713795
"7135",1.74688373510252,-0.699540535178256,-1.2892996961601
"7136",1.74621421471115,-0.699903443266106,-1.28956999836818
"7137",1.74433914327371,-0.700919265811702,-1.29032636248758
"7138",1.74328801078646,-0.701488366544727,-1.29074994810084
"7139",1.74300973744125,-0.701638986023987,-1.29086203632645
"7140",1.74209280566458,-0.702135162995245,-1.29123122606646
"7141",1.74204082787842,-0.702163283826977,-1.29125214732443
"7142",1.74202392310465,-0.702172429452246,-1.29125895140175
"7143",1.74080411792762,-0.702832181182381,-1.29174971034306
"7144",1.74027824916136,-0.703116500525711,-1.29196115554939
"7145",1.73826668661257,-0.704203496833502,-1.29276928242255
"7146",1.73742448262636,-0.704658325265056,-1.2931073017679
"7147",1.73657472077626,-0.705117069483979,-1.29344815790155
"7148",1.73588334376095,-0.705490186617031,-1.29372533704879
"7149",1.73561502516125,-0.705634961034892,-1.29383287311632
"7150",1.73246691203744,-0.707332318034746,-1.29509309390028
"7151",1.7322599506758,-0.707443824240549,-1.29517584747877
"7152",1.73117556919634,-0.708027902574058,-1.29560924591649
"7153",1.73078679341768,-0.708237241657662,-1.29576455074693
"7154",1.72990502235897,-0.708711907415833,-1.29611663949991
"7155",1.72922358131864,-0.709078609791426,-1.29638859091814
"7156",1.72832789697401,-0.709560438100884,-1.29674584933617
"7157",1.72659815473494,-0.710490414162249,-1.29743516204591
"7158",1.72581620205575,-0.710910593010451,-1.29774650516456
"7159",1.72478886272283,-0.711462412278665,-1.29815529629167
"7160",1.72441659066211,-0.711662311517925,-1.29830335637009
"7161",1.72394130974639,-0.711917476409538,-1.29849232975825
"7162",1.7227307046227,-0.712567177291603,-1.29897339000257
"7163",1.72270010852767,-0.712583592989286,-1.29898554280187
"7164",1.72245139655829,-0.712717026080744,-1.29908432188551
"7165",1.72242036143469,-0.712733675297699,-1.29909664668027
"7166",1.72140644892143,-0.713277478381251,-1.2994991499532
"7167",1.72075498451167,-0.713626758382455,-1.29975761914458
"7168",1.72016510015338,-0.713942936558369,-1.29999155556693
"7169",1.71918730479882,-0.714466855115457,-1.300379118675
"7170",1.71789809647223,-0.715157290217734,-1.30088971208039
"7171",1.71780820200175,-0.715205418587614,-1.30092529787033
"7172",1.71768022405226,-0.715273933091716,-1.30097595561261
"7173",1.7172147006664,-0.715523123997487,-1.3011601864847
"7174",1.71595078421044,-0.716199430761248,-1.30166007999166
"7175",1.71578549773542,-0.71628784575581,-1.30172542011371
"7176",1.71483248134561,-0.716797507287952,-1.30210201416814
"7177",1.71357835732314,-0.717467870712258,-1.30259721193782
"7178",1.71263530577741,-0.717971712551928,-1.30296929495715
"7179",1.71219999408206,-0.718204214493077,-1.30314096525745
"7180",1.7110394244181,-0.718823860731362,-1.30359839371551
"7181",1.71052103407096,-0.719100534315891,-1.30380259249825
"7182",1.70868507941003,-0.720079901347789,-1.3045251945584
"7183",1.70838801856356,-0.720238289527259,-1.30464202527638
"7184",1.70832204751876,-0.720273461407857,-1.30466796763964
"7185",1.70827062236266,-0.720300877559021,-1.30468818916242
"7186",1.70806272348201,-0.720411707708607,-1.3047699321987
"7187",1.70717054973543,-0.720887205693631,-1.30512058709018
"7188",1.70637161252041,-0.721312851130963,-1.30543440984621
"7189",1.70622677672767,-0.721389998243642,-1.30549128246393
"7190",1.70602917304312,-0.72149524423845,-1.30556886606249
"7191",1.70577017289836,-0.72163317661416,-1.30567053890273
"7192",1.70560368628223,-0.721721831814401,-1.30573588491556
"7193",1.7052823923382,-0.72189290425139,-1.30586197111786
"7194",1.70488798280194,-0.722102873334749,-1.30601671116633
"7195",1.70460728715556,-0.72225228275473,-1.3061268112074
"7196",1.70423358773778,-0.722451167313125,-1.30627335716657
"7197",1.70344457745492,-0.72287097281496,-1.3065826398854
"7198",1.70298772655597,-0.723113979699124,-1.30676164117568
"7199",1.70257237220075,-0.723334870601258,-1.3069243332645
"7200",1.70255160359834,-0.723345914535096,-1.30693246695997
"7201",1.70212626780456,-0.723572068876818,-1.30709901670974
"7202",1.7015446642958,-0.723881241992386,-1.30732667538722
"7203",1.70096299451481,-0.724190369440535,-1.30755426617862
"7204",1.69955009132278,-0.724940917322784,-1.30810670399544
"7205",1.69933518986951,-0.725055033174903,-1.30819068081442
"7206",1.6992071953164,-0.7251229949191,-1.30824069102337
"7207",1.69677508506109,-0.726413635009349,-1.30919010420389
"7208",1.69662909747394,-0.72649106060713,-1.30924704053582
"7209",1.6957973140781,-0.72693210539627,-1.30957132977244
"7210",1.69388369010571,-0.727946153656797,-1.31031666860056
"7211",1.69346758829711,-0.728166533461344,-1.31047860166091
"7212",1.69342597621464,-0.728188570155292,-1.31049479305894
"7213",1.69252457463323,-0.728665826958072,-1.31084541317763
"7214",1.69246880276686,-0.728695349541918,-1.31086709945705
"7215",1.69218785836647,-0.728844054778548,-1.31097632845298
"7216",1.69094943331957,-0.729499332233939,-1.31145755672272
"7217",1.68994017301663,-0.730033079865337,-1.31184942031037
"7218",1.68787805657715,-0.731122865381556,-1.31264919268903
"7219",1.68772183397713,-0.731205383845353,-1.31270973388994
"7220",1.68628467660715,-0.731964228586559,-1.31326635885001
"7221",1.68610768460785,-0.732057648908079,-1.31333486975947
"7222",1.68503403017217,-0.732624184881547,-1.31375027794454
"7223",1.68496140755131,-0.73266249561909,-1.31377836480073
"7224",1.68438123596705,-0.732968508636614,-1.3140026938554
"7225",1.68351237414083,-0.733426639468015,-1.31433847244313
"7226",1.68332474009084,-0.733525550553123,-1.31441095750625
"7227",1.68323092037903,-0.733575004311353,-1.31444719739778
"7228",1.68310626545554,-0.73364070846487,-1.31449534426311
"7229",1.68238690321723,-0.734019802301878,-1.31477310702506
"7230",1.68125030464589,-0.734618518165253,-1.31521168083358
"7231",1.68080184932972,-0.73485466080531,-1.31538462514864
"7232",1.68018601914317,-0.735178858414558,-1.3156220254098
"7233",1.67676346371713,-0.736978953149049,-1.31693948414455
"7234",1.67498863695176,-0.737911306242648,-1.31762139228012
"7235",1.67462359310161,-0.738102976639972,-1.31776153753018
"7236",1.67404920373375,-0.738404500876246,-1.3179819783047
"7237",1.66880679534336,-0.741152794714105,-1.31998968560241
"7238",1.66865709633686,-0.741231175506534,-1.32004690429639
"7239",1.66847934799516,-0.741324235577848,-1.32011483606078
"7240",1.66807154790412,-0.741537710217154,-1.32027065570875
"7241",1.66761142479651,-0.741778526454273,-1.32044641241471
"7242",1.66755869311658,-0.741806121541201,-1.32046655097757
"7243",1.6673185965671,-0.74193175827409,-1.32055823560758
"7244",1.66670106575635,-0.742254833087808,-1.32079397587627
"7245",1.66569682234173,-0.742780027786447,-1.3211771162048
"7246",1.66557171974947,-0.742845436260577,-1.32122482590173
"7247",1.66444122675709,-0.743436329766982,-1.32165575883196
"7248",1.66430895291881,-0.743505447291586,-1.32170615714675
"7249",1.66266191157964,-0.744365726722488,-1.32233329786102
"7250",1.66262603214454,-0.744384459884923,-1.32234695122436
"7251",1.66232735154148,-0.744540393163819,-1.32246059563712
"7252",1.66218078060182,-0.744616906087266,-1.32251635507961
"7253",1.66215939882965,-0.744628067359369,-1.32252448877017
"7254",1.66064151879551,-0.745420116813759,-1.3231015707859
"7255",1.65978222807556,-0.745868258421522,-1.32342798074455
"7256",1.65945750211015,-0.746037564568609,-1.32355127774861
"7257",1.65776019354638,-0.746922094379313,-1.32419526239067
"7258",1.65751916949584,-0.747047644280962,-1.32428664580726
"7259",1.65678554432071,-0.747429704483441,-1.3245646980882
"7260",1.65612518673549,-0.74777349662499,-1.32481485353846
"7261",1.65539135054256,-0.748155418944059,-1.32509270224121
"7262",1.65511875450371,-0.748297257316994,-1.32519587589259
"7263",1.65410162618373,-0.74882633516035,-1.32558066248296
"7264",1.65203525398871,-0.749900424828293,-1.32636150264415
"7265",1.65086007003825,-0.750510818186269,-1.32680505333112
"7266",1.6507971056937,-0.75054351257909,-1.32682880722483
"7267",1.64978956461135,-0.751066550218431,-1.32720876231563
"7268",1.64962162067212,-0.751153709861958,-1.32727206854235
"7269",1.64940118539182,-0.751268101128037,-1.32735514945614
"7270",1.6483408560952,-0.751818177191605,-1.32775459413788
"7271",1.64805780628121,-0.751964971325374,-1.32786117136333
"7272",1.64764784183253,-0.752177551014803,-1.32801549666317
"7273",1.64668543808973,-0.752676428286414,-1.32837759718376
"7274",1.64667115281039,-0.752683831599106,-1.32838297003245
"7275",1.64578925630664,-0.753140776741955,-1.32871455157465
"7276",1.64533751946159,-0.753374766387508,-1.32888431539948
"7277",1.64426578831823,-0.753929701685556,-1.32928684885234
"7278",1.64244750303342,-0.754870561813373,-1.32996905549565
"7279",1.64223680783314,-0.754979532966962,-1.33004804762796
"7280",1.64221578225944,-0.754990406763786,-1.33005592969191
"7281",1.64200930733874,-0.755097183722776,-1.33013332648841
"7282",1.64114714274558,-0.755542934194592,-1.33045638020916
"7283",1.64070169952507,-0.755773163736108,-1.33062320764304
"7284",1.64031258742967,-0.75597423896219,-1.33076889307762
"7285",1.63812456022293,-0.75710422847095,-1.33158732212638
"7286",1.63652498699485,-0.757929582541985,-1.33218480408837
"7287",1.63602353847771,-0.758188194462672,-1.3323719626458
"7288",1.63583071464593,-0.758287623255786,-1.33244391293378
"7289",1.63440938846289,-0.759020246571077,-1.33297395001792
"7290",1.63431461841077,-0.759069078463948,-1.3330092715825
"7291",1.63320882940149,-0.759638694622266,-1.33342122494413
"7292",1.63131215186743,-0.760615026053151,-1.33412703243389
"7293",1.62901504411465,-0.761796317464817,-1.33498052316914
"7294",1.62883583074969,-0.761888424567697,-1.33504704875535
"7295",1.62875104694198,-0.761931996685711,-1.33507851817028
"7296",1.62697960465475,-0.762841979233654,-1.33573557571305
"7297",1.6269728561434,-0.762845444465081,-1.33573807719547
"7298",1.62651599299988,-0.763080009339473,-1.33590739427544
"7299",1.62627295348611,-0.76320477129215,-1.33599744320443
"7300",1.6252919062477,-0.763708237104475,-1.33636076707992
"7301",1.62444783340515,-0.764141222498152,-1.33667315133182
"7302",1.62428955313597,-0.764222396603049,-1.33673170768362
"7303",1.62263257129009,-0.76507181690517,-1.33734430000709
"7304",1.6225202567455,-0.76512936880747,-1.33738579575998
"7305",1.62216133565582,-0.765313265699336,-1.33751837953871
"7306",1.61784836992503,-0.767520623810971,-1.33910879753973
"7307",1.61782047551689,-0.767534885434692,-1.33911906703314
"7308",1.61780643119992,-0.767542065826559,-1.33912423745161
"7309",1.61756306728611,-0.767666482136572,-1.33921382332342
"7310",1.61740500529123,-0.767747281407334,-1.33927199957333
"7311",1.61629484907548,-0.768314609196828,-1.33968040990764
"7312",1.61542803934425,-0.768757371895201,-1.33999906123062
"7313",1.61450853060562,-0.769226854943119,-1.34033685990082
"7314",1.61359876537826,-0.769691162510612,-1.34067085065635
"7315",1.61260485802175,-0.770198184795437,-1.34103547180304
"7316",1.61210778254591,-0.770451668768813,-1.34121772537467
"7317",1.61145138140125,-0.770786309763447,-1.34145829211686
"7318",1.61128208835696,-0.770872600503967,-1.34152031774274
"7319",1.61050284074852,-0.771269703549115,-1.34180571730828
"7320",1.61025606814659,-0.771395427892177,-1.3418960630986
"7321",1.60858316921981,-0.772247340607323,-1.34250808706195
"7322",1.60707957949949,-0.77301245897392,-1.34305751541744
"7323",1.6068148139265,-0.773147131560547,-1.343154199561
"7324",1.60188749358456,-0.775650329804738,-1.34495000167259
"7325",1.59978786274781,-0.776715220934437,-1.34571321123558
"7326",1.5993534237177,-0.776935427658812,-1.34587097806786
"7327",1.59876997573306,-0.777231092189251,-1.34608277646294
"7328",1.59803746411234,-0.777602179653707,-1.34634855500954
"7329",1.59570304850956,-0.778783926716544,-1.34719457770263
"7330",1.59444979215406,-0.77941782150389,-1.34764816047138
"7331",1.59380247441262,-0.779745086238378,-1.34788227204598
"7332",1.59355821165457,-0.779868552188676,-1.34797058340627
"7333",1.59354714216605,-0.779874147074447,-1.34797458511099
"7334",1.59255979033475,-0.780373069302187,-1.34833138591342
"7335",1.59197551071962,-0.780668203737081,-1.34854240270537
"7336",1.59103552391992,-0.781142843365977,-1.34888169040477
"7337",1.5890313281896,-0.782154141603593,-1.34960429967633
"7338",1.58858482730048,-0.782379310841991,-1.34976513574382
"7339",1.58853211920587,-0.782405888250498,-1.34978411837745
"7340",1.58796816211364,-0.782690215093589,-1.34998717817399
"7341",1.58728761144134,-0.78303322295726,-1.35023210363935
"7342",1.58687285325725,-0.783242213069494,-1.35038131039487
"7343",1.58676649919541,-0.783295796580806,-1.35041956308415
"7344",1.5863942413032,-0.78348332698652,-1.35055342996713
"7345",1.58571346601537,-0.783826191917035,-1.35079814459851
"7346",1.58545847971316,-0.78395458443386,-1.35088977068981
"7347",1.58501514602134,-0.784177777983547,-1.35104903491021
"7348",1.58458571817083,-0.784393925956899,-1.35120325258594
"7349",1.58431970104252,-0.784527800773474,-1.35129876045435
"7350",1.58423502239052,-0.784570412298691,-1.35132915850918
"7351",1.58302177463799,-0.785180748126594,-1.3517644776862
"7352",1.58273438128081,-0.785325272601946,-1.35186753718634
"7353",1.58159483152329,-0.785898135720205,-1.35227595969295
"7354",1.58061520119051,-0.786390358021815,-1.35262678389639
"7355",1.57942233612311,-0.786989412534086,-1.35305361950851
"7356",1.57912407323898,-0.7871391465374,-1.35316028469929
"7357",1.57885775133148,-0.787272827596976,-1.35325550669921
"7358",1.57828628196884,-0.787559621237476,-1.3534597675764
"7359",1.57827179078828,-0.78756689266841,-1.35346494602126
"7360",1.57696110938656,-0.788224363576727,-1.3539330842503
"7361",1.576044484016,-0.788683922766295,-1.35426019983667
"7362",1.575725140301,-0.788843981878644,-1.35437411031276
"7363",1.57558655604704,-0.788913434502692,-1.35442353495794
"7364",1.57504238964289,-0.789186103669655,-1.35461755591227
"7365",1.57446662318535,-0.789474530110817,-1.35482275634263
"7366",1.57225932547428,-0.790579530256985,-1.35560859411438
"7367",1.56991180535482,-0.79175345541508,-1.35644290507994
"7368",1.56948825180096,-0.791965122424999,-1.35659327751405
"7369",1.56933541923856,-0.792041488627632,-1.35664752509129
"7370",1.56902584979926,-0.792196154897425,-1.35675738669965
"7371",1.56900449944218,-0.792206821067038,-1.35676496266893
"7372",1.56880121486299,-0.792308372152468,-1.35683709007083
"7373",1.56828419286849,-0.792566606931857,-1.35702048425107
"7374",1.56796844089816,-0.792724282983906,-1.35713244985354
"7375",1.5675901494339,-0.792913157991258,-1.3572665564319
"7376",1.5674563438874,-0.792979956866554,-1.3573139820263
"7377",1.5671251728746,-0.793145266932878,-1.35743134035379
"7378",1.56694374029804,-0.793235821274544,-1.35749562272493
"7379",1.56556584514005,-0.793923283800171,-1.35798352658023
"7380",1.56466794525683,-0.794371023418315,-1.35830119092758
"7381",1.56383490122128,-0.794786251404824,-1.35859571531402
"7382",1.56162177301786,-0.795888577935082,-1.35937726050466
"7383",1.56139039932795,-0.796003754686284,-1.35945889154497
"7384",1.5608946794912,-0.796250478995208,-1.35963373799195
"7385",1.56080958396751,-0.796292825958907,-1.35966374555172
"7386",1.56073427629265,-0.796330300662557,-1.35969029995446
"7387",1.56056702459093,-0.796413523864589,-1.35974926946441
"7388",1.56008191438729,-0.796654873587987,-1.35992026663521
"7389",1.55888390310119,-0.797250663681201,-1.36034228331421
"7390",1.55812429409446,-0.797628253405497,-1.3606096660502
"7391",1.55784995045529,-0.797764591794717,-1.36070619693104
"7392",1.55762138806128,-0.797878165059414,-1.36078660368913
"7393",1.55733291324486,-0.798021491349659,-1.36088806716515
"7394",1.55635854053583,-0.798505454991425,-1.36123061169763
"7395",1.55557027093534,-0.798896818718505,-1.36150754407153
"7396",1.55553475269356,-0.798914449530079,-1.36152001829395
"7397",1.55413555253243,-0.799608758588751,-1.36201115618672
"7398",1.55300763050553,-0.800168119038736,-1.36240668915077
"7399",1.55228949075684,-0.800524103980492,-1.36265834427982
"7400",1.55223592776936,-0.800550650528511,-1.36267710862318
"7401",1.55140026846111,-0.800964727489873,-1.36296975967018
"7402",1.55114311353139,-0.801092117185629,-1.36305977865039
"7403",1.55103596162,-0.80114519364207,-1.36309728273961
"7404",1.55023838382796,-0.801540179983227,-1.36337634520964
"7405",1.55005005304071,-0.801633425734277,-1.36344221493995
"7406",1.54911068302374,-0.80209839967806,-1.36377062307246
"7407",1.54828134652149,-0.802508737116405,-1.36406036686084
"7408",1.54818485314589,-0.802556469471342,-1.36409406663833
"7409",1.54773452548336,-0.802779204179504,-1.36425130818889
"7410",1.54728415626293,-0.803001912070005,-1.36440851007909
"7411",1.5470911281673,-0.803097350098962,-1.36447587017584
"7412",1.54643737422102,-0.803420518185409,-1.36470393370264
"7413",1.5447746504216,-0.80424199812824,-1.36528346494431
"7414",1.54462444114078,-0.80431617832677,-1.36533578308947
"7415",1.54378702294893,-0.804729637432503,-1.36562734710736
"7416",1.54373723091196,-0.804754216154596,-1.36564467732669
"7417",1.5434117479922,-0.804914869298596,-1.36575794605895
"7418",1.54337921936064,-0.804930923555479,-1.36576926454048
"7419",1.54319676996407,-0.805020965499767,-1.36583274339755
"7420",1.5415904953817,-0.805813356267668,-1.36639122568124
"7421",1.54145824930975,-0.805878567855483,-1.36643717548214
"7422",1.54015898567977,-0.806519029506524,-1.36688836647113
"7423",1.53967524720111,-0.806757384644604,-1.36705623823586
"7424",1.53964302656497,-0.806773258972974,-1.3670674175574
"7425",1.53817139423804,-0.807498040699554,-1.36757772388302
"7426",1.53795652087784,-0.807603824357887,-1.36765218578644
"7427",1.53664559214871,-0.808248972836512,-1.36810620820867
"7428",1.53424849431733,-0.809427634077186,-1.3689352345786
"7429",1.53396893713341,-0.809565007181621,-1.36903181937679
"7430",1.53360379348147,-0.809744410016348,-1.36915794253554
"7431",1.53342440202403,-0.80983253762435,-1.36921989269611
"7432",1.533119872286,-0.809982123565765,-1.36932503804022
"7433",1.53301187313545,-0.810035167962204,-1.36936232115506
"7434",1.5325924279087,-0.810241155464387,-1.36950709147755
"7435",1.53221984619847,-0.810424094648373,-1.36963564806259
"7436",1.53028334713588,-0.811374411054668,-1.3703032334027
"7437",1.52988132144174,-0.811571593206789,-1.37044170320193
"7438",1.52874095412783,-0.812130709664289,-1.37083424868736
"7439",1.52813080774404,-0.812429739325003,-1.37104413720412
"7440",1.52730183542283,-0.812835878228549,-1.37132914437499
"7441",1.52537034087679,-0.81378156835711,-1.37199250711257
"7442",1.52528417328106,-0.81382373755918,-1.37202207815432
"7443",1.52232127479745,-0.815272710740293,-1.37303770328957
"7444",1.52078376961584,-0.816023825305406,-1.37356382503734
"7445",1.51975563236269,-0.816525800436312,-1.37391530044462
"7446",1.51964780413227,-0.816578432354701,-1.37395214622743
"7447",1.51872038787042,-0.817031003895136,-1.37426892656485
"7448",1.51856985333995,-0.817104445168866,-1.37432032391617
"7449",1.51851547100446,-0.817130975416851,-1.37433889034827
"7450",1.51807371025785,-0.817346462219243,-1.37448968133602
"7451",1.51711352343037,-0.817814680468543,-1.37481725679144
"7452",1.51702733877117,-0.817856696727531,-1.37484664762606
"7453",1.5168331433733,-0.817951363630956,-1.37491286536609
"7454",1.51659532728718,-0.818067283280098,-1.374993943726
"7455",1.51658453794232,-0.818072542071308,-1.37499762177529
"7456",1.51410272444888,-0.819281495971169,-1.37584285785823
"7457",1.51336876632998,-0.819638759917335,-1.37609251641489
"7458",1.51283973237184,-0.819896199211908,-1.37627238243918
"7459",1.51204068103749,-0.820284915624757,-1.37654391372825
"7460",1.50968943987906,-0.821427899075442,-1.37734194453671
"7461",1.50946947098895,-0.821534766841753,-1.37741653048513
"7462",1.50787021315422,-0.822311411027173,-1.37795842203992
"7463",1.50785940569719,-0.822316657485395,-1.37796208177974
"7464",1.50742017292158,-0.822529860081382,-1.37811079403371
"7465",1.50735143009557,-0.822563223795786,-1.37813406396511
"7466",1.50700554622839,-0.822731079426929,-1.37825112954615
"7467",1.50648713482776,-0.822982611785791,-1.37842652972969
"7468",1.50560015885958,-0.823412832102556,-1.37872646956521
"7469",1.50540599437779,-0.82350698658176,-1.37879210111687
"7470",1.50444359267595,-0.823973551678344,-1.37911726878423
"7471",1.50339448303276,-0.824481917399011,-1.37947146023989
"7472",1.50276662349619,-0.824786041524411,-1.37968329707451
"7473",1.50270205062921,-0.82481731452352,-1.37970507789272
"7474",1.50167435867102,-0.825314906976672,-1.38005158004475
"7475",1.50013767625186,-0.826058508252113,-1.38056918914496
"7476",1.49950943215516,-0.826362365442033,-1.38078062921594
"7477",1.49882744268984,-0.826692118505834,-1.38101004294302
"7478",1.49842686871496,-0.826885754734111,-1.38114473595754
"7479",1.49828611940317,-0.826953784118226,-1.38119205314579
"7480",1.4977668555259,-0.827204725920863,-1.38136657564191
"7481",1.49769060070471,-0.827241572167157,-1.38139219875843
"7482",1.4971924798355,-0.827482232126943,-1.38155954048233
"7483",1.49701920959144,-0.827565932359184,-1.3816177350273
"7484",1.49691091285705,-0.827618243017655,-1.38165410366342
"7485",1.49645650077542,-0.827837709929387,-1.38180667337657
"7486",1.49634773474665,-0.827890233806542,-1.38184318393384
"7487",1.49629357990498,-0.827916384589251,-1.38186136149022
"7488",1.49358560437993,-0.829223215574689,-1.38276936120924
"7489",1.49231713478855,-0.829834808749743,-1.38319404221867
"7490",1.49228507612446,-0.829850261291449,-1.38320477007638
"7491",1.49189439876412,-0.83003855297873,-1.38333548220741
"7492",1.49112517683544,-0.830409191420703,-1.38359273342761
"7493",1.49082161116687,-0.830555424619753,-1.38369421355367
"7494",1.48991035472453,-0.830994273083297,-1.38399870006981
"7495",1.48968263160374,-0.831103913137826,-1.38407475830383
"7496",1.48951996645255,-0.831182223334896,-1.38412907947013
"7497",1.485886319494,-0.832930034255759,-1.38534076510206
"7498",1.48519177119684,-0.833263791360333,-1.3855719898997
"7499",1.48416018220923,-0.833759317012196,-1.38591519487241
"7500",1.4834654186837,-0.834092918474663,-1.38614618786566
"7501",1.48089187167292,-0.835327740938502,-1.38700077125184
"7502",1.48071808761664,-0.835411073527187,-1.38705841852877
"7503",1.48060980626176,-0.835462993109853,-1.38709433354013
"7504",1.4801971626206,-0.835660827605415,-1.38723117305878
"7505",1.4800268096162,-0.835742489601022,-1.38728765244814
"7506",1.47938240323675,-0.836051341913645,-1.38750123492651
"7507",1.4784371352821,-0.836504230729141,-1.38781434606691
"7508",1.47838234526855,-0.836530475392571,-1.38783248785323
"7509",1.47786696848609,-0.836777311758421,-1.38800309981111
"7510",1.47782860354375,-0.836795684126614,-1.38801579759267
"7511",1.47753472146458,-0.836936409199538,-1.3881130525218
"7512",1.47649131866745,-0.837435892286114,-1.38845817245266
"7513",1.4728596615019,-0.839172578686984,-1.38965726440531
"7514",1.47241370098363,-0.839385647134301,-1.38980428294563
"7515",1.47081448619258,-0.840149364055405,-1.39033108285894
"7516",1.46996574384893,-0.840554467342511,-1.39061040905721
"7517",1.46977032277302,-0.840647719920056,-1.39067469785353
"7518",1.46911733768764,-0.840959257998645,-1.39088944505086
"7519",1.46870328232938,-0.841156756468936,-1.3910255603742
"7520",1.46646457239589,-0.842223963101325,-1.39176076791084
"7521",1.46622733176062,-0.842336995333282,-1.39183860629106
"7522",1.46536079540323,-0.842749752178001,-1.39212279704688
"7523",1.46451126099884,-0.843154257453625,-1.39240123080415
"7524",1.46442458293009,-0.843195520650856,-1.39242962935475
"7525",1.46385768974015,-0.843465351994388,-1.39261531602252
"7526",1.4625834787792,-0.844071608715294,-1.39303239483754
"7527",1.46171128994936,-0.844486391604406,-1.39331765062926
"7528",1.45833213940851,-0.846091900739075,-1.39442105066306
"7529",1.45720930541955,-0.846624858201782,-1.39478706774357
"7530",1.45643508176354,-0.846992194052194,-1.39503926520022
"7531",1.45514279572273,-0.847605051606103,-1.39545988880375
"7532",1.45403460573109,-0.84813032776709,-1.39582026422171
"7533",1.45305250816275,-0.848595624813645,-1.39613938310995
"7534",1.45298749083064,-0.848626421627235,-1.39616050122633
"7535",1.45260551721251,-0.848807333787836,-1.39628454816746
"7536",1.45254003362226,-0.848838345417503,-1.39630581054147
"7537",1.45222305819017,-0.848988445723172,-1.39640871687934
"7538",1.45002883976644,-0.850026927328721,-1.39712039640328
"7539",1.44921036264634,-0.850414043597822,-1.39738556188212
"7540",1.44822703081622,-0.850878949780181,-1.3977039193804
"7541",1.44540161433126,-0.852213668202309,-1.39861734490942
"7542",1.44472019250292,-0.852535325946006,-1.39883734957227
"7543",1.44420690312666,-0.852777556125,-1.39900299610718
"7544",1.44388962433071,-0.852927258676809,-1.39910535487368
"7545",1.44219536165021,-0.853726320900359,-1.39965153417211
"7546",1.44187831991568,-0.853875781989132,-1.39975366137674
"7547",1.44150659552361,-0.854050995822069,-1.39987337215769
"7548",1.44092756152967,-0.854323870079417,-1.40005977844775
"7549",1.44091616476427,-0.854329240211524,-1.40006344654987
"7550",1.44089429589964,-0.85433954470126,-1.40007048505771
"7551",1.4406756030972,-0.854442586227794,-1.40014086508972
"7552",1.44006322307992,-0.854731069896466,-1.40033788036513
"7553",1.43968045554035,-0.854911347788342,-1.40046097837948
"7554",1.43893672696582,-0.855261548318474,-1.40070005989069
"7555",1.43812727657413,-0.855642568393166,-1.40096011627626
"7556",1.43684726058558,-0.856244820833386,-1.40137103009312
"7557",1.43582495294293,-0.85672558356851,-1.40169892922812
"7558",1.43532622585033,-0.85696004474755,-1.40185880137973
"7559",1.43435260019735,-0.857417620972105,-1.40217073421311
"7560",1.43382672535869,-0.857664688054349,-1.40233912033072
"7561",1.43372820586517,-0.857710968426802,-1.40237065904454
"7562",1.43356400338358,-0.857788099623793,-1.40242321943409
"7563",1.43230497980729,-0.858379324308211,-1.40282601075188
"7564",1.4319217503923,-0.858559222050727,-1.40294853912308
"7565",1.43138519141245,-0.85881104737099,-1.40312003156943
"7566",1.43068431338585,-0.859139906696066,-1.40334393863493
"7567",1.42964427260617,-0.859627724399342,-1.40367597935196
"7568",1.42953427312094,-0.85967930565079,-1.40371108231539
"7569",1.42881523267229,-0.860016420759831,-1.40394047051326
"7570",1.42763432431191,-0.860569855372888,-1.40431693475615
"7571",1.42751146890363,-0.86062741587331,-1.4043560808973
"7572",1.42691627768887,-0.86090623389928,-1.40454567900055
"7573",1.42666423754131,-0.861024281259574,-1.40462594080449
"7574",1.42472384171241,-0.861932678601805,-1.40524334815919
"7575",1.4241866987736,-0.862184010985891,-1.40541410067093
"7576",1.42245439437409,-0.862994179363486,-1.40596431428753
"7577",1.42199383350488,-0.86320947628813,-1.40611047699052
"7578",1.42139067066517,-0.863491371907811,-1.40630181916051
"7579",1.42105114626512,-0.86365002143835,-1.40640948884498
"7580",1.41894503460225,-0.864633639534594,-1.40707676456124
"7581",1.41795757117694,-0.865094516312872,-1.40738925798124
"7582",1.41739748146628,-0.865355841273506,-1.40756640154288
"7583",1.41693188899938,-0.865573029459117,-1.40771360115921
"7584",1.41601502162981,-0.866000603627165,-1.40800332360236
"7585",1.41570735525702,-0.866144044874308,-1.4081004989872
"7586",1.41391800584827,-0.866977917030389,-1.40866521495076
"7587",1.41385213143869,-0.867008603954277,-1.40868599036353
"7588",1.41383017316381,-0.867018832806516,-1.40869291531684
"7589",1.41306159000358,-0.867376804083031,-1.40893523063027
"7590",1.41285295998299,-0.867473954780723,-1.40900098245114
"7591",1.41104137626859,-0.868317183582077,-1.40957148917815
"7592",1.41050269851238,-0.86856779705836,-1.40974098113531
"7593",1.40996444415138,-0.868818157711324,-1.40991027159225
"7594",1.40912951963407,-0.869206399542707,-1.41017273505816
"7595",1.40881136868345,-0.869354305198819,-1.41027270452968
"7596",1.40806421421626,-0.86970157447319,-1.4105073819994
"7597",1.40798683216448,-0.869737534685372,-1.41053167981371
"7598",1.40748181887551,-0.869972191193295,-1.41069021845004
"7599",1.40610805695506,-0.870610268046441,-1.41112117995601
"7600",1.40591021354417,-0.870702131432805,-1.41118320873184
"7601",1.4057338833734,-0.870783999403521,-1.41123848483969
"7602",1.40537510576399,-0.870950557170298,-1.41135093218982
"7603",1.40504183639571,-0.871105251041057,-1.41145535776286
"7604",1.40468959403558,-0.871268728565343,-1.41156569997742
"7605",1.40438223949982,-0.871411354070919,-1.41166195703926
"7606",1.40278796528292,-0.872150875819734,-1.41216089573201
"7607",1.40240262299344,-0.872329548500743,-1.41228140192223
"7608",1.3993338755941,-0.873751436648902,-1.4132398381418
"7609",1.39730934141102,-0.874688518237739,-1.41387094170737
"7610",1.39628632645625,-0.875161739776603,-1.41418948108391
"7611",1.39562594197958,-0.875467112746908,-1.41439497784907
"7612",1.3950641038219,-0.875726851676489,-1.41456972945624
"7613",1.39443697839835,-0.876016703019976,-1.4147647011591
"7614",1.39385315675485,-0.87628647344427,-1.41494612779767
"7615",1.39299436706007,-0.876683184118854,-1.41521285901683
"7616",1.39148620945748,-0.877379530846109,-1.41568086366215
"7617",1.3912437962261,-0.877491418268157,-1.41575603911757
"7618",1.39043944210023,-0.877862594654316,-1.41600538227318
"7619",1.38959128172158,-0.878253855197568,-1.41626814298594
"7620",1.38745440804058,-0.879239012251733,-1.41692941153628
"7621",1.38682584817573,-0.879528634146019,-1.41712372272647
"7622",1.38548530451399,-0.880146072756741,-1.4175378304746
"7623",1.38425784770901,-0.880711133473472,-1.41791664178482
"7624",1.38102736331688,-0.88219696231127,-1.41891196262687
"7625",1.37974850165775,-0.882784632076453,-1.41930532197799
"7626",1.37896489684462,-0.883144570556558,-1.41954616244249
"7627",1.37862340553521,-0.883301394911591,-1.41965107563078
"7628",1.37769627048322,-0.883727059190139,-1.41993577619246
"7629",1.37725496212968,-0.883929616610198,-1.42007122220746
"7630",1.37724392911066,-0.883934680232774,-1.42007460788291
"7631",1.37646686463691,-0.884291259444481,-1.42031299381639
"7632",1.3751868089464,-0.884878411384397,-1.42070538564545
"7633",1.37462867857893,-0.885134328301339,-1.42087635948485
"7634",1.37349580519774,-0.885653605533189,-1.42122317790367
"7635",1.37274120306107,-0.885999364750968,-1.42145403001713
"7636",1.3725929751154,-0.886067270777612,-1.42149936151371
"7637",1.37135015342044,-0.886636474488391,-1.42187924820625
"7638",1.37033431787001,-0.88710151269556,-1.4221894924316
"7639",1.36995933567538,-0.887273128264835,-1.42230395570746
"7640",1.36994782584672,-0.887278395488816,-1.42230746857615
"7641",1.36953450930704,-0.887467525010677,-1.42243359531852
"7642",1.36746280322439,-0.888415052794279,-1.42306520801632
"7643",1.3671871107602,-0.888541086834301,-1.4231491864977
"7644",1.36707617726069,-0.888591796718014,-1.42318297300595
"7645",1.36538585876584,-0.889364200679583,-1.42369744037879
"7646",1.36533108103,-0.889389223192264,-1.42371410176214
"7647",1.36474499496686,-0.889656914030834,-1.4238923251499
"7648",1.36454656347205,-0.889747532293995,-1.42395264871087
"7649",1.36391149624104,-0.890037502709999,-1.42414565044227
"7650",1.36378758680254,-0.890094071072358,-1.42418329680887
"7651",1.36326465837565,-0.890332773197067,-1.42434213548186
"7652",1.36190471583093,-0.890953319271335,-1.42475492609766
"7653",1.36152888721497,-0.891124752641125,-1.42486892957216
"7654",1.36083292211291,-0.891442148805425,-1.42507995858755
"7655",1.36024652248914,-0.89170951019274,-1.42525768040072
"7656",1.35967160622304,-0.891971576229003,-1.42543184647771
"7657",1.35863270315971,-0.892444993238839,-1.42574638410274
"7658",1.35835625339726,-0.892570935989931,-1.425830040797
"7659",1.3567632602908,-0.893296393459652,-1.42631176169175
"7660",1.35639826464647,-0.893462550744846,-1.42642205570294
"7661",1.35574565783366,-0.893759578412008,-1.42661918488076
"7662",1.35226102889997,-0.895344292479645,-1.42767014231941
"7663",1.3509475875835,-0.895941050792088,-1.42806556434513
"7664",1.35084399196944,-0.895988106165848,-1.42809673612429
"7665",1.35012853773027,-0.896313029145141,-1.42831194944997
"7666",1.34932756392695,-0.89667668336179,-1.42855275110579
"7667",1.34698444122151,-0.897739845913831,-1.42925635097132
"7668",1.34668148422106,-0.897877238144446,-1.4293472338154
"7669",1.34524232627942,-0.898529681279261,-1.42977867974272
"7670",1.34493175374486,-0.898670431696004,-1.42987172551331
"7671",1.34441166543019,-0.898906095954973,-1.43002749259918
"7672",1.34406830272903,-0.899061655612671,-1.43013029692251
"7673",1.34331460481181,-0.899403044012755,-1.43035586480136
"7674",1.34314844258625,-0.899478293972938,-1.43040557696876
"7675",1.34155312648717,-0.900200518873927,-1.43088254663426
"7676",1.34023854892856,-0.900795313648277,-1.43127515265996
"7677",1.33942559247356,-0.90116299312253,-1.43151775327697
"7678",1.338051759039,-0.901784080234723,-1.43192739374396
"7679",1.33573844180831,-0.902829147506995,-1.43261621060056
"7680",1.33572336261499,-0.902835956641692,-1.43262069668531
"7681",1.33288469467851,-0.904117075485506,-1.43346430167447
"7682",1.33125427670827,-0.904852265870404,-1.43394802287625
"7683",1.33014545123201,-0.905351995525562,-1.43427665705668
"7684",1.32743773939378,-0.906571422454969,-1.43507802043024
"7685",1.32684248405984,-0.906839327652036,-1.43525397124755
"7686",1.32609491776137,-0.907175696415042,-1.43547483198124
"7687",1.32528516065787,-0.907539939230758,-1.43571392632545
"7688",1.3249184013012,-0.907704876755078,-1.43582217027106
"7689",1.32333144699686,-0.908418288285635,-1.43629019386834
"7690",1.32329056802283,-0.908436659602355,-1.4363022424899
"7691",1.32283138258779,-0.908643001217581,-1.43643755681509
"7692",1.32258759589392,-0.908752535554164,-1.43650937770806
"7693",1.32219852387654,-0.908927325998041,-1.4366239731595
"7694",1.32172154529263,-0.909141572928526,-1.43676441442085
"7695",1.32141016622646,-0.909281415580644,-1.43685606946985
"7696",1.32113302924426,-0.909405865851643,-1.43693762722486
"7697",1.31871784312431,-0.910489863957172,-1.43764766461756
"7698",1.31864483877118,-0.910522614632798,-1.43766910696702
"7699",1.31697905682519,-0.911269657556277,-1.43815804892513
"7700",1.31696747773737,-0.911274848696723,-1.43816144548284
"7701",1.31645643450421,-0.911503936936482,-1.43831132309255
"7702",1.31356741280089,-0.912798176338497,-1.43915752372788
"7703",1.31273434859992,-0.913171112526423,-1.43940118770206
"7704",1.31241155931088,-0.913315583195725,-1.43949555957662
"7705",1.30855400436672,-0.915040736734537,-1.44062159097679
"7706",1.30850987226446,-0.91506045862365,-1.44063445429552
"7707",1.30739754983752,-0.915557427673231,-1.4409585247165
"7708",1.30688599721717,-0.915785911390411,-1.44110747198658
"7709",1.30636730106795,-0.916017540520684,-1.44125844042904
"7710",1.30613008424729,-0.916123456975966,-1.44132746354397
"7711",1.30414984761248,-0.917007254361969,-1.44190317137822
"7712",1.30411694559971,-0.917021933231542,-1.44191272959516
"7713",1.30276560594408,-0.917624660687067,-1.44230509577699
"7714",1.30235917261108,-0.917805878733609,-1.44242302665989
"7715",1.30165773049897,-0.918118568051983,-1.44262647212124
"7716",1.3008120477568,-0.918495446902355,-1.44287160938972
"7717",1.2989985081936,-0.919303245978641,-1.44339676946525
"7718",1.29824117478283,-0.919640419010624,-1.44361586267027
"7719",1.29742906713638,-0.920001871184719,-1.4438506621719
"7720",1.29711737573849,-0.920140569153215,-1.44394074114965
"7721",1.29650509654121,-0.920412976751052,-1.4441176282139
"7722",1.29626371266158,-0.920520352987237,-1.44418734130322
"7723",1.29593731335879,-0.9206655316287,-1.44428158706621
"7724",1.29540289990264,-0.920903194070165,-1.44443584528333
"7725",1.2946341600837,-0.921244981523772,-1.44465763213019
"7726",1.2937210687839,-0.921650820425019,-1.44492089750196
"7727",1.29340926266455,-0.92178937605639,-1.44501075668986
"7728",1.29264084244085,-0.922130765640924,-1.44523211650289
"7729",1.29185008862083,-0.922481974718039,-1.44545977535473
"7730",1.29180553728594,-0.922501758855468,-1.44547259766841
"7731",1.2910592735595,-0.922833106854645,-1.4456873153313
"7732",1.29042482068858,-0.923114736927897,-1.44586976681265
"7733",1.29041722162369,-0.923118109704569,-1.44587195156603
"7734",1.28822966170029,-0.924088639744891,-1.44650035804443
"7735",1.28650254941023,-0.924854327616079,-1.44699575832442
"7736",1.2840288519179,-0.925950142896154,-1.44770417689887
"7737",1.28373857489801,-0.926078665552906,-1.44778721937749
"7738",1.28329270440025,-0.926276051508454,-1.44791473841128
"7739",1.28321514647928,-0.926310382895751,-1.44793691558148
"7740",1.28255697688565,-0.926601684952008,-1.44812506222499
"7741",1.28195497993789,-0.92686806286959,-1.44829706883838
"7742",1.28022683611634,-0.927632418966711,-1.44879040899293
"7743",1.27981828541085,-0.927813048796336,-1.44890694498393
"7744",1.27970914823166,-0.927861296261791,-1.44893806941564
"7745",1.27949089627124,-0.927957775429715,-1.44900030415132
"7746",1.27917913560525,-0.928095576950957,-1.44908918507852
"7747",1.27782974204975,-0.92869183953093,-1.44947364566616
"7748",1.27776637012984,-0.928719834633902,-1.44949169149864
"7749",1.27701509167484,-0.929051668425299,-1.44970555986793
"7750",1.27601122520576,-0.929494924311345,-1.44999114257364
"7751",1.27487339760511,-0.929997131561766,-1.45031457153095
"7752",1.27439368955898,-0.93020879881232,-1.45045084533844
"7753",1.27090122861181,-0.931748689363834,-1.45144147455201
"7754",1.27085706125488,-0.931768150872844,-1.45145398568708
"7755",1.26993028434235,-0.932176444562223,-1.45171641364929
"7756",1.26966242270754,-0.932294425672392,-1.45179222740818
"7757",1.26942851044238,-0.932397444087411,-1.45185841972758
"7758",1.26835650502284,-0.932869457729071,-1.45216162433527
"7759",1.26448297716509,-0.934573458826687,-1.45325514795836
"7760",1.26408690982057,-0.934747556189335,-1.4533667788536
"7761",1.26383484821316,-0.934858340513142,-1.45343780444826
"7762",1.26310898220415,-0.935177310871583,-1.45364226187513
"7763",1.26297544335087,-0.935235983184368,-1.45367986395887
"7764",1.2603391017796,-0.936393713336387,-1.45442142645008
"7765",1.25997047877496,-0.936555502606544,-1.45452499578528
"7766",1.25941193671165,-0.936800606208365,-1.45468186986245
"7767",1.25896508370037,-0.936996661629383,-1.45480732647832
"7768",1.25662284802897,-0.938023788386206,-1.45546422421887
"7769",1.25607129613788,-0.938265529779374,-1.45561874052298
"7770",1.25550139282301,-0.938515263532948,-1.45577832967723
"7771",1.25542364118094,-0.938549330580087,-1.45580009697304
"7772",1.25502488897638,-0.938724029574477,-1.45591171107646
"7773",1.25465207406698,-0.93888734217298,-1.45601603440437
"7774",1.25460737138997,-0.938906922818531,-1.45602854138627
"7775",1.25447326234644,-0.938965663290725,-1.45606606005594
"7776",1.2539144583338,-0.939210391613457,-1.45622235109641
"7777",1.25344906744162,-0.93941417174755,-1.45635246471142
"7778",1.25312091146845,-0.939557840305757,-1.45644418252218
"7779",1.2527297069348,-0.939729089533155,-1.4565534920539
"7780",1.25227142245983,-0.939929672004736,-1.45668150341435
"7781",1.251634266089,-0.940208487957793,-1.45685940418671
"7782",1.24993548990324,-0.940951548150135,-1.45733329768527
"7783",1.24773281846415,-0.941914336948812,-1.45794684402431
"7784",1.24478039183364,-0.943203643498463,-1.45876761421535
"7785",1.24471281004094,-0.943233139985345,-1.45878638017966
"7786",1.2441311848055,-0.943486964196861,-1.45894784453276
"7787",1.24377727601453,-0.943641385778501,-1.45904605764144
"7788",1.24292357977472,-0.944013799461797,-1.45928285725315
"7789",1.24197222214441,-0.944428681917574,-1.45954656427347
"7790",1.24064086229873,-0.945009043384182,-1.45991528217
"7791",1.24056254261817,-0.945043175567959,-1.4599369609822
"7792",1.24035043128877,-0.945135610131103,-1.45999566667152
"7793",1.23985764358215,-0.945350331592184,-1.46013201790763
"7794",1.23944363690768,-0.945530696597468,-1.4602465311964
"7795",1.23787700273467,-0.946212969815855,-1.46067953031646
"7796",1.23721672054529,-0.946500409711908,-1.46086186900759
"7797",1.23703765508287,-0.946578350363658,-1.4609113025279
"7798",1.23486676072921,-0.947522864256416,-1.46151006931331
"7799",1.23483270668236,-0.947537674670637,-1.46151945402626
"7800",1.23419465630503,-0.947815135264652,-1.46169524454189
"7801",1.23417226800127,-0.947824869824323,-1.46170141122729
"7802",1.23345103759567,-0.948138423214394,-1.46190001199491
"7803",1.23188893198413,-0.948817268797578,-1.46232978330038
"7804",1.23187726242799,-0.948822338624593,-1.46233299192939
"7805",1.23159782957872,-0.948943731654736,-1.4624098154488
"7806",1.2272188535913,-0.950844500813981,-1.46361156676782
"7807",1.22623321389319,-0.95127192778026,-1.46388150710247
"7808",1.22561236577051,-0.951541084809289,-1.46405143621993
"7809",1.22447456637396,-0.952034203143118,-1.46436264775971
"7810",1.22385842649804,-0.952301153408186,-1.46453106155065
"7811",1.2222568086235,-0.952994803168373,-1.46496847135909
"7812",1.22107985707322,-0.953504283702091,-1.46528956094502
"7813",1.22085575492981,-0.95360126948892,-1.4653506665019
"7814",1.22063199627686,-0.953698099006107,-1.46541166794098
"7815",1.2196343359838,-0.954129734871609,-1.465683524547
"7816",1.21927573437732,-0.954284846288057,-1.4657811906741
"7817",1.2177668210401,-0.954937306099217,-1.46619185372102
"7818",1.21701589124151,-0.955261882604265,-1.46639604868154
"7819",1.21670923056095,-0.955394406915933,-1.4664794029775
"7820",1.21388490725443,-0.956614279914348,-1.46724617103737
"7821",1.21333557844123,-0.956851404895591,-1.46739511442618
"7822",1.20908601136765,-0.958684258309078,-1.4685452162324
"7823",1.20870425165426,-0.958848780537525,-1.46864835263074
"7824",1.20817763922106,-0.959075692498578,-1.46879057308128
"7825",1.20756437739038,-0.959339888768418,-1.46895612243608
"7826",1.20707854999187,-0.959549145931254,-1.4690872158743
"7827",1.2067981576983,-0.959669901447715,-1.46916285347122
"7828",1.20559754785255,-0.960186831657219,-1.46948654215492
"7829",1.20545173076863,-0.96024959956727,-1.46952583471483
"7830",1.20457680013068,-0.960626152971367,-1.46976150562122
"7831",1.20329796910289,-0.96117633356744,-1.47010568728379
"7832",1.20272630193942,-0.961422198906286,-1.47025943560815
"7833",1.20255802116571,-0.961494564713386,-1.47030468145522
"7834",1.19958464783277,-0.96277251684533,-1.47110317589098
"7835",1.19926531913587,-0.962909686616121,-1.4711888231304
"7836",1.19791279013226,-0.96349050863897,-1.47155135344661
"7837",1.19719457107663,-0.96379882743804,-1.47174371164764
"7838",1.19621771863379,-0.964218051924085,-1.47200516921358
"7839",1.19560043937858,-0.964482890674782,-1.47217028521053
"7840",1.19506170477663,-0.964713985039035,-1.4723143276066
"7841",1.19428724428876,-0.9650461217334,-1.47252129247421
"7842",1.19259229009546,-0.965772718730542,-1.47297382022991
"7843",1.19201978511021,-0.966018047248104,-1.47312653812034
"7844",1.18980817096596,-0.966965316925901,-1.47371586692021
"7845",1.18920236884565,-0.967224668218979,-1.47387712115818
"7846",1.18912330115387,-0.967258514154308,-1.47389816212369
"7847",1.18839349337815,-0.967570875101477,-1.47409231362846
"7848",1.18772027354642,-0.967858948063818,-1.47427131492083
"7849",1.18732679879118,-0.968027286966038,-1.47437589259657
"7850",1.18649633185191,-0.968382509545094,-1.47459651072694
"7851",1.18613651931748,-0.968536384386272,-1.4746920534159
"7852",1.18583332273221,-0.968666032818559,-1.47477254220033
"7853",1.18398034823127,-0.969458087736495,-1.47526404099647
"7854",1.18044235194538,-0.970969042174544,-1.47620055696304
"7855",1.1802176955058,-0.971064924816845,-1.47625993853254
"7856",1.17937521105376,-0.971424430522915,-1.4764825345939
"7857",1.17867873020607,-0.971721557291196,-1.47666644621414
"7858",1.17727446124672,-0.972320425384672,-1.47703695747776
"7859",1.17658914253927,-0.972612586710352,-1.47721763189059
"7860",1.17621838673677,-0.972770617603331,-1.47731533685338
"7861",1.17598292280873,-0.972870971620502,-1.47737737407916
"7862",1.1750049572508,-0.973287693792065,-1.47763491724079
"7863",1.17409531353934,-0.973675182133956,-1.47787429526553
"7864",1.17383640236372,-0.973785451319736,-1.47794239880198
"7865",1.17358919968117,-0.97389072509908,-1.47800740997276
"7866",1.17326333715472,-0.97402948383278,-1.47809308890569
"7867",1.1731172592128,-0.974091681871325,-1.47813149020197
"7868",1.17155528600045,-0.974756561760036,-1.47854183710214
"7869",1.17106129983486,-0.97496676391378,-1.4786715104895
"7870",1.17013977345924,-0.975358802583179,-1.47891328400898
"7871",1.17009481995186,-0.975377923804863,-1.47892507374291
"7872",1.16957737272991,-0.975598002469463,-1.47906075287878
"7873",1.16950513765354,-0.975628722235846,-1.47907968926904
"7874",1.16928036266384,-0.975724308735187,-1.47913860723046
"7875",1.16909410524815,-0.97580351012591,-1.47918742130095
"7876",1.16834513325553,-0.976121943148692,-1.47938364058552
"7877",1.16659940402295,-0.976863853891718,-1.47984055896543
"7878",1.16362009222524,-0.978129041347867,-1.4806189410831
"7879",1.16302427893636,-0.978381910324265,-1.48077439192058
"7880",1.16273198764758,-0.978505943641976,-1.48085062635915
"7881",1.16089946409307,-0.979283302954161,-1.48132819073253
"7882",1.16027390185911,-0.979548561352264,-1.48149106198992
"7883",1.15827972601326,-0.980393796226102,-1.48200974513855
"7884",1.15790901587197,-0.980550862133084,-1.48210607926503
"7885",1.15684043853692,-0.981003501419445,-1.48238361090532
"7886",1.15370295871892,-0.982331605213093,-1.4831971687427
"7887",1.15285996048416,-0.982688219427346,-1.48341542766329
"7888",1.15205377440992,-0.983029170270781,-1.48362402375
"7889",1.15170106975678,-0.983178307658763,-1.48371524355192
"7890",1.15140383953587,-0.983303975113883,-1.48379209688063
"7891",1.1512966503005,-0.983349291235038,-1.48381980796664
"7892",1.15057634594961,-0.983653771889642,-1.48400596549406
"7893",1.15044137587544,-0.98371081738166,-1.48404083610733
"7894",1.14914787792403,-0.984257392332274,-1.48437483871728
"7895",1.14891214281489,-0.984356979038885,-1.48443567371852
"7896",1.14816975269549,-0.984670553698642,-1.48462718677526
"7897",1.14615572251325,-0.985520873581863,-1.48514619297109
"7898",1.14564949828412,-0.985734514023067,-1.48527651834599
"7899",1.14451327226143,-0.986213906024075,-1.48556885053789
"7900",1.14319746763985,-0.986768846811933,-1.48590706632304
"7901",1.14144185545199,-0.987508912142138,-1.48635779781186
"7902",1.13974287019262,-0.988224710814678,-1.48679341134283
"7903",1.13943906753711,-0.988352664764983,-1.48687124515067
"7904",1.13694149010413,-0.989404110034773,-1.48751043057545
"7905",1.13627708148711,-0.989683675585679,-1.48768026026376
"7906",1.13616502487736,-0.989730820197282,-1.4877088945097
"7907",1.13615329576346,-0.989735754788813,-1.48771189155106
"7908",1.13471689483268,-0.990339927870542,-1.48807871792392
"7909",1.13393631916778,-0.990668134384703,-1.48827788989715
"7910",1.13381299966448,-0.990719978730725,-1.48830934516637
"7911",1.13337408468798,-0.990904485003454,-1.48842127548607
"7912",1.13231603373598,-0.991349150863792,-1.48869093938559
"7913",1.13209059031821,-0.991443878353169,-1.48874836933187
"7914",1.131843459995,-0.991547710502292,-1.48881131235153
"7915",1.13143828187254,-0.991717928986511,-1.48891448344504
"7916",1.13040637978269,-0.992151340013997,-1.48917709224335
"7917",1.12966351487148,-0.992463264000242,-1.48936601425378
"7918",1.12887155534908,-0.992795721396813,-1.48956730223388
"7919",1.12812913025305,-0.993107308753654,-1.489755888314
"7920",1.12732464284643,-0.993444860058684,-1.48996011673681
"7921",1.12673690759272,-0.993691410819843,-1.49010923970828
"7922",1.12646269212336,-0.993806426534654,-1.49017879173214
"7923",1.12597383558039,-0.994011445537369,-1.49030274868112
"7924",1.12515687794888,-0.994353994239628,-1.49050979582764
"7925",1.12295086028848,-0.995278530262742,-1.49106822719119
"7926",1.12252305374373,-0.995457748096107,-1.49117641156709
"7927",1.12229789021221,-0.995552064447673,-1.49123333684208
"7928",1.12206146688154,-0.995651090067314,-1.49129309808543
"7929",1.12100269467363,-0.996094464699727,-1.49156059175418
"7930",1.12099143602651,-0.996099178607307,-1.49156343501539
"7931",1.12024883318759,-0.996410063583769,-1.49175091721038
"7932",1.12019206258943,-0.996433827157771,-1.49176524542447
"7933",1.11912244930903,-0.996881476377697,-1.49203508482133
"7934",1.11875089169326,-0.997036943446476,-1.4921287679817
"7935",1.1185144438713,-0.997135868408699,-1.49218837097326
"7936",1.11761415173094,-0.99751246480305,-1.49241521340591
"7937",1.11745603879027,-0.997578593143278,-1.49245503599795
"7938",1.11577876530027,-0.998279884457101,-1.49287717548541
"7939",1.11517070235985,-0.99853403249117,-1.49303007792485
"7940",1.11470901809208,-0.998726967104862,-1.49314612390682
"7941",1.11339507557056,-0.999275901059064,-1.49347615976868
"7942",1.1129185285939,-0.999474934997428,-1.49359577529915
"7943",1.11287348370623,-0.999493746838902,-1.49360707947998
"7944",1.11198335975633,-0.999865429629511,-1.49383037797922
"7945",1.11195005143764,-0.999879335931425,-1.49383873077196
"7946",1.1104747647234,-1.0004951257035,-1.49420847379669
"7947",1.10889805893397,-1.00115293294615,-1.49460316475054
"7948",1.10885658865513,-1.00117023010214,-1.49461353929818
"7949",1.10854123937936,-1.00130175418629,-1.49469241869062
"7950",1.10841377200773,-1.00135491386259,-1.49472429702834
"7951",1.10743391718027,-1.00176348685975,-1.49496924316379
"7952",1.10465189770445,-1.00292283065874,-1.49566367679028
"7953",1.10298437015281,-1.00361725159166,-1.49607919290611
"7954",1.1025225398989,-1.003809511022,-1.49619417634826
"7955",1.10230851925161,-1.00389859817913,-1.49624744769673
"7956",1.10166645069688,-1.00416582667962,-1.49640720982667
"7957",1.10052872610384,-1.00463921537095,-1.49669010585185
"7958",1.09788548432128,-1.0057383770575,-1.49734637661169
"7959",1.09787016214556,-1.00574474596909,-1.49735017687524
"7960",1.09631550295419,-1.00639080744076,-1.49773553181267
"7961",1.09614651497602,-1.00646101404395,-1.49777739069881
"7962",1.09496405771013,-1.00695216651085,-1.49807013390854
"7963",1.09449039919621,-1.00714885747473,-1.49818732218581
"7964",1.09433314712839,-1.00721415141016,-1.49822621841654
"7965",1.0927783662021,-1.00785955324805,-1.49861053411019
"7966",1.09177561763581,-1.00827563686173,-1.49885814752053
"7967",1.09144839830648,-1.00841138625577,-1.49893890705561
"7968",1.08933062529911,-1.00928962732869,-1.49946108236287
"7969",1.08789962792231,-1.00988273612375,-1.49981342777039
"7970",1.08599002976226,-1.01067380184816,-1.50028299672966
"7971",1.08463183777919,-1.01123615801219,-1.50061654427249
"7972",1.08287390014066,-1.0119636755546,-1.50104773004124
"7973",1.0805073430771,-1.01294244026426,-1.50162724908709
"7974",1.07880547504284,-1.01364585577006,-1.50204332698742
"7975",1.07839940391629,-1.01381363778291,-1.50214252126658
"7976",1.07827949099749,-1.013863179793,-1.50217180723159
"7977",1.07702443065817,-1.01438159657614,-1.5024781589356
"7978",1.07696807843005,-1.01440486873173,-1.50249190694343
"7979",1.07546956064783,-1.01502357130796,-1.50285726712749
"7980",1.07541320653098,-1.01504683293721,-1.50287099854613
"7981",1.07535637575723,-1.01507029090389,-1.50288484548256
"7982",1.07235823364978,-1.01630723891806,-1.50361445763249
"7983",1.07152412916925,-1.01665116020242,-1.50381712975403
"7984",1.07066746542789,-1.01700428960597,-1.5040251423208
"7985",1.07035590751716,-1.01713269483528,-1.50410075844871
"7986",1.06863893708268,-1.01784010044583,-1.50451713355297
"7987",1.06806355909339,-1.01807707548387,-1.5046565374948
"7988",1.06508748139397,-1.01930211802486,-1.50537655862516
"7989",1.0635434757795,-1.01993722490596,-1.50574942923929
"7990",1.06308077125162,-1.02012749230266,-1.50586107982004
"7991",1.06281067334702,-1.02023854565493,-1.50592623512836
"7992",1.05995778777817,-1.02141095926106,-1.50661356328716
"7993",1.05831212569318,-1.0220867754654,-1.50700932015869
"7994",1.05830085055463,-1.02209140456003,-1.50701202983576
"7995",1.0582665483511,-1.0221054874913,-1.50702027329751
"7996",1.05792876933695,-1.02224415609625,-1.5071014356506
"7997",1.05725224983913,-1.02252184345721,-1.50726392439417
"7998",1.05690223383089,-1.02266548932993,-1.50734795734566
"7999",1.05469217818376,-1.02357212414304,-1.50787800202075
"8000",1.05376752926268,-1.02395125600449,-1.50809948042086
"8001",1.05155778834019,-1.02485686095571,-1.50862809639345
"8002",1.05084685989026,-1.02514808141219,-1.50879796235196
"8003",1.04983238514646,-1.02556353079683,-1.50904018516945
"8004",1.04945975322899,-1.02571609798208,-1.50912910674552
"8005",1.04930221754698,-1.02578059258792,-1.50916669149816
"8006",1.04824224505063,-1.02621445788273,-1.50941945281302
"8007",1.04661773290424,-1.02687911496926,-1.50980640793406
"8008",1.04639216744498,-1.02697137620073,-1.50986009630008
"8009",1.04453526715786,-1.0277306370716,-1.51030169144363
"8010",1.04277167368813,-1.02845132951185,-1.51072047222144
"8011",1.04082030968748,-1.02924828113466,-1.51118313118884
"8012",1.04054959286947,-1.02935880461542,-1.51124725794179
"8013",1.03998559371939,-1.02958903346946,-1.51138081061355
"8014",1.03977127199216,-1.02967651037148,-1.511431544779
"8015",1.03911701972394,-1.02994351084379,-1.51158636349736
"8016",1.03601481745765,-1.03120875827278,-1.51231931033831
"8017",1.03507846940292,-1.03159040475758,-1.5125401676027
"8018",1.03491331004298,-1.0316577102221,-1.5125791060607
"8019",1.03408569089714,-1.03199492639912,-1.51277414745655
"8020",1.03169389554121,-1.03296896713244,-1.51333705653726
"8021",1.0281289748965,-1.03441936268804,-1.51417397803689
"8022",1.02811769147815,-1.03442395072458,-1.51417662303896
"8023",1.02642514177256,-1.03511198199988,-1.51457309900319
"8024",1.02568026891155,-1.0354146579727,-1.51474740559787
"8025",1.02500334308896,-1.03568966075701,-1.51490571752529
"8026",1.02439350765288,-1.03593735637138,-1.51504826205292
"8027",1.01995844271711,-1.03773726729428,-1.5160827283242
"8028",1.01892061156972,-1.0381580834703,-1.51632424147142
"8029",1.01889756209931,-1.03816742788067,-1.51632960289867
"8030",1.01788179754922,-1.03857915621569,-1.5165657713323
"8031",1.01774636021709,-1.03863404389861,-1.51659724561048
"8032",1.01464245466626,-1.03989127853647,-1.51731757364301
"8033",1.01429302106205,-1.04003273685967,-1.5173985485666
"8034",1.0124756891892,-1.04076817275987,-1.51781929507213
"8035",1.00954067983712,-1.04195498922142,-1.51849743260604
"8036",1.00939344589717,-1.04201449559683,-1.51853140652843
"8037",1.00886333687668,-1.04222872185692,-1.51865369272765
"8038",1.00862578652992,-1.0423247080371,-1.51870847318222
"8039",1.00690978403812,-1.04301786607975,-1.51910386303348
"8040",1.00576950103543,-1.04347825416982,-1.51936627873479
"8041",1.00512595924234,-1.04373800764036,-1.51951426528956
"8042",1.00468563461411,-1.04391570479837,-1.51961547374844
"8043",1.00462965977055,-1.04393829213798,-1.51962833680984
"8044",1.00452756806135,-1.04397948779371,-1.51965179597224
"8045",1.00432468830439,-1.04406134896576,-1.51969840864002
"8046",1.00365866714173,-1.04433004757869,-1.51985137341802
"8047",1.00304896079343,-1.04457597518233,-1.51999132776683
"8048",1.00101605444755,-1.04539560102909,-1.52045743957272
"8049",1.00049711500252,-1.04560473905166,-1.52057629329445
"8050",1.00040630338574,-1.04564133341705,-1.52059708659969
"8051",0.999853001783906,-1.04586427381703,-1.5207237419685
"8052",0.99848664889566,-1.04641464118439,-1.52103625298769
"8053",0.998261277896847,-1.04650539692715,-1.52108776426674
"8054",0.998170460591871,-1.04654196668616,-1.52110851883253
"8055",0.997639709602275,-1.04675566439643,-1.52122977932307
"8056",0.997255757116136,-1.04691023294715,-1.52131746616391
"8057",0.997075072149105,-1.04698296490621,-1.52135872082329
"8058",0.995347702825861,-1.04767807231136,-1.52175279488791
"8059",0.994793844543116,-1.0479008655407,-1.52187902482905
"8060",0.994669615006854,-1.04795083211825,-1.5219073296867
"8061",0.993822583617356,-1.04829146346695,-1.52210023879376
"8062",0.991598093312498,-1.04918558230038,-1.52260618537701
"8063",0.990603674865585,-1.04958506931842,-1.52283204330944
"8064",0.988446749199534,-1.05045111737856,-1.52332126415323
"8065",0.987102060571734,-1.05099072285828,-1.52362579235274
"8066",0.986899207513058,-1.05107210415594,-1.52367170088892
"8067",0.986210133117639,-1.05134850847458,-1.52382758737807
"8068",0.983103472734487,-1.05259387850921,-1.52452922626855
"8069",0.982583784616144,-1.05280208067128,-1.52464641098009
"8070",0.981622991913721,-1.05318690718207,-1.52486291950856
"8071",0.98122755988627,-1.05334525384337,-1.52495197440909
"8072",0.981216739499828,-1.05334958646147,-1.52495441082277
"8073",0.979035649276979,-1.05422260280928,-1.52544504994524
"8074",0.979002230359508,-1.05423597432005,-1.52545256022931
"8075",0.978267793267558,-1.05452979811382,-1.52561755540003
"8076",0.978087006176529,-1.05460211393442,-1.52565815374481
"8077",0.977600658019518,-1.05479663413849,-1.52576733800428
"8078",0.976655563672101,-1.05517454431386,-1.52597937555401
"8079",0.976425499137816,-1.05526652097847,-1.5260309650434
"8080",0.975894753460708,-1.05547867883063,-1.52614993891061
"8081",0.975751572316379,-1.0555359069459,-1.52618202532363
"8082",0.975125994040738,-1.05578591230905,-1.52632216751277
"8083",0.975013468911908,-1.05583087615541,-1.52634736716227
"8084",0.971340523509844,-1.05729761419451,-1.52716852904594
"8085",0.970876802717606,-1.05748266578043,-1.52727201243447
"8086",0.969328893820988,-1.05810016249885,-1.52761713197145
"8087",0.966084461765261,-1.05939339705154,-1.5283389570568
"8088",0.965621011527687,-1.05957801334258,-1.52844189474255
"8089",0.964174096742866,-1.06015420863596,-1.52876299568925
"8090",0.962998905232327,-1.06062198993503,-1.5290234881072
"8091",0.962976295750944,-1.0606309877445,-1.52902849701229
"8092",0.962184475083533,-1.06094606216843,-1.5292038526206
"8093",0.962150559929504,-1.06095955550614,-1.52921136063263
"8094",0.961992288700001,-1.06102252256904,-1.52924639509874
"8095",0.96173226985286,-1.06112596185596,-1.52930394126834
"8096",0.960296472592457,-1.06169697881281,-1.52962146216577
"8097",0.959825697984152,-1.06188414548225,-1.52972548247094
"8098",0.958928443365619,-1.06224078574443,-1.52992361331415
"8099",0.958544027005671,-1.06239355010079,-1.53000845050993
"8100",0.957696031905952,-1.0627304668516,-1.53019549087177
"8101",0.95702892513088,-1.06299544666535,-1.53034253206985
"8102",0.956780169543281,-1.06309423886546,-1.5303973390746
"8103",0.95631657390737,-1.06327833155141,-1.53049944762991
"8104",0.956146963899261,-1.06334567601334,-1.53053679408537
"8105",0.9561058062287,-1.06336201727652,-1.53054585573203
"8106",0.955672050599414,-1.06353422192189,-1.53064133470861
"8107",0.954847065663504,-1.0638616777292,-1.53082282782351
"8108",0.953953729695803,-1.06421615989354,-1.53101920428329
"8109",0.952675871730227,-1.0647230355331,-1.53129983012627
"8110",0.952403982729541,-1.06483085462469,-1.53135949652035
"8111",0.952064715588129,-1.06496537886072,-1.53143392837344
"8112",0.951748062613993,-1.06509092220161,-1.53150337810319
"8113",0.951714135300842,-1.06510437255155,-1.53151081800029
"8114",0.951284864046324,-1.065274541993,-1.53160493268304
"8115",0.950933795927475,-1.06541369201381,-1.5316818744422
"8116",0.950131293852007,-1.06573171055931,-1.53185766187478
"8117",0.949384362773006,-1.06602762882909,-1.53202116056322
"8118",0.94936174268157,-1.06603658925074,-1.53202611021973
"8119",0.946692443974382,-1.06709348260823,-1.53260947732577
"8120",0.946590643643162,-1.06713377072988,-1.53263169718963
"8121",0.946070325027699,-1.0673396681349,-1.53274523417995
"8122",0.946013768070155,-1.0673620463059,-1.53275757201203
"8123",0.944712926234365,-1.06787663698614,-1.53304117191529
"8124",0.944057176636204,-1.06813595315742,-1.53318400482188
"8125",0.943875830452258,-1.06820765619494,-1.53322348972609
"8126",0.943857279486802,-1.06821499086761,-1.5332275284964
"8127",0.943389876603149,-1.06839977698883,-1.53332926497276
"8128",0.943366773291842,-1.06840891003364,-1.53333429257905
"8129",0.943305376212075,-1.06843318075962,-1.53334765292839
"8130",0.942296139922528,-1.06883206601617,-1.53356715990805
"8131",0.941896110712096,-1.06899013315099,-1.53365410888391
"8132",0.941307823551784,-1.06922254881684,-1.53378191855639
"8133",0.94047062378179,-1.06955322168725,-1.53396368640213
"8134",0.939916247585185,-1.06977213388283,-1.53408397174682
"8135",0.938196477777817,-1.07045097083828,-1.53445672433996
"8136",0.937382162130736,-1.07077226148866,-1.53463301623925
"8137",0.936997099680233,-1.07092415756461,-1.5347163323039
"8138",0.936929208751884,-1.0709509364909,-1.53473101878975
"8139",0.934666079129049,-1.07184324678195,-1.53522005909339
"8140",0.934292644260224,-1.07199041814205,-1.53530065569796
"8141",0.933976264826551,-1.07211508896611,-1.53536891635298
"8142",0.933357450917519,-1.07235889605788,-1.5355023707332
"8143",0.932798852153229,-1.07257893404873,-1.53562277284163
"8144",0.930625912519851,-1.0734344728639,-1.53609053763585
"8145",0.928747558345704,-1.07417350640876,-1.53649412150806
"8146",0.927732454778428,-1.07457269545448,-1.53671193128333
"8147",0.927358921094914,-1.07471955193774,-1.53679202779972
"8148",0.925758776273883,-1.07534844011246,-1.53713482740562
"8149",0.923374224427847,-1.07628496496182,-1.53764471350736
"8150",0.923290900246121,-1.07631767616982,-1.53766250990334
"8151",0.922758803964564,-1.07652654281006,-1.53777612213273
"8152",0.922679554629646,-1.07655764766026,-1.53779303842319
"8153",0.92214020090549,-1.076769317625,-1.53790813338306
"8154",0.92208359288348,-1.0767915311925,-1.5379202098063
"8155",0.921910169811996,-1.0768595814459,-1.53795720284531
"8156",0.921626647124168,-1.07697082529431,-1.53801766827711
"8157",0.920686918496448,-1.07733946130492,-1.53821796349865
"8158",0.919932394150548,-1.07763535780998,-1.53837865509904
"8159",0.919916994259307,-1.07764139626324,-1.53838193362953
"8160",0.919294722973645,-1.07788536789495,-1.53851437087359
"8161",0.918909263686624,-1.07803646684186,-1.53859636853329
"8162",0.91881867918078,-1.07807197275006,-1.53861563396897
"8163",0.91847173866929,-1.07820795068061,-1.5386894056721
"8164",0.917369282475929,-1.07863993145616,-1.5389236652941
"8165",0.916678524732961,-1.07891050931232,-1.53907031864085
"8166",0.915999072167442,-1.07917659480554,-1.5392144778803
"8167",0.915783908310565,-1.07926084349628,-1.53926010970693
"8168",0.915516197743123,-1.07936565827566,-1.5393168725656
"8169",0.915059610964473,-1.07954439964638,-1.53941364960797
"8170",0.914651436139739,-1.07970416476794,-1.53950012974772
"8171",0.914244212336886,-1.07986353480279,-1.53958637488296
"8172",0.913971927914014,-1.07997008258661,-1.5396440227964
"8173",0.913428786737852,-1.08018258901244,-1.53975897165503
"8174",0.912907806225872,-1.08038638681892,-1.53986917453324
"8175",0.912125835782989,-1.08069220884212,-1.54003448169148
"8176",0.910256950345534,-1.08142277287081,-1.54042906053994
"8177",0.909928943722359,-1.08155094393569,-1.54049823999851
"8178",0.908920326026682,-1.08194497597213,-1.5407108301108
"8179",0.908913077514154,-1.08194780720743,-1.54071235716306
"8180",0.908761738587365,-1.08200691783342,-1.54074423748016
"8181",0.907912624306727,-1.08233851004101,-1.54092302192313
"8182",0.907198463803053,-1.08261732369303,-1.54107327851671
"8183",0.904910487720995,-1.08351009266469,-1.54155396574096
"8184",0.903516915099366,-1.08405351074595,-1.54184622675237
"8185",0.903255840184064,-1.08415528601146,-1.54190093589641
"8186",0.902881936838298,-1.08430102895705,-1.54197926462313
"8187",0.902670736670312,-1.08438334365238,-1.54202349629205
"8188",0.902270082273503,-1.08453948067045,-1.54210738059124
"8189",0.900921680185056,-1.08506479656459,-1.5423894546721
"8190",0.900891766357152,-1.08507644766107,-1.54239570821743
"8191",0.900230931725499,-1.08533380366011,-1.54253381085023
"8192",0.900072158245694,-1.08539562753174,-1.54256697851013
"8193",0.898043319477946,-1.08618531781516,-1.54299035246093
"8194",0.897963989561837,-1.08621618402478,-1.5430068899484
"8195",0.895607113537243,-1.08713281502961,-1.54349763444031
"8196",0.89539176625745,-1.08721652901283,-1.54354241761014
"8197",0.895157350742178,-1.08730764825893,-1.54359115549983
"8198",0.893929618447825,-1.08778475340268,-1.5438462345581
"8199",0.893464406059318,-1.08796548345799,-1.54394280940612
"8200",0.893003745446999,-1.08814441559122,-1.54403839615896
"8201",0.892796106616328,-1.08822505808617,-1.54408146702155
"8202",0.891922784981569,-1.08856417203813,-1.54426252597743
"8203",0.891775418706798,-1.08862138444972,-1.54429306304653
"8204",0.890869007740088,-1.08897321650333,-1.54448079175774
"8205",0.889723527763974,-1.08941768214341,-1.54471779653051
"8206",0.889145337198062,-1.08964196060148,-1.54483732572344
"8207",0.888850567702114,-1.08975628294899,-1.54489823728329
"8208",0.888420223249067,-1.08992316450155,-1.54498713262157
"8209",0.886095899969028,-1.09082405905434,-1.54546661444835
"8210",0.884689851047552,-1.09136867053198,-1.54575613507088
"8211",0.88458731617669,-1.09140837506751,-1.54577723242838
"8212",0.88334041440387,-1.09189109508698,-1.54603362173664
"8213",0.882977047201027,-1.09203172667569,-1.54610827838486
"8214",0.882670856106191,-1.09215021548475,-1.54617116696814
"8215",0.882092483618394,-1.09237399647198,-1.54628990701332
"8216",0.881400684923081,-1.09264160248243,-1.54643184439938
"8217",0.881208364274,-1.09271598533017,-1.54647128587696
"8218",0.880867644930217,-1.09284775089157,-1.54654114281885
"8219",0.879813219433055,-1.09325542360983,-1.54675718017485
"8220",0.877930021546437,-1.09398313814587,-1.54714246040106
"8221",0.877827934820411,-1.09402257281948,-1.54716332558156
"8222",0.877136000902105,-1.09428981873776,-1.54730469197909
"8223",0.876926971591806,-1.09437053902139,-1.5473473788467
"8224",0.876557481625535,-1.09451320898306,-1.54742281244338
"8225",0.873857516465477,-1.09555515634143,-1.54797318485389
"8226",0.87225827307055,-1.09617183946349,-1.54829848283872
"8227",0.871327880813596,-1.09653044168211,-1.54848749227512
"8228",0.869477837310233,-1.09724314353025,-1.54886280597007
"8229",0.869205974551832,-1.09734783391574,-1.54891789940325
"8230",0.868869147728777,-1.09747752653336,-1.54898613704898
"8231",0.866969876776383,-1.09820852618228,-1.54937047754914
"8232",0.866357024167661,-1.09844429460614,-1.549494338973
"8233",0.864370797298403,-1.09920804325184,-1.54989524234727
"8234",0.862861130272884,-1.09978816941575,-1.55019941838854
"8235",0.861907595859468,-1.10015442119201,-1.55039130237454
"8236",0.861567516454621,-1.10028501410995,-1.55045969322137
"8237",0.861204246422116,-1.10042449420629,-1.55053272171147
"8238",0.861010776381807,-1.10049877072582,-1.55057160417823
"8239",0.860965366685633,-1.10051620352685,-1.55058072924477
"8240",0.860488558366638,-1.10069923269858,-1.55067651835817
"8241",0.86010256195646,-1.1008473787875,-1.55075402971198
"8242",0.859852795404019,-1.10094322830218,-1.55080416875785
"8243",0.859841442300961,-1.10094758491684,-1.55080644751864
"8244",0.85952403273457,-1.10106937952014,-1.55087014636958
"8245",0.859387312611707,-1.10112183656379,-1.55089757750332
"8246",0.859376439308632,-1.10112600833946,-1.55089975892797
"8247",0.859307838797985,-1.10115232800608,-1.55091352114873
"8248",0.859223512552104,-1.10118468017872,-1.550930436856
"8249",0.85778689855257,-1.10173568812515,-1.55121839632918
"8250",0.857767798481954,-1.10174301190031,-1.55122222197058
"8251",0.857593393619409,-1.10180988369167,-1.55125715088186
"8252",0.857574773475967,-1.10181702292812,-1.55126087966184
"8253",0.856878400673554,-1.10208398689546,-1.55140028109244
"8254",0.856616884610462,-1.10218422471569,-1.55145260637787
"8255",0.856094544828812,-1.10238440569182,-1.55155707661947
"8256",0.855186572944598,-1.10273228296765,-1.55173854235987
"8257",0.853766546727647,-1.10327611014999,-1.55202200878201
"8258",0.853141911611914,-1.1035152349506,-1.55214656831472
"8259",0.85193800887778,-1.10397595877535,-1.55238641561613
"8260",0.851722206534122,-1.10405852257354,-1.5524293774851
"8261",0.851461448950267,-1.10415827686032,-1.55248127632791
"8262",0.851301952458023,-1.10421928832531,-1.55251301422227
"8263",0.850858971325936,-1.10438872068177,-1.55260113488494
"8264",0.850427338172793,-1.10455378548079,-1.55268695953703
"8265",0.849996174939785,-1.10471864379959,-1.55277265271304
"8266",0.849011509438217,-1.10509503723831,-1.55296821122814
"8267",0.848996539266249,-1.10510075858516,-1.5529711828337
"8268",0.848484859839328,-1.10529629439429,-1.55307272453778
"8269",0.848155412613484,-1.10542217107223,-1.55313807429758
"8270",0.848075889949182,-1.10545255310387,-1.55315384523277
"8271",0.847700992561431,-1.10559577223569,-1.55322817745433
"8272",0.846853014552429,-1.10591964383518,-1.55339620292412
"8273",0.845349180762527,-1.106493753552,-1.55369382318038
"8274",0.844633348951358,-1.10676691753303,-1.55383532913312
"8275",0.84429246625547,-1.10689697352242,-1.55390267809331
"8276",0.842383398368788,-1.10762502354585,-1.55427941701156
"8277",0.839439832863736,-1.10874655749717,-1.55485884203701
"8278",0.839064747077433,-1.10888937924185,-1.55493254806453
"8279",0.83564312001657,-1.11019128908573,-1.55560358075528
"8280",0.835176996366897,-1.11036851435921,-1.55569480873116
"8281",0.834199230471052,-1.11074016846051,-1.55588602852918
"8282",0.832539167815445,-1.11137084712052,-1.55621023430418
"8283",0.83222078018051,-1.11149176049083,-1.55627234988034
"8284",0.830913050609769,-1.11198823830654,-1.55652726193285
"8285",0.829566234848372,-1.11249929303328,-1.55678942571545
"8286",0.829400980553891,-1.11256198111327,-1.55682156754
"8287",0.827433311280535,-1.11330809463526,-1.55720384631171
"8288",0.824941611848592,-1.11425209595129,-1.55768679144058
"8289",0.82450978608832,-1.11441560377539,-1.55777035877228
"8290",0.824202132312495,-1.11453207796417,-1.55782987282355
"8291",0.823906330592805,-1.11464405193363,-1.55788707579379
"8292",0.823250541871749,-1.11489225077796,-1.55801382986877
"8293",0.822529640111988,-1.11516501992991,-1.55815306720523
"8294",0.821460059641395,-1.11556957790795,-1.55835945243333
"8295",0.819882406177544,-1.11616600047544,-1.55866344508838
"8296",0.818933730176746,-1.11652446439106,-1.5588459954911
"8297",0.816543568357011,-1.11742701219016,-1.55930510412767
"8298",0.81644112428814,-1.11746567709115,-1.55932475555396
"8299",0.81575849829586,-1.11772327704959,-1.55945564568996
"8300",0.8144722651861,-1.11820846967074,-1.55970201354397
"8301",0.81385702247086,-1.11844046439176,-1.55981973789274
"8302",0.813633426296575,-1.11852476371466,-1.55986250283784
"8303",0.812400188944952,-1.1189895801173,-1.56009818631899
"8304",0.812001679131031,-1.1191397330347,-1.56017427834472
"8305",0.810999182046669,-1.11951735528106,-1.56036555179296
"8306",0.809986191324684,-1.11989877816152,-1.5605586169639
"8307",0.809883701438124,-1.11993736030773,-1.56057813865396
"8308",0.80956435784444,-1.12005756662676,-1.56063895151888
"8309",0.809416312364952,-1.12011328828555,-1.56066713681014
"8310",0.808277450446893,-1.12054182616334,-1.56088380530182
"8311",0.806079674909644,-1.12136827140889,-1.56130117626714
"8312",0.805236730875037,-1.12168505835326,-1.56146099227824
"8313",0.804495784525075,-1.12196342588426,-1.56160134930768
"8314",0.803499772244563,-1.1223374903681,-1.56178984499856
"8315",0.803385843282375,-1.1223802683212,-1.56181139306194
"8316",0.80271899487791,-1.12263061709589,-1.56193746440466
"8317",0.798969566144837,-1.12403699231481,-1.56264460758823
"8318",0.796352236382974,-1.12501748050543,-1.56313651888194
"8319",0.794569836976457,-1.12568460448921,-1.56347070167937
"8320",0.794125227996442,-1.12585094037185,-1.56355395953135
"8321",0.793680604864574,-1.12601725189187,-1.56363717927665
"8322",0.79362360087464,-1.12603857211959,-1.56364784571881
"8323",0.793521475193673,-1.1260767672227,-1.56366695354222
"8324",0.793054030263718,-1.12625157210041,-1.56375438553973
"8325",0.792802717577733,-1.12634553899258,-1.56380137303426
"8326",0.79268870218325,-1.12638816671209,-1.56382268599991
"8327",0.79153709430363,-1.12681861686568,-1.56403780650111
"8328",0.791309523979376,-1.12690365496493,-1.564080284313
"8329",0.791286236359831,-1.1269123566051,-1.56408463053028
"8330",0.791244731519587,-1.12692786508082,-1.56409237638847
"8331",0.787169235479601,-1.12844943241395,-1.56485123790241
"8332",0.78663348979071,-1.12864926483361,-1.5649507396298
"8333",0.785903095727696,-1.12892163126525,-1.56508629722673
"8334",0.784477604907494,-1.12945297037528,-1.56535054461504
"8335",0.784272252510173,-1.12952948845762,-1.56538857686506
"8336",0.782732010885871,-1.13010320836261,-1.56567355985679
"8337",0.780723247407379,-1.13085090943017,-1.566044496154
"8338",0.780529732494975,-1.13092290734331,-1.56608018649764
"8339",0.780506779969327,-1.13093144653771,-1.56608441916585
"8340",0.779970547797625,-1.1311309222672,-1.56618327466704
"8341",0.77985594305941,-1.13117354904116,-1.56620439459702
"8342",0.77957063340312,-1.13127966022129,-1.56625696111517
"8343",0.779160259490227,-1.13143226324574,-1.56633254051134
"8344",0.778737494659421,-1.13158944742806,-1.56641036566107
"8345",0.778554882023335,-1.13165733455983,-1.56644397072266
"8346",0.777802061339829,-1.13193714615509,-1.5665824350162
"8347",0.777528122399908,-1.13203894371848,-1.56663279087941
"8348",0.776386167256926,-1.13246317991563,-1.56684254010621
"8349",0.775769731670822,-1.1326921038138,-1.56695565251603
"8350",0.774445923329336,-1.13318352866309,-1.56719829903503
"8351",0.773920254241241,-1.13337859436541,-1.56729455096996
"8352",0.773566795439199,-1.1335097326524,-1.56735923854213
"8353",0.773372211642724,-1.13358191797175,-1.56739483892372
"8354",0.773178590616933,-1.13365374044697,-1.56743025541264
"8355",0.773098181875967,-1.13368356588684,-1.5674449612305
"8356",0.771556659052961,-1.13425516286994,-1.56772663001164
"8357",0.770243368470301,-1.13474184768011,-1.56796620950825
"8358",0.768370758803027,-1.13543535577981,-1.56830720893635
"8359",0.768251172757703,-1.13547962560929,-1.5683289608224
"8360",0.768123100240568,-1.13552703466274,-1.56835225307073
"8361",0.767719199473758,-1.13567653175335,-1.56842568741094
"8362",0.76736920522853,-1.13580605626176,-1.56848929365956
"8363",0.766816777106303,-1.13601045894153,-1.5685896378748
"8364",0.764018212701419,-1.13704523859974,-1.56909700853836
"8365",0.763869675036998,-1.13710012776227,-1.56912389282111
"8366",0.763766357121853,-1.13713830488498,-1.56914258996251
"8367",0.763606873477751,-1.13719723269187,-1.56917144693248
"8368",0.76215517291999,-1.13773344583855,-1.56943387658308
"8369",0.761812341963241,-1.13786003026659,-1.56949578808967
"8370",0.760898081707706,-1.13819751787227,-1.5696607750145
"8371",0.76013233900404,-1.1384800844159,-1.56979882797028
"8372",0.759681702575635,-1.13864633202955,-1.56988001508049
"8373",0.754999543630281,-1.14037183524257,-1.57072108110364
"8374",0.754988109719281,-1.14037604486907,-1.57072312947127
"8375",0.753387260953709,-1.14096523341252,-1.57100965314063
"8376",0.7496130330381,-1.14235278400926,-1.57168308318133
"8377",0.749327060778781,-1.14245782987386,-1.5717339891777
"8378",0.747668777384005,-1.14306671937701,-1.57202884849468
"8379",0.747050489917305,-1.14329363518133,-1.57213864116798
"8380",0.745132359809071,-1.14399723101645,-1.57247875281609
"8381",0.744651751124228,-1.14417343671893,-1.57256385279424
"8382",0.743724810668903,-1.14451318153381,-1.57272784904785
"8383",0.743629490584617,-1.14454811107595,-1.57274470324087
"8384",0.742576707108609,-1.14493380569844,-1.5729307285678
"8385",0.738844531548566,-1.14629975032196,-1.57358836009933
"8386",0.738535414846557,-1.14641278899476,-1.57364269974515
"8387",0.738466721201976,-1.14643790709931,-1.57365477273566
"8388",0.737298871134091,-1.14686482582338,-1.57385987524722
"8389",0.736337029801178,-1.14721627963227,-1.5740285870154
"8390",0.735742051099004,-1.14743361223787,-1.57413285400969
"8391",0.735123171286155,-1.14765961801493,-1.57424123232528
"8392",0.734802509590573,-1.14777669592479,-1.57429735567705
"8393",0.732454555329587,-1.14863348713927,-1.57470765912287
"8394",0.731802114874341,-1.1488714194621,-1.57482147155359
"8395",0.730449852180655,-1.14936435628492,-1.5750570833518
"8396",0.730158543341367,-1.14947050977732,-1.57510779045413
"8397",0.730025959104086,-1.1495188194322,-1.57513086315508
"8398",0.728758318831646,-1.14998057335537,-1.5753512794683
"8399",0.727814605791387,-1.15032417333564,-1.57551515739539
"8400",0.727596886426802,-1.15040342427574,-1.57555293891533
"8401",0.727104138975688,-1.15058276008362,-1.57563841100101
"8402",0.726990028300088,-1.15062428546213,-1.57565819756105
"8403",0.726741557176505,-1.15071469832083,-1.57570127270933
"8404",0.725889375338914,-1.15102471582995,-1.5758489114156
"8405",0.72499590105473,-1.15134963612377,-1.57600354400375
"8406",0.724972493533371,-1.1513581468493,-1.57600759291651
"8407",0.724021156733681,-1.15170397196873,-1.57617205520009
"8408",0.723940920158949,-1.15173313284022,-1.57618591760763
"8409",0.723791907994173,-1.15178728663854,-1.57621165881623
"8410",0.722714381898238,-1.15217877878726,-1.57639766134798
"8411",0.721362094365299,-1.15266984772859,-1.57663075650479
"8412",0.721074986227082,-1.15277407207758,-1.57668019740326
"8413",0.71948123890485,-1.15335239620039,-1.57695433855473
"8414",0.717910221520961,-1.15392209266979,-1.57722406085839
"8415",0.717623517900449,-1.15402601905167,-1.57727322945041
"8416",0.71625920213902,-1.1545203940198,-1.5775069739676
"8417",0.716213194088664,-1.15453706059375,-1.57751484976308
"8418",0.716090802987596,-1.15458139561606,-1.57753579892879
"8419",0.715766001642526,-1.15469904075112,-1.57759137893869
"8420",0.714297267841279,-1.15523082445806,-1.57784243924687
"8421",0.71410273793963,-1.15530123309917,-1.577875658431
"8422",0.712909152716836,-1.15573311584098,-1.57807931336537
"8423",0.711188131172544,-1.15635546136809,-1.57837244915863
"8424",0.710006223388461,-1.15678259387289,-1.578573408943
"8425",0.70957015100627,-1.15694013326129,-1.57864748225747
"8426",0.709318166231195,-1.15703115428747,-1.57869026787315
"8427",0.709271776765158,-1.15704790986546,-1.57869814313329
"8428",0.709260300687939,-1.15705205490035,-1.57870009128995
"8429",0.70815854729692,-1.15744990267372,-1.57888699756627
"8430",0.708135593049104,-1.15745818957819,-1.57889088898943
"8431",0.706670565270926,-1.15798692507154,-1.57913903193985
"8432",0.705209059794045,-1.15851406286263,-1.57938614176368
"8433",0.705116735019432,-1.15854735173817,-1.57940173730282
"8434",0.704485806321285,-1.15877480629991,-1.57950826748745
"8435",0.703360660456973,-1.15918027907,-1.57969804303889
"8436",0.702361234274772,-1.159540283727,-1.57986639723183
"8437",0.701466048522828,-1.15986261034774,-1.58001701912343
"8438",0.700937315778635,-1.16005293196438,-1.58010590573596
"8439",0.699065299680628,-1.1607264362525,-1.58042015717239
"8440",0.699019357030722,-1.16074295853688,-1.5804278604918
"8441",0.698938956977734,-1.16077187190878,-1.58044134033572
"8442",0.696779929047136,-1.16154792998372,-1.58080282976338
"8443",0.696699028485555,-1.16157699569206,-1.58081635661929
"8444",0.695538698828908,-1.16199376550113,-1.58101022117296
"8445",0.694355278692115,-1.16241861733768,-1.58120766133091
"8446",0.692298382076144,-1.1631565415858,-1.58155015300307
"8447",0.69041354626644,-1.16383217104915,-1.58186323948093
"8448",0.68963242945738,-1.16411200764664,-1.58199277761895
"8449",0.688493931865225,-1.16451970984351,-1.58218136065737
"8450",0.687447786945398,-1.16489416566836,-1.5823544140229
"8451",0.685815647401013,-1.16547803817341,-1.58262395869891
"8452",0.684481304145651,-1.16595507670241,-1.58284392101928
"8453",0.683711306252739,-1.16623023357388,-1.58297068831147
"8454",0.683020792640198,-1.1664769099942,-1.5830842675103
"8455",0.682687751694458,-1.16659585825225,-1.58313901319785
"8456",0.680225780638236,-1.16747464612483,-1.58354301714561
"8457",0.679570067260291,-1.16770854368932,-1.58365041096026
"8458",0.678500142955564,-1.16809005236434,-1.58382545777963
"8459",0.678350932445437,-1.16814324328447,-1.58384985118835
"8460",0.677833317017374,-1.16832773774482,-1.58393443762998
"8461",0.677591694830818,-1.16841384551838,-1.58397390388006
"8462",0.67751066649855,-1.16844271988443,-1.58398713629251
"8463",0.676395018653245,-1.1688401780591,-1.58416919302962
"8464",0.674587787099704,-1.16948361538607,-1.58446357072398
"8465",0.674473185316199,-1.1695244008112,-1.58448221576582
"8466",0.67339117028396,-1.16990937847081,-1.58465812224134
"8467",0.67333326403263,-1.16992997630478,-1.58466752955586
"8468",0.672343364982333,-1.17028201422022,-1.58482824129099
"8469",0.672067099625082,-1.17038023582887,-1.58487305803553
"8470",0.671905941920019,-1.17043752742829,-1.58489919447849
"8471",0.670846852177542,-1.17081393554038,-1.58507082620755
"8472",0.669315612992138,-1.17135784664044,-1.58531857154769
"8473",0.668659664982588,-1.17159073644887,-1.58542455503427
"8474",0.668648280824999,-1.17159477773655,-1.58542639363928
"8475",0.668084060208258,-1.17179504693938,-1.58551748561513
"8476",0.667254953700468,-1.17208924896636,-1.58565122607851
"8477",0.666821006913264,-1.17224318987962,-1.58572116928014
"8478",0.666360351213699,-1.17240657429079,-1.58579537580553
"8479",0.665100828068484,-1.17285313438565,-1.58599805238378
"8480",0.663995555396396,-1.17324480646997,-1.58617564403927
"8481",0.66264728753424,-1.17372233625431,-1.58639194585099
"8482",0.662628395698278,-1.17372902540328,-1.58639497405376
"8483",0.6623477603949,-1.17382838528213,-1.58643994906739
"8484",0.659017904326683,-1.17500641764019,-1.5869723856379
"8485",0.65785396819566,-1.17541779582125,-1.58715796994617
"8486",0.657335703927938,-1.17560090336267,-1.58724051712269
"8487",0.657035689111997,-1.17570688270487,-1.58728827766207
"8488",0.65643635127286,-1.17591855605651,-1.58738363441583
"8489",0.656217355098418,-1.17599588722112,-1.58741845945945
"8490",0.655145369726704,-1.17637431781497,-1.58758878881309
"8491",0.653335460300307,-1.17701285302447,-1.58787584399822
"8492",0.652590208081321,-1.17727563306589,-1.58799385124415
"8493",0.651940866461161,-1.17750452575379,-1.58809658059394
"8494",0.651583423296432,-1.17763049702454,-1.58815309391898
"8495",0.65107557907316,-1.17780943976838,-1.58823334221936
"8496",0.650880036873465,-1.17787833009945,-1.58826422752102
"8497",0.650810361535306,-1.17790287560883,-1.58827523067731
"8498",0.650003629967737,-1.17818702061118,-1.58840255912802
"8499",0.649668707343568,-1.17830495721932,-1.58845538245668
"8500",0.648850367327967,-1.17859304843487,-1.58858435479957
"8501",0.64856570023153,-1.17869323979403,-1.58862918754263
"8502",0.646854478621632,-1.17929526188991,-1.58889834876494
"8503",0.645377903344912,-1.17981437654467,-1.5891301306246
"8504",0.644328042453816,-1.18018327159472,-1.58929466452877
"8505",0.643058859898222,-1.18062900779659,-1.58949327600481
"8506",0.642840112084552,-1.18070580724643,-1.58952747479842
"8507",0.642505481588734,-1.18082327753784,-1.58957977204842
"8508",0.641616447711796,-1.1811352858444,-1.5897186046878
"8509",0.641224082294041,-1.18127294923324,-1.58977982671021
"8510",0.638816070371089,-1.18211730179804,-1.59015488281224
"8511",0.638593090418931,-1.18219544375113,-1.59018955412045
"8512",0.636668958756081,-1.1828694312227,-1.59048832639237
"8513",0.636595533571284,-1.18289513959937,-1.5904997129587
"8514",0.636353580950457,-1.18297984875294,-1.59053722666389
"8515",0.635937468875158,-1.18312551152657,-1.59060171572845
"8516",0.634967625257079,-1.18346491000613,-1.59075188810169
"8517",0.634235257702789,-1.18372110904084,-1.59086516497539
"8518",0.633212476176562,-1.18407876583819,-1.59102318192727
"8519",0.632554230881846,-1.1843088641935,-1.59112476880025
"8520",0.631007127147344,-1.18484941690852,-1.5913631932959
"8521",0.630545121777302,-1.18501076985156,-1.59143430065133
"8522",0.630244320602216,-1.18511580574233,-1.59148057419862
"8523",0.629227823231137,-1.18547065235895,-1.59163681317717
"8524",0.627164077727601,-1.18619060020019,-1.59195338549537
"8525",0.626154720825428,-1.1865424851558,-1.59210790950347
"8526",0.62602762121048,-1.18658678409196,-1.59212735303001
"8527",0.625288595281217,-1.18684431376394,-1.59224034463822
"8528",0.623231588405635,-1.18756068858352,-1.59255427477195
"8529",0.622745688743196,-1.1877298151634,-1.59262830773282
"8530",0.622699458136443,-1.18774590474606,-1.59263534911004
"8531",0.621532566979038,-1.18815190971577,-1.59281293773188
"8532",0.620353028623792,-1.18856210641684,-1.59299217669178
"8533",0.620341468759789,-1.1885661254414,-1.59299393192772
"8534",0.619855944754851,-1.18873490965768,-1.59306762939429
"8535",0.619394012142249,-1.18889545973468,-1.59313770256593
"8536",0.618376135501073,-1.18924912113049,-1.59329196081383
"8537",0.617463216715395,-1.18956618207755,-1.59343013823277
"8538",0.617289288369323,-1.18962657395984,-1.59345644493643
"8539",0.616468308949459,-1.18991157517655,-1.59358053741945
"8540",0.615936377869394,-1.19009617968355,-1.59366086851806
"8541",0.614768851507023,-1.19050121550417,-1.59383698956725
"8542",0.614514417789383,-1.19058945587736,-1.59387533504401
"8543",0.613380968086211,-1.19098243009444,-1.59404600069271
"8544",0.613253737703289,-1.19102652960235,-1.59406514215442
"8545",0.612813715462826,-1.19117902756275,-1.59413131762336
"8546",0.61239730133754,-1.19132331684604,-1.59419390739769
"8547",0.609274241447207,-1.19240463876886,-1.59466223200363
"8548",0.608556871680318,-1.19265281218719,-1.59476953464585
"8549",0.607665398077267,-1.19296110883134,-1.59490273788052
"8550",0.607527026977708,-1.19300895073934,-1.59492339911997
"8551",0.606774839727081,-1.19326896970699,-1.59503564786659
"8552",0.606450806723448,-1.19338095648849,-1.59508396886982
"8553",0.606045264363996,-1.19352109093977,-1.59514441569382
"8554",0.605582820087859,-1.193680857629,-1.59521330430471
"8555",0.605169843698456,-1.19382350688025,-1.59527478825664
"8556",0.604459646086881,-1.19406876172065,-1.59538044397303
"8557",0.604054529252595,-1.19420862816588,-1.59544066850433
"8558",0.603908222222839,-1.19425913457246,-1.59546241051703
"8559",0.603568730476335,-1.19437631760114,-1.59551284458879
"8560",0.601658288595639,-1.19503542682016,-1.59579623237746
"8561",0.600778886120381,-1.19533864031364,-1.59592643843521
"8562",0.600176688961806,-1.19554620816494,-1.59601551326132
"8563",0.59804620601689,-1.19628011744947,-1.59633007489635
"8564",0.596633322938194,-1.19676645451622,-1.5965381930562
"8565",0.596065320545451,-1.19696188628224,-1.59662174967317
"8566",0.59555569629603,-1.19713719109588,-1.5966966646804
"8567",0.594756962604769,-1.19741186846711,-1.59681397651679
"8568",0.593123125535396,-1.19797343504986,-1.59705355265374
"8569",0.59282240866713,-1.19807675132451,-1.59709759103701
"8570",0.59249802449966,-1.19818818384409,-1.59714507552858
"8571",0.591396886126739,-1.19856633069725,-1.59730611047189
"8572",0.590743088165875,-1.198790769316,-1.59740161233909
"8573",0.590493127481259,-1.19887656017264,-1.59743810262448
"8574",0.589628243697233,-1.19917333192824,-1.59756426767699
"8575",0.587681352434505,-1.19984097306476,-1.59784773604218
"8576",0.587503335643135,-1.19990199182052,-1.59787361844964
"8577",0.58745697703038,-1.19991788137802,-1.59788035765549
"8578",0.586066144473457,-1.20039444588961,-1.59808234959638
"8579",0.585532954016125,-1.20057706623592,-1.59815968530245
"8580",0.585034517869731,-1.20074774512761,-1.59823192999882
"8581",0.578824103336365,-1.20287130240205,-1.5991280274563
"8582",0.578797223572572,-1.20288048120972,-1.59913188961656
"8583",0.578657568255481,-1.20292816851245,-1.59915195342665
"8584",0.578506804667938,-1.20297964568102,-1.59917360887077
"8585",0.577973810798876,-1.20316160596893,-1.59925013186822
"8586",0.577393913429355,-1.20335953146298,-1.59933332621711
"8587",0.57660472389808,-1.20362881155538,-1.59944644153677
"8588",0.575931974842893,-1.20385828885872,-1.5995427718697
"8589",0.574331657102739,-1.20440389725316,-1.5997715670494
"8590",0.573031826377585,-1.20484678277486,-1.59995703654555
"8591",0.570699676797151,-1.20564078738429,-1.60028898445649
"8592",0.569133584901886,-1.20617353465902,-1.60051130421097
"8593",0.567590044333701,-1.20669826114334,-1.60072995847429
"8594",0.564990025834584,-1.2075813542665,-1.6010972300627
"8595",0.561309256014553,-1.20882984671597,-1.60161493504587
"8596",0.561077522013692,-1.20890838369931,-1.60164744133963
"8597",0.560965098493516,-1.20894648236292,-1.60166320772826
"8598",0.559637646280261,-1.20939619807171,-1.60184918691295
"8599",0.559068133796419,-1.20958906008422,-1.6019288729524
"8600",0.558429901581376,-1.20980513797563,-1.60201810006379
"8601",0.55694331328932,-1.21030820475438,-1.60222562651243
"8602",0.556455494592175,-1.21047321490565,-1.60229363297898
"8603",0.555967169022721,-1.21063836217049,-1.60236166429504
"8604",0.554759490352218,-1.21104664063311,-1.60252971585449
"8605",0.553794954268957,-1.21137256942677,-1.60266373229173
"8606",0.553202478430532,-1.21157270809028,-1.60274596466141
"8607",0.55214575012388,-1.21192954627989,-1.60289246548047
"8608",0.55152451668861,-1.21213925081639,-1.60297849094856
"8609",0.549972503281443,-1.2126629089271,-1.60319308305951
"8610",0.548601303178573,-1.2131252723134,-1.60338229060293
"8611",0.544254504382966,-1.21458921808868,-1.6039797126923
"8612",0.543254804435241,-1.21492552247057,-1.60411659998446
"8613",0.543034423612454,-1.21499964058003,-1.60414675068745
"8614",0.542603803397027,-1.21514444607036,-1.60420563785316
"8615",0.541918390295125,-1.21537487675677,-1.60429929481885
"8616",0.541755137353157,-1.21542975129008,-1.60432158897934
"8617",0.541302213678991,-1.21558197354797,-1.60438341453913
"8618",0.540592508478619,-1.21582043829549,-1.60448021287733
"8619",0.538709232546102,-1.21645288181645,-1.60473661147509
"8620",0.537744206868895,-1.21677676237085,-1.60486773286427
"8621",0.537697691827307,-1.21679237034299,-1.60487404854103
"8622",0.537290679577345,-1.21692892889039,-1.6049292938927
"8623",0.536464995136494,-1.21720588585776,-1.60504127030021
"8624",0.535080516845058,-1.21767006051391,-1.60522873702172
"8625",0.533359586758098,-1.21824665903118,-1.60546125283309
"8626",0.53013179588253,-1.21932700265722,-1.60589584297298
"8627",0.527053821966359,-1.22035583305494,-1.60630841891809
"8628",0.5259014422445,-1.22074067929024,-1.60646242316748
"8629",0.52583162041254,-1.22076399083558,-1.60647174608246
"8630",0.525750161251328,-1.22079118689125,-1.60648262169654
"8631",0.524714432716324,-1.22113689515728,-1.60662079220236
"8632",0.524656243881157,-1.22115631311074,-1.60662854880582
"8633",0.523445871927145,-1.22156011346582,-1.60678974663994
"8634",0.52160736935392,-1.22217307550207,-1.60703406850406
"8635",0.521141770568275,-1.22232823230633,-1.60709584122709
"8636",0.521071929691957,-1.22235150356154,-1.60710510373787
"8637",0.520094128510105,-1.22267723908486,-1.60723468581833
"8638",0.519581433213512,-1.22284798014492,-1.60730255794952
"8639",0.519465021372811,-1.2228867432397,-1.60731796197021
"8640",0.517765322260814,-1.22345249752368,-1.60754258023847
"8641",0.517594879015471,-1.22350920825378,-1.60756507448689
"8642",0.517520831762769,-1.22353384436359,-1.60757484516262
"8643",0.51727683026089,-1.22361502019089,-1.60760703429073
"8644",0.517264695306175,-1.22361905710086,-1.60760863486261
"8645",0.515932408663768,-1.22406214125905,-1.60778419109073
"8646",0.51555363748277,-1.2241880656309,-1.60783404077736
"8647",0.515134457808989,-1.22432740072312,-1.60788917699319
"8648",0.514924864367379,-1.22439706029623,-1.60791673312965
"8649",0.513387280249434,-1.22490789830974,-1.60811863217391
"8650",0.513049568673603,-1.22502005363059,-1.60816291705101
"8651",0.509637666110524,-1.22615227216965,-1.60860912047824
"8652",0.509346477395333,-1.22624882662033,-1.60864710000164
"8653",0.508496180716715,-1.22653070697281,-1.60875791205707
"8654",0.508414643417239,-1.22655773200537,-1.60876853096996
"8655",0.508041404472697,-1.22668142800811,-1.60881712330151
"8656",0.506026611030114,-1.22734882319095,-1.60907897783279
"8657",0.505140723736917,-1.22764209381867,-1.60919387097046
"8658",0.504535396715095,-1.22784242351474,-1.60927229248707
"8659",0.503696045728845,-1.22812011867968,-1.60938091819909
"8660",0.503602837023054,-1.22815095034165,-1.60939297274486
"8661",0.502519253318096,-1.22850929146385,-1.60953299104346
"8662",0.500281989245402,-1.22924864427542,-1.60982138643604
"8663",0.499781393619357,-1.22941398300476,-1.60988578702067
"8664",0.499769740252095,-1.22941783151639,-1.60988728564087
"8665",0.499260689147586,-1.2295859269158,-1.60995272457137
"8666",0.499209877889065,-1.22960270351555,-1.60995925372557
"8667",0.496483090318882,-1.2305025018357,-1.61030892921816
"8668",0.496296244303755,-1.23056412094885,-1.61033283867556
"8669",0.496028169085039,-1.23065251994868,-1.61036713104691
"8670",0.495655189044754,-1.23077549545481,-1.61041482046274
"8671",0.4954686964881,-1.23083697692152,-1.61043865569719
"8672",0.493744053468281,-1.23140531945366,-1.61065876936769
"8673",0.491120614482556,-1.23226907615343,-1.61099252456434
"8674",0.490957759231186,-1.23232266472583,-1.61101320052337
"8675",0.49072422980893,-1.23239950280105,-1.61104284053171
"8676",0.489675433616472,-1.23274449637771,-1.61117582967421
"8677",0.489581667965974,-1.23277533260679,-1.61118770927382
"8678",0.486724997541917,-1.23371421976464,-1.61154884399068
"8679",0.486328531929749,-1.23384443673147,-1.611598843558
"8680",0.48629404240547,-1.23385576362202,-1.61160319175182
"8681",0.486200262104392,-1.23388656170249,-1.6116150137782
"8682",0.485558901720472,-1.23409715687592,-1.61169582006815
"8683",0.485248244555326,-1.23419914333954,-1.61173493269518
"8684",0.484241139061734,-1.23452967901634,-1.61186160590049
"8685",0.484206153143044,-1.23454115905993,-1.61186600299788
"8686",0.483937925935558,-1.23462916783877,-1.61189970669465
"8687",0.482974148476821,-1.23494531544454,-1.61202069760114
"8688",0.481104343884724,-1.23555830973257,-1.61225493376275
"8689",0.480928896096334,-1.23561580414373,-1.612276879077
"8690",0.480556148337047,-1.23573794019932,-1.6123234839027
"8691",0.480439016071898,-1.23577631637663,-1.61233812363779
"8692",0.480124580852944,-1.23587932601944,-1.61237741052298
"8693",0.477044560041602,-1.23688764505875,-1.61276126410317
"8694",0.47690506508076,-1.23693328196266,-1.61277860695977
"8695",0.476304626733474,-1.23712969044819,-1.61285321557416
"8696",0.474886315147177,-1.23759344048101,-1.61302918312747
"8697",0.473160071033873,-1.23815751316032,-1.61324284844178
"8698",0.473136735890545,-1.2381651354935,-1.61324573293015
"8699",0.472611195806311,-1.23833678184447,-1.61331066872013
"8700",0.472459513512938,-1.2383863158559,-1.61332940101308
"8701",0.470106684333801,-1.23915427274,-1.61361941826084
"8702",0.470090813232955,-1.23915945051807,-1.61362137107623
"8703",0.469519023639465,-1.23934596843105,-1.61369169399348
"8704",0.468370417474242,-1.23972051258676,-1.61383277380179
"8705",0.467873596229949,-1.23988246458742,-1.61389372062476
"8706",0.466928795123179,-1.24019035697103,-1.61400949575482
"8707",0.466100174391067,-1.2404602908743,-1.61411089727834
"8708",0.465919628900008,-1.24051909381236,-1.61413297434933
"8709",0.465562813536412,-1.2406352944226,-1.61417658780359
"8710",0.465446101743054,-1.24067329916021,-1.6141908483081
"8711",0.463917128056014,-1.2411710105349,-1.61437743252232
"8712",0.463427397064025,-1.2413303622682,-1.61443710345147
"8713",0.463310182007578,-1.24136849772942,-1.61445137881248
"8714",0.461279144170118,-1.24202899953115,-1.61469832815091
"8715",0.460404141984746,-1.24231338588434,-1.61480448100884
"8716",0.460345280954878,-1.2423325128081,-1.61481161675127
"8717",0.458430758825999,-1.24295438874423,-1.61504336334039
"8718",0.457485121305016,-1.24326137299452,-1.61515757799271
"8719",0.454940270578587,-1.24408692895574,-1.61546412027862
"8720",0.452499554118056,-1.24487790468365,-1.6157569873881
"8721",0.452488371024169,-1.24488152704992,-1.6157583267236
"8722",0.452090861485767,-1.24501027551332,-1.61580591907613
"8723",0.448821109375934,-1.24606852362432,-1.61619627992193
"8724",0.448120399963266,-1.24629512491112,-1.6162796758928
"8725",0.447151551426235,-1.24660833374336,-1.61639483455416
"8726",0.446508704662866,-1.24681608534798,-1.6164711479477
"8727",0.446380232404291,-1.2468575978332,-1.61648638989511
"8728",0.444464762078282,-1.24747627756796,-1.61671327762752
"8729",0.442892117690153,-1.24798387079939,-1.61689904814006
"8730",0.441708501974727,-1.24836568761891,-1.61703856125876
"8731",0.441165811441687,-1.24854069071763,-1.61710244136919
"8732",0.439411079483191,-1.24910628324288,-1.61730861667894
"8733",0.439091457421843,-1.24920926221316,-1.61734610969578
"8734",0.438308746513045,-1.2494613878491,-1.61743784491551
"8735",0.437818082071126,-1.24961939950764,-1.6174952937478
"8736",0.436766632901505,-1.24995789926812,-1.61761825090113
"8737",0.436521289811407,-1.25003686358266,-1.61764691196207
"8738",0.435450638744555,-1.25038136445366,-1.61777185505422
"8739",0.435317913447663,-1.25042406085166,-1.61778732904507
"8740",0.433776151643003,-1.2509198636913,-1.61796683832914
"8741",0.432911522178632,-1.25119777888712,-1.61806731524975
"8742",0.43275913142021,-1.25124675140151,-1.61808500991162
"8743",0.432315121769213,-1.25138942194093,-1.61813654097758
"8744",0.432046376230827,-1.25147576375393,-1.61816771340101
"8745",0.431999637657084,-1.25149077884325,-1.61817313335009
"8746",0.431672959916532,-1.25159571847533,-1.6182110045958
"8747",0.431637411512674,-1.25160713696343,-1.61821512447329
"8748",0.430270626956994,-1.25204603806091,-1.61837335006224
"8749",0.429511077511195,-1.25228984040734,-1.61846112943548
"8750",0.429008729348424,-1.2524510448621,-1.61851912588224
"8751",0.428657663193555,-1.25256368341819,-1.6185596289411
"8752",0.428517433392853,-1.2526086713235,-1.61857580108905
"8753",0.426601265106339,-1.2532231554074,-1.61879641995064
"8754",0.425976519957446,-1.25342339937441,-1.61886820312519
"8755",0.423995217972031,-1.25405811810097,-1.61909537610414
"8756",0.421318228926995,-1.25491490683416,-1.6194011600797
"8757",0.420383163530678,-1.25521396559385,-1.61950765676153
"8758",0.418664920761122,-1.2557632150633,-1.61970292900758
"8759",0.418454880412894,-1.25583033030869,-1.61972676184543
"8760",0.417379110653799,-1.25617398850708,-1.61984869909419
"8761",0.416736189691934,-1.25637930154631,-1.61992147111916
"8762",0.415684114579872,-1.25671516239144,-1.62004039006705
"8763",0.414819054196634,-1.25699121612423,-1.62013801668552
"8764",0.413186612515241,-1.25751189444467,-1.62032186890977
"8765",0.412808301680516,-1.25763251109478,-1.62036440540367
"8766",0.411949874726585,-1.25790613577692,-1.62046082690779
"8767",0.411674287279757,-1.25799395986877,-1.62049175292527
"8768",0.411335246035104,-1.25810199222221,-1.62052978034917
"8769",0.410587007373362,-1.25834036015534,-1.62061362874059
"8770",0.4100300298144,-1.25851775174616,-1.62067597694321
"8771",0.408786998341472,-1.25891350325078,-1.62081491514902
"8772",0.408662103952589,-1.25895325586582,-1.62082885924693
"8773",0.406729188203433,-1.25956823274589,-1.62104429570963
"8774",0.406085608361178,-1.25977288986918,-1.62111587361106
"8775",0.40551936551386,-1.25995291089871,-1.62117878684783
"8776",0.405443008080646,-1.25997718351809,-1.62118726611297
"8777",0.405419128217617,-1.25998477433557,-1.6211899176791
"8778",0.404834982807015,-1.26017043738589,-1.6212547470152
"8779",0.403852770914152,-1.26048252407541,-1.62136361206744
"8780",0.402472961585067,-1.26092073830469,-1.62151624405228
"8781",0.40232466260268,-1.26096782242964,-1.62153262765694
"8782",0.401303599685259,-1.26129192956125,-1.6216453210597
"8783",0.401069229355353,-1.26136630526779,-1.62167116100368
"8784",0.401045841706178,-1.26137372678937,-1.62167373899595
"8785",0.399806774418484,-1.26176681780457,-1.6218101752448
"8786",0.399396983662852,-1.2618967806311,-1.62185523567372
"8787",0.398321102805784,-1.26223789025688,-1.62197339132613
"8788",0.397888899464892,-1.2623748802463,-1.6220207966089
"8789",0.397655007167437,-1.26244900438079,-1.62204643617385
"8790",0.396298410296108,-1.26287879653088,-1.62219494855492
"8791",0.396161787495338,-1.26292206815036,-1.62220988637104
"8792",0.395642993915892,-1.26308636094846,-1.62226657785305
"8793",0.395175187459333,-1.26323447825773,-1.6223176550258
"8794",0.394274648112678,-1.26351953109632,-1.622415865991
"8795",0.392064167989477,-1.26421879902552,-1.62265630083982
"8796",0.39067233760385,-1.26465878199575,-1.62280722748431
"8797",0.388602565968207,-1.26531263003549,-1.62303100638409
"8798",0.387717332351737,-1.26559211631112,-1.62312647410431
"8799",0.386449850588339,-1.26599211724953,-1.62326291319755
"8800",0.386309485617035,-1.26603640240783,-1.62327800464513
"8801",0.386169120314651,-1.26608068523486,-1.62329309248893
"8802",0.385829902805812,-1.26618769244243,-1.62332953989967
"8803",0.384391626167836,-1.26664124333474,-1.62348384022938
"8804",0.384063963941755,-1.26674453370514,-1.6235189388611
"8805",0.382402530945855,-1.26726807059831,-1.62369660368615
"8806",0.38219196959412,-1.26733439664628,-1.62371908361147
"8807",0.382156875968737,-1.26734545047776,-1.62372282947705
"8808",0.382016501276981,-1.26738966434703,-1.62373781068603
"8809",0.379197741128093,-1.26827697718738,-1.62403786741272
"8810",0.377536549028111,-1.26879944395702,-1.62421401442671
"8811",0.375337165256843,-1.26949065859865,-1.6244464461409
"8812",0.374758416436845,-1.26967244732939,-1.62450746024456
"8813",0.374318848721272,-1.26981049100511,-1.62455376001975
"8814",0.37416675924255,-1.26985824831729,-1.624569771344
"8815",0.373113823980154,-1.27018880088096,-1.62468050283259
"8816",0.372892030568095,-1.27025841218769,-1.62470380157446
"8817",0.370181445468767,-1.27110866212139,-1.62498780777791
"8818",0.369756039498846,-1.27124202116838,-1.62503225745121
"8819",0.368562648853197,-1.27161601551363,-1.6251567740074
"8820",0.366507641592942,-1.27225962441726,-1.62537057521105
"8821",0.365122789664938,-1.27269305783405,-1.62551421515215
"8822",0.364003757632596,-1.27304312463074,-1.62563002556572
"8823",0.36389845275022,-1.273076059349,-1.6256409118615
"8824",0.36288050015399,-1.27339436077655,-1.6257460413075
"8825",0.362607171176334,-1.27347980607952,-1.62577423695969
"8826",0.362096553123089,-1.27363940605693,-1.62582687365352
"8827",0.361998733650076,-1.27366997714335,-1.6258369518229
"8828",0.361730110761425,-1.27375392271576,-1.62586461850592
"8829",0.361601402090671,-1.27379414152602,-1.62587787008365
"8830",0.360840353129524,-1.27403191276024,-1.62595616375815
"8831",0.360501027346642,-1.27413790430203,-1.62599103786057
"8832",0.360138661100065,-1.27425107739992,-1.62602825653019
"8833",0.35962345618899,-1.27441195731722,-1.62608113164929
"8834",0.359085209422421,-1.27457999818255,-1.62613631934033
"8835",0.35857072491742,-1.27474058781483,-1.62618902077523
"8836",0.357318339913096,-1.2751313701905,-1.6263171056807
"8837",0.356932199724108,-1.27525181964106,-1.6263565390823
"8838",0.35634713676683,-1.27543428527431,-1.62641623457847
"8839",0.356183813490442,-1.27548521412687,-1.62643288762911
"8840",0.355645058015687,-1.27565319070437,-1.62648778634007
"8841",0.3548732622752,-1.27589376527636,-1.62656633857582
"8842",0.354591933571785,-1.27598143977074,-1.62659494453654
"8843",0.352825503500476,-1.27653172065592,-1.62677422522203
"8844",0.352696291569525,-1.27657195826001,-1.62678731682373
"8845",0.352509066478028,-1.27663025806529,-1.62680628080094
"8846",0.349595845662355,-1.27753686185653,-1.62710052931361
"8847",0.348986858521137,-1.2777262523807,-1.62716184249938
"8848",0.348975156728164,-1.27772989111848,-1.62716301997489
"8849",0.348542684750678,-1.27786435922167,-1.62720651915972
"8850",0.348425171739214,-1.27790089357287,-1.62721833298859
"8851",0.347384201900577,-1.2782244552032,-1.62732287297452
"8852",0.347114563779739,-1.27830824495921,-1.62734991904195
"8853",0.347036864436831,-1.27833238833745,-1.62735771019768
"8854",0.346775208752061,-1.27841368684887,-1.62738393906621
"8855",0.346646982574129,-1.2784535247671,-1.62739678810819
"8856",0.346486874849858,-1.27850326504472,-1.62741282763042
"8857",0.346365641726422,-1.27854092621235,-1.62742496957619
"8858",0.346119901197879,-1.2786172603336,-1.62744957310819
"8859",0.346084795389281,-1.27862816462664,-1.62745308699393
"8860",0.345386892180746,-1.27884491142681,-1.62752289598513
"8861",0.344352903326578,-1.27916592928717,-1.62762615790914
"8862",0.343861418611131,-1.27931847374085,-1.62767517235983
"8863",0.342165115521117,-1.27984474291096,-1.62784399900156
"8864",0.341661925712838,-1.28000078921311,-1.62789397786312
"8865",0.340877389783557,-1.28024402501751,-1.62797180832376
"8866",0.339695474685891,-1.28061032563646,-1.62808884749732
"8867",0.338419939879207,-1.28100545539087,-1.62821486934251
"8868",0.337893342284445,-1.28116852641597,-1.62826680958181
"8869",0.337331637838538,-1.28134243281182,-1.62832215637535
"8870",0.337296531300117,-1.28135330072665,-1.62832561362612
"8871",0.335400776873923,-1.28193995239354,-1.62851196903613
"8872",0.33364544760833,-1.28248277069239,-1.62868393175686
"8873",0.332744378764223,-1.28276127637145,-1.62877198609403
"8874",0.332498632780976,-1.28283721585955,-1.62879597502424
"8875",0.330743800517307,-1.28337928101415,-1.62896695369278
"8876",0.329866005826117,-1.28365029476319,-1.62905226770765
"8877",0.32951457878617,-1.28375877035926,-1.62908638369671
"8878",0.328016705459162,-1.28422095906919,-1.62923154057398
"8879",0.325290120554456,-1.28506160845607,-1.629494712774
"8880",0.324892251469239,-1.28518420510252,-1.6295330013077
"8881",0.322107182491592,-1.28604185953035,-1.62980020595473
"8882",0.321065714491029,-1.28636234433724,-1.62989976052374
"8883",0.319895531129333,-1.28672228721151,-1.63001138153343
"8884",0.319883829326051,-1.28672588582579,-1.63001249647126
"8885",0.318971585413965,-1.28700637593522,-1.63009933693303
"8886",0.318748757406015,-1.28707487475498,-1.63012052568543
"8887",0.318562024442327,-1.28713227326968,-1.63013827513481
"8888",0.315472297476094,-1.28808141429468,-1.63043103252744
"8889",0.31508614714783,-1.28819995888517,-1.63046749780555
"8890",0.313091901329362,-1.28881189882383,-1.63065538446064
"8891",0.312383120271183,-1.28902927933037,-1.63072198600732
"8892",0.311482121814171,-1.28930552827455,-1.63080651640405
"8893",0.311330500525392,-1.28935200660541,-1.63082072665101
"8894",0.311306603279264,-1.28935933187847,-1.63082296596323
"8895",0.310751645898483,-1.28952942556008,-1.6308749392453
"8896",0.310686934298508,-1.28954925725966,-1.63088099598414
"8897",0.310488014421739,-1.28961021577617,-1.63089960925134
"8898",0.309738647376757,-1.28983981644673,-1.6309696635692
"8899",0.309317408544623,-1.28996885251656,-1.63100899768093
"8900",0.308767954634923,-1.29013713330768,-1.63106025521273
"8901",0.307445252384998,-1.29054209336072,-1.63118342038244
"8902",0.306801705125571,-1.29073904957999,-1.63124322900894
"8903",0.305573619199085,-1.2911147701553,-1.63135715130311
"8904",0.302238472238672,-1.29213424934748,-1.63166513652286
"8905",0.301946458541195,-1.29222345048626,-1.63169200541629
"8906",0.299828227631295,-1.29287021147665,-1.63188644046153
"8907",0.298225692952983,-1.29335917278908,-1.63203299188057
"8908",0.298131731606277,-1.29338783290859,-1.63204156999389
"8909",0.296360068480654,-1.29392803704877,-1.63220300897269
"8910",0.295499299286863,-1.29419036771207,-1.63228123674424
"8911",0.29534720557366,-1.29423671145788,-1.63229504507074
"8912",0.288924921209294,-1.29619120713951,-1.6328742378909
"8913",0.288620264254397,-1.29628380681283,-1.63290152522688
"8914",0.288351693327863,-1.29636542948492,-1.63292556629914
"8915",0.286187011394485,-1.29702300918938,-1.63311885387253
"8916",0.285683993449931,-1.29717573811996,-1.63316364589107
"8917",0.285625503224777,-1.29719349536462,-1.63316885122967
"8918",0.284596083309621,-1.29750595694583,-1.63326036166674
"8919",0.284085591538865,-1.29766086284067,-1.63330566974447
"8920",0.283898427333596,-1.29771764938464,-1.63332226928945
"8921",0.283496492739424,-1.29783958491822,-1.63335789502803
"8922",0.281227182302898,-1.29852768622851,-1.63355848035547
"8923",0.280455166927659,-1.29876164433635,-1.63362650356948
"8924",0.279343949196973,-1.29909827903147,-1.63372422218554
"8925",0.277367200654318,-1.29969677510928,-1.63389749367775
"8926",0.27619755743926,-1.30005069816331,-1.63399968061015
"8927",0.275671225541603,-1.30020991099105,-1.63404558210543
"8928",0.275039633530491,-1.30040092333344,-1.63410059619859
"8929",0.27468875205834,-1.30050702100838,-1.63413112766876
"8930",0.273660006706803,-1.30081800776169,-1.63422051220382
"8931",0.272372988668627,-1.30120690214007,-1.63433206356407
"8932",0.27147243999096,-1.30147890762991,-1.63440993705417
"8933",0.271040208616512,-1.3016094282814,-1.63444726065756
"8934",0.270443259714241,-1.30178965413372,-1.63449875135686
"8935",0.269917476471846,-1.30194836114986,-1.63454404934198
"8936",0.26989359194542,-1.30195556992863,-1.63454610586804
"8937",0.269063253537706,-1.3022061412275,-1.63461753523447
"8938",0.26843173732117,-1.30239666223533,-1.63467177624744
"8939",0.267788534230765,-1.3025906631435,-1.63472694573851
"8940",0.267390921780686,-1.30271056661538,-1.63476101215848
"8941",0.267051784184738,-1.30281282251482,-1.63479004565124
"8942",0.266969923722915,-1.3028375029445,-1.63479705054117
"8943",0.266327233456264,-1.30303124410559,-1.63485200348086
"8944",0.266140126696413,-1.30308763939537,-1.63486798769736
"8945",0.266081161489223,-1.30310541111161,-1.63487302366319
"8946",0.265921654926645,-1.30315348336803,-1.63488664323447
"8947",0.265087664177522,-1.30340478609881,-1.63495777796105
"8948",0.264210134650458,-1.30366912432046,-1.63503248832745
"8949",0.264074021427349,-1.30371011800726,-1.63504406394483
"8950",0.262958925199125,-1.30404587754506,-1.63513876804428
"8951",0.259614732073494,-1.30505199542617,-1.63542141714153
"8952",0.259486114044318,-1.30509066597106,-1.63543224681418
"8953",0.258060141854038,-1.30551927830296,-1.63555211034597
"8954",0.257989856629425,-1.30554039847771,-1.63555800867578
"8955",0.257054626877228,-1.30582137567782,-1.63563640665145
"8956",0.255745020807375,-1.30621466605459,-1.63574591747358
"8957",0.254774270331298,-1.30650607128713,-1.63582688932879
"8958",0.254155130470544,-1.3066918735587,-1.63587844229991
"8959",0.253336265007106,-1.30693754775484,-1.63594651727833
"8960",0.251676189333665,-1.30743537223797,-1.63608414653192
"8961",0.250191529761743,-1.30788033471988,-1.63620680361789
"8962",0.249350351156032,-1.30813233356294,-1.63627611880723
"8963",0.249314787526612,-1.30814298593291,-1.63627904647102
"8964",0.249046417999108,-1.30822336612655,-1.63630113164723
"8965",0.248994169175013,-1.30823901441034,-1.6363054298666
"8966",0.248917831582075,-1.30826187662861,-1.636311708832
"8967",0.247105481610956,-1.30880446551174,-1.63646046452586
"8968",0.244335256578604,-1.30963312756081,-1.636686673643
"8969",0.243914480190864,-1.30975892120304,-1.6367209095365
"8970",0.243833157328862,-1.30978323091787,-1.63672752250074
"8971",0.243170653555407,-1.30998124502761,-1.63678135022134
"8972",0.241822355357059,-1.31038408551273,-1.63689064836242
"8973",0.240092641613013,-1.31090059177882,-1.63703037511302
"8974",0.239871083779443,-1.3109667269806,-1.63704823278678
"8975",0.239695286318471,-1.31101919884005,-1.63706239571473
"8976",0.239462044086422,-1.31108881152707,-1.63708117782573
"8977",0.238772036173907,-1.31129471401698,-1.63713668283444
"8978",0.23846818678867,-1.31138536793516,-1.63716109698707
"8979",0.238374695179618,-1.31141325926022,-1.6371686055691
"8980",0.238118088651525,-1.31148980768891,-1.63718920610201
"8981",0.235651858258051,-1.31222514236302,-1.63738657751089
"8982",0.234892799703615,-1.31245133031478,-1.63744709888122
"8983",0.233922439060521,-1.31274039131573,-1.6375243130082
"8984",0.232718907196096,-1.31309876876479,-1.63761983975916
"8985",0.231071421867564,-1.31358908638565,-1.63775017045427
"8986",0.230125524107408,-1.31387046662311,-1.63782477286398
"8987",0.230067105725239,-1.31388784138849,-1.63782937486992
"8988",0.229809572003531,-1.31396443250003,-1.63784965500537
"8989",0.227958624713293,-1.31451469572332,-1.63799505196336
"8990",0.225907485571045,-1.31512403764062,-1.63815543495891
"8991",0.225686018462233,-1.31518980257335,-1.63817270542674
"8992",0.223699624522296,-1.31577942632595,-1.63832720304473
"8993",0.222391334061626,-1.31616753365934,-1.63842856048924
"8994",0.221854016095269,-1.31632687643005,-1.63847009647693
"8995",0.221585854457144,-1.31640638860852,-1.63849080603648
"8996",0.2165401014676,-1.31790104388769,-1.63887799650545
"8997",0.215983372055025,-1.31806578972529,-1.63892042872853
"8998",0.215874554094517,-1.31809798692206,-1.63892871579084
"8999",0.212849492644681,-1.31899253387114,-1.63915821135369
"9000",0.210502455326895,-1.31968590064755,-1.63933509938429
"9001",0.210082604194901,-1.31980987135989,-1.63936663430699
"9002",0.207284173293705,-1.32063568769634,-1.6395759877088
"9003",0.207011445046493,-1.32071612468487,-1.63959631299722
"9004",0.206672874919547,-1.32081596959427,-1.639621525978
"9005",0.206030770376082,-1.32100529348105,-1.63966928436425
"9006",0.205353657920394,-1.32120489142665,-1.63971956356674
"9007",0.20486383902283,-1.32134924863033,-1.63975588210773
"9008",0.203696463153418,-1.32169318850611,-1.63984225956176
"9009",0.203299073016077,-1.32181023680977,-1.63987160577659
"9010",0.201237172848633,-1.32241728225748,-1.64002340009918
"9011",0.201174607329678,-1.32243569509194,-1.64002799372484
"9012",0.199797789135826,-1.32284078220722,-1.64012889675367
"9013",0.199645562179818,-1.32288555792453,-1.64014003136656
"9014",0.199575531664702,-1.32290615572027,-1.64014515228711
"9015",0.198467233208015,-1.32323206524775,-1.64022607408439
"9016",0.198303342676208,-1.32328024823076,-1.64023802105004
"9017",0.197579739465008,-1.32349294955948,-1.64029070903916
"9018",0.19637816188543,-1.32384602661138,-1.64037798451708
"9019",0.195934199808387,-1.32397644343328,-1.64041016324021
"9020",0.195560758418958,-1.32408612803317,-1.64043720212814
"9021",0.195553290857675,-1.32408832120132,-1.64043774254917
"9022",0.191826641658135,-1.32518206850013,-1.64070613987004
"9023",0.191523268631477,-1.32527104134445,-1.6407278751231
"9024",0.191079883825331,-1.32540105902814,-1.64075961067645
"9025",0.190449824080015,-1.32558578106333,-1.64080464450982
"9026",0.190298145385754,-1.32563024418124,-1.64081547475624
"9027",0.189196432952785,-1.3259531268791,-1.64089401097238
"9028",0.187685242733728,-1.32639580668794,-1.64100136846351
"9029",0.186984779405848,-1.3266009142651,-1.64105098589844
"9030",0.186448149215496,-1.32675801345428,-1.64108893618143
"9031",0.18635482342427,-1.32678533157992,-1.64109553065411
"9032",0.184500540612975,-1.32732792161037,-1.64122621828536
"9033",0.184045617172631,-1.3274609830788,-1.64125818256884
"9034",0.182470816576655,-1.32792143023626,-1.64136853394439
"9035",0.182319319244713,-1.32796571183948,-1.64137912539746
"9036",0.181840616885178,-1.32810561719164,-1.64141256413152
"9037",0.179800081712739,-1.32870171105967,-1.6415546204543
"9038",0.178878761096256,-1.32897070864988,-1.64161850483242
"9039",0.178762140817463,-1.32900475182468,-1.64162657995216
"9040",0.178015291720328,-1.32922273398457,-1.64167823352857
"9041",0.177646322037965,-1.3293304030766,-1.64170371365778
"9042",0.177164008683155,-1.32947112531647,-1.64173698256648
"9043",0.176942446994289,-1.32953576106662,-1.64175225079486
"9044",0.174696166315713,-1.3301907715201,-1.64190652680717
"9045",0.173386091439881,-1.33057254076088,-1.64199606692374
"9046",0.172908559329186,-1.33071165353245,-1.64202862492788
"9047",0.172779817408104,-1.33074915401024,-1.64203739519579
"9048",0.172325122575516,-1.33088158542624,-1.64206834542648
"9049",0.17208029069924,-1.33095288452446,-1.64208499461106
"9050",0.171509026691222,-1.33111922152237,-1.64212379826365
"9051",0.170576382034265,-1.33139070919646,-1.64218701741605
"9052",0.169597639962136,-1.33167551713219,-1.6422531856554
"9053",0.167405682184324,-1.33231299786336,-1.6424007210024
"9054",0.166112380318972,-1.33268888816268,-1.64248734635474
"9055",0.165133343083326,-1.33297332248665,-1.64255271303696
"9056",0.165039610898359,-1.33300054870366,-1.64255896172717
"9057",0.164946371941218,-1.33302763073821,-1.64256517589584
"9058",0.16439114340949,-1.33318888260116,-1.64260214675814
"9059",0.164083930476272,-1.33327809079444,-1.6426225781319
"9060",0.163839189793955,-1.33334915126479,-1.64263884203676
"9061",0.160809296081745,-1.3342283604463,-1.64283925502931
"9062",0.160786483587771,-1.33423497648261,-1.64284075740515
"9063",0.160028945700873,-1.33445464519436,-1.64289059129461
"9064",0.159096429559751,-1.33472497100136,-1.64295178734652
"9065",0.15905031555558,-1.33473833656091,-1.64295480930573
"9066",0.158619208444044,-1.33486327671267,-1.64298304136069
"9067",0.158397339831049,-1.33492756937968,-1.64299755727584
"9068",0.158059454692271,-1.33502547118829,-1.64301964580972
"9069",0.15644001098588,-1.3354945370285,-1.6431252143566
"9070",0.155309969128994,-1.33582168678524,-1.64319858629738
"9071",0.155286669935176,-1.33582843054993,-1.64320009654089
"9072",0.15442511052338,-1.33607776212036,-1.64325587040362
"9073",0.152665676068355,-1.33658669364432,-1.64336933312433
"9074",0.15209492551386,-1.33675171860631,-1.64340601400633
"9075",0.151943504529763,-1.33679549426218,-1.64341573515406
"9076",0.150068305672971,-1.33733741380771,-1.64353576225861
"9077",0.148863756642336,-1.3376853264067,-1.64361251136638
"9078",0.148298088228269,-1.33784865740289,-1.64364845865754
"9079",0.147506690787629,-1.33807710930224,-1.64369864887039
"9080",0.146854076858511,-1.33826544953057,-1.64373994813189
"9081",0.146341710330782,-1.33841328411126,-1.64377231553762
"9082",0.145387372317612,-1.33868856898483,-1.64383247055401
"9083",0.145096142702463,-1.33877255710526,-1.64385079328243
"9084",0.143740167045274,-1.33916349240784,-1.64393589256818
"9085",0.143338000836758,-1.33927940230652,-1.64396106486928
"9086",0.142988719425834,-1.33938005639506,-1.64398290208899
"9087",0.141509801712054,-1.33980610232212,-1.64407510777258
"9088",0.141079061565997,-1.33993014690731,-1.6441018848388
"9089",0.140090050945427,-1.34021488917601,-1.64416323342406
"9090",0.139484240104494,-1.34038925557623,-1.64420072014158
"9091",0.13879745872269,-1.340586880985,-1.64424313274655
"9092",0.137994796211708,-1.34081778968564,-1.64429258788956
"9093",0.137749872140978,-1.3408882357166,-1.64430765418558
"9094",0.135795018767988,-1.34145027481656,-1.64442749581086
"9095",0.135538483957877,-1.34152400155073,-1.64444316854656
"9096",0.135434232313689,-1.34155396096206,-1.64444953411129
"9097",0.135376041574971,-1.34157068308754,-1.64445308631422
"9098",0.133816102509994,-1.34201882770876,-1.64454807080862
"9099",0.131337538553993,-1.34273035829996,-1.64469803547351
"9100",0.130651044397373,-1.34292731998174,-1.64473936416886
"9101",0.12856844164015,-1.34352453937366,-1.64486419125814
"9102",0.12721894360525,-1.34391128926355,-1.64494463478615
"9103",0.125222329645027,-1.34448314868862,-1.6450630137584
"9104",0.123810727012221,-1.34488720322279,-1.64514624692336
"9105",0.123345489473906,-1.34502032676873,-1.64517359536265
"9106",0.122055007839479,-1.34538946929224,-1.64524923767373
"9107",0.121589322372419,-1.34552263641312,-1.64527645569158
"9108",0.120740865690286,-1.34576520289762,-1.64532593869135
"9109",0.119066341941759,-1.34624371650128,-1.64542319355789
"9110",0.118903057444964,-1.34629036133889,-1.64543264817473
"9111",0.118030977710197,-1.34653943827379,-1.64548305726486
"9112",0.117891940462633,-1.34657914179868,-1.64549108057568
"9113",0.117263581852334,-1.34675855120257,-1.64552729443997
"9114",0.117205938759074,-1.3467750074584,-1.6455306127552
"9115",0.115984660363146,-1.34712358385956,-1.6456007674601
"9116",0.115915395200082,-1.3471433488588,-1.64560473771245
"9117",0.113683188362164,-1.34778004998721,-1.64573219286555
"9118",0.11328759369455,-1.3478928333918,-1.64575468061967
"9119",0.1127301216482,-1.3480517403836,-1.64578631922152
"9120",0.112055447216631,-1.34824401297534,-1.6458245294522
"9121",0.110986597037154,-1.34854852399383,-1.64588488435846
"9122",0.110497949075076,-1.34868769857551,-1.64591240357937
"9123",0.110195763646554,-1.3487737534013,-1.64592939874482
"9124",0.11000236886357,-1.3488288224452,-1.6459402661934
"9125",0.108975451513301,-1.34912117198642,-1.64599785101993
"9126",0.108650049077437,-1.34921378702081,-1.6460160556627
"9127",0.108591942126888,-1.34923032409406,-1.64601930430715
"9128",0.108289789050468,-1.34931631039895,-1.64603618658592
"9129",0.108034125082978,-1.34938905955681,-1.64605045760743
"9130",0.106999885757011,-1.34968328359095,-1.64610805953474
"9131",0.106895303116781,-1.34971302949612,-1.64611387276535
"9132",0.10646585009338,-1.34983516481279,-1.64613772178683
"9133",0.105535784904099,-1.35009960780133,-1.64618924942955
"9134",0.103398441052745,-1.35070697537263,-1.64630702939753
"9135",0.10251549724138,-1.35095774346287,-1.6463554268146
"9136",0.102375597831008,-1.35099746942546,-1.64636308137386
"9137",0.101469471372783,-1.35125472502323,-1.64641256810639
"9138",0.0985464836572721,-1.35208400398118,-1.64657111866069
"9139",0.0982872684662834,-1.35215750316856,-1.64658509922766
"9140",0.0966956434606897,-1.35260864840189,-1.64667065651747
"9141",0.0962543321962875,-1.35273369147881,-1.64669429200271
"9142",0.0961265862353277,-1.3527698838246,-1.64670112668774
"9143",0.0950586922987607,-1.35307236817897,-1.64675813733871
"9144",0.0944543597650116,-1.35324349503683,-1.64679030211135
"9145",0.0924638319749198,-1.35380687905608,-1.6468957432074
"9146",0.0923875182965588,-1.35382847014385,-1.64689977031441
"9147",0.0920391977489841,-1.35392701126274,-1.64691813695729
"9148",0.0916676633047461,-1.35403210583024,-1.64693770162788
"9149",0.0914122378481359,-1.35410434878888,-1.64695113652006
"9150",0.0906227640212347,-1.35432759597435,-1.64699258104661
"9151",0.0903097970314051,-1.35441607882212,-1.64700897709359
"9152",0.0902579069044645,-1.35443074835417,-1.64701169372511
"9153",0.0890439207445758,-1.35477386714549,-1.64707510050819
"9154",0.0886497225168523,-1.35488524975023,-1.64709562780981
"9155",0.0849233301588846,-1.35593736366138,-1.64728817690077
"9156",0.0845677280896555,-1.35603768945378,-1.64730640980674
"9157",0.084273898564896,-1.3561205774915,-1.64732145679102
"9158",0.0835422732764113,-1.35632692687121,-1.64735884996631
"9159",0.0828111684451956,-1.35653307393022,-1.64739611203921
"9160",0.0824440037618978,-1.35663658112183,-1.64741478583051
"9161",0.0806296352831979,-1.35714786308669,-1.64750667650306
"9162",0.0801079896031843,-1.35729479747447,-1.64753297658811
"9163",0.0796317879509783,-1.35742890672546,-1.64755693898212
"9164",0.0771495026052798,-1.3581275929594,-1.64768112787814
"9165",0.076824678675316,-1.35821897336472,-1.64769728947837
"9166",0.0766501777249158,-1.35826805994039,-1.64770596322169
"9167",0.0766153758436404,-1.3582778492224,-1.64770769236952
"9168",0.0765225711546692,-1.35830395326577,-1.64771230225272
"9169",0.0743691733644102,-1.35890940775686,-1.64781879334809
"9170",0.0735419644381288,-1.35914185937551,-1.64785945895438
"9171",0.072409019001512,-1.359460109406,-1.64791493643636
"9172",0.0715234223703435,-1.35970878473059,-1.64795812619419
"9173",0.0711125633895634,-1.3598241260587,-1.64797811105169
"9174",0.0704337944423673,-1.36001463975259,-1.64801105475235
"9175",0.0701322839234088,-1.36009925089615,-1.64802565933473
"9176",0.0682648592710013,-1.36062308404913,-1.6481157151191
"9177",0.067082539435311,-1.3609545495226,-1.64817237692672
"9178",0.064288476149314,-1.36173728971795,-1.64830518517984
"9179",0.0633612122424726,-1.36199687680555,-1.64834891974108
"9180",0.0632257912281785,-1.36203478032776,-1.64835529268971
"9181",0.0617263032172644,-1.36245434969978,-1.64842561687172
"9182",0.0617188861162575,-1.36245642448229,-1.64842596362066
"9183",0.0607066736048113,-1.36273951624027,-1.64847318248024
"9184",0.0602200120974885,-1.3628755857009,-1.64849581271792
"9185",0.0598602310130925,-1.36297616373603,-1.64851251277647
"9186",0.0594429987313478,-1.36309278547307,-1.64853184749717
"9187",0.0591069018813194,-1.36318671556284,-1.64854739731976
"9188",0.0583883707371719,-1.36338748612483,-1.64858056582351
"9189",0.057171567905813,-1.36372735939219,-1.64863650219945
"9190",0.0562445343753552,-1.36398619110456,-1.64867892106178
"9191",0.0558389719749818,-1.3640993975188,-1.64869742508951
"9192",0.0546521467721751,-1.36443058213293,-1.64875138736848
"9193",0.0543045515378278,-1.36452755090892,-1.64876713885814
"9194",0.0542399849064417,-1.36454556169059,-1.6487700620949
"9195",0.0526179666912277,-1.36499787808726,-1.64884322710525
"9196",0.0521318790771095,-1.36513337480602,-1.64886505154207
"9197",0.0499419501308829,-1.36574350879369,-1.64896279323515
"9198",0.0498034367497963,-1.36578208292822,-1.64896894336432
"9199",0.0495944441216633,-1.36584028077892,-1.64897821562065
"9200",0.0481123153924844,-1.36625287509764,-1.64904372312144
"9201",0.0479033419867781,-1.36631103043831,-1.64905292422608
"9202",0.0469536130767614,-1.36657527321791,-1.64909463129651
"9203",0.0457028253681382,-1.36692313469485,-1.64914928524485
"9204",0.0456801531353443,-1.36692943863915,-1.64915027304654
"9205",0.0430857109446984,-1.36765045781061,-1.64926263303444
"9206",0.0430514626168459,-1.36765997099247,-1.64926410728295
"9207",0.0422751755898634,-1.36787556763128,-1.64929746044768
"9208",0.0398669375329175,-1.36854399856726,-1.64940016485077
"9209",0.039403850797938,-1.36867246288618,-1.64941978135569
"9210",0.0380609648099604,-1.36904486329333,-1.64947642404162
"9211",0.0360820326718943,-1.36959330095333,-1.64955923758071
"9212",0.0349592968159477,-1.36990427005132,-1.64960587282635
"9213",0.0339981698419299,-1.37017037181115,-1.64964559469934
"9214",0.033003221177639,-1.37044573469595,-1.64968651933492
"9215",0.0323899916058185,-1.37061540048853,-1.64971164406865
"9216",0.0322279752074003,-1.37066021985983,-1.64971826947302
"9217",0.0313369100607907,-1.37090666978533,-1.64975461403127
"9218",0.0309082616386351,-1.37102519497987,-1.64977204087467
"9219",0.0302376022304652,-1.37121059934239,-1.64979923274129
"9220",0.0301098288119277,-1.37124591700368,-1.64980440306697
"9221",0.0285824862442182,-1.37166795339578,-1.64986595273183
"9222",0.0284436430340274,-1.37170630637308,-1.64987152466254
"9223",0.0246027157533954,-1.37276648205524,-1.65002412766361
"9224",0.0244796349333213,-1.37280042895857,-1.65002896864477
"9225",0.0236426043416622,-1.37303124743478,-1.65006180953169
"9226",0.0230069014086873,-1.37320649816121,-1.65008665697296
"9227",0.0227639972456782,-1.37327345065633,-1.65009612974527
"9228",0.0217340910486402,-1.37355725725508,-1.65013616180514
"9229",0.0208088189456705,-1.37381213375342,-1.6501719442566
"9230",0.0198146895327644,-1.37408587584415,-1.65021019696317
"9231",0.019783670034987,-1.37409441563049,-1.65021138733877
"9232",0.0181489062384221,-1.37454432672885,-1.65027384640076
"9233",0.0179564825528097,-1.37459726575312,-1.65028116275641
"9234",0.0176400945284308,-1.374684300855,-1.65029317622249
"9235",0.0172936739653309,-1.37477958530639,-1.65030630682601
"9236",0.0160906125582348,-1.37511039261282,-1.65035171867963
"9237",0.0159981100180923,-1.37513582173002,-1.65035519823868
"9238",0.0133508964761173,-1.3758631565044,-1.65045404097698
"9239",0.0118012600111561,-1.37628857738604,-1.65051124289492
"9240",0.0115243022001318,-1.37636458326935,-1.65052141496657
"9241",0.0114701753362072,-1.37637943640932,-1.65052340111316
"9242",0.0111654504735471,-1.37646305113017,-1.65053457167927
"9243",0.0106568173052147,-1.37660259483686,-1.65055317510914
"9244",0.00936266129851155,-1.3769575214286,-1.65060027245538
"9245",0.0082992649651035,-1.37724902634085,-1.65063871728738
"9246",0.00792940102308226,-1.37735038719764,-1.6506520350625
"9247",0.00672690084527142,-1.37767982920511,-1.65069514153382
"9248",0.00622993600238812,-1.37781593419558,-1.65071287052156
"9249",0.00552496003452673,-1.37800896194182,-1.65073793399466
"9250",0.00516670283313797,-1.37810703488894,-1.65075063207262
"9251",0.00439291496509795,-1.37831881204874,-1.65077796905064
"9252",0.00219736313249047,-1.37891935753365,-1.65085487109521
"9253",0.0016884640786003,-1.3790584812847,-1.65087255565637
"9254",0.00124988088440829,-1.3791783594387,-1.65088775431638
"9255",0.000845480834625788,-1.37928887581736,-1.65090173361772
"9256",8.2430607597783e-05,-1.37949735752045,-1.6509280198384
"9257",-0.00126931512628941,-1.37986652834813,-1.6509742941258
"9258",-0.00147310805784051,-1.37992216835243,-1.65098123819025
"9259",-0.00159230844402121,-1.3799547106185,-1.65098529590513
"9260",-0.00225129821961593,-1.38013459006409,-1.65100767625887
"9261",-0.0027245865597856,-1.38026375087067,-1.65102369512562
"9262",-0.00277066466859905,-1.38027632432628,-1.65102525223414
"9263",-0.00292133109253432,-1.3803174354607,-1.65103034064471
"9264",-0.00293288319762,-1.38032058748873,-1.6510307305988
"9265",-0.00368375654165721,-1.38052543449422,-1.65105601862217
"9266",-0.00552039667105989,-1.3810262327009,-1.65111738710729
"9267",-0.00560076299343657,-1.38104813786329,-1.65112005665585
"9268",-0.0058553643320791,-1.38111752899678,-1.65112850508162
"9269",-0.00612102461807363,-1.38118992669413,-1.65113730632369
"9270",-0.00614363694935216,-1.38119608864763,-1.65113805479561
"9271",-0.00623603965888466,-1.38122126818765,-1.65114111225227
"9272",-0.00672163575871724,-1.38135357678091,-1.65115715109696
"9273",-0.00712588381430247,-1.3814637011544,-1.65117046623248
"9274",-0.00804323737497313,-1.38171353846912,-1.65120055781927
"9275",-0.00853491782652755,-1.38184740772277,-1.65121661520474
"9276",-0.0118607995147553,-1.38275224780062,-1.65132392988511
"9277",-0.0119696600819369,-1.38278184397859,-1.65132740405377
"9278",-0.0121956692890808,-1.38284328548909,-1.65133460912161
"9279",-0.0122838881052938,-1.3828672666108,-1.65133741864845
"9280",-0.0131614501556951,-1.38310577386453,-1.65136527950233
"9281",-0.0147589866374509,-1.383539741908,-1.65141559164965
"9282",-0.0156475077136105,-1.38378098598527,-1.65144334716005
"9283",-0.0170407816090606,-1.38415910195141,-1.65148654285973
"9284",-0.0179223130380038,-1.3843982276626,-1.65151366648795
"9285",-0.0182801795069936,-1.38449527874507,-1.65152463189848
"9286",-0.0184879703305392,-1.38455162381484,-1.6515309867184
"9287",-0.0201617711281234,-1.38500532245741,-1.65158185151114
"9288",-0.0205426878282237,-1.38510853023929,-1.65159334639244
"9289",-0.0212001317507893,-1.38528662430458,-1.65161311556824
"9290",-0.022019634542284,-1.38550855156257,-1.65163763288986
"9291",-0.0222278791963533,-1.38556493391423,-1.65164384091427
"9292",-0.0227472624404163,-1.3857055363611,-1.65165928532832
"9293",-0.0228280543318425,-1.38572740489148,-1.65166168275315
"9294",-0.0243625583202959,-1.3861426234628,-1.65170696164511
"9295",-0.024552632292555,-1.38619403712343,-1.65171253631432
"9296",-0.0245818345512062,-1.38620193577342,-1.65171339212378
"9297",-0.0254132451645106,-1.38642677684186,-1.65173768368924
"9298",-0.0270750008118665,-1.38687594188625,-1.65178580715597
"9299",-0.0282399786239715,-1.38719064813014,-1.65181920344007
"9300",-0.0292401805005181,-1.38746072221496,-1.65184765188195
"9301",-0.0293251047274293,-1.38748364832393,-1.65185005781166
"9302",-0.0305901428804999,-1.38782506307386,-1.6518857198012
"9303",-0.0318288096219104,-1.38815918908129,-1.65192031694493
"9304",-0.0340092356297224,-1.38874693898674,-1.65198044515789
"9305",-0.0342861004681017,-1.38882153230642,-1.65198800948884
"9306",-0.0344591393159224,-1.38886814837204,-1.65199272906898
"9307",-0.0348974986275223,-1.38898622602049,-1.65200465735823
"9308",-0.0349856297240287,-1.38900996268315,-1.65200705069501
"9309",-0.0352430781464883,-1.38907929726189,-1.65201403286873
"9310",-0.0356242339996307,-1.38918193456825,-1.65202434479437
"9311",-0.0372045166167606,-1.38960730009928,-1.65206677634455
"9312",-0.0386347528382745,-1.38999203920681,-1.65210473158609
"9313",-0.0401456327387083,-1.39039822572991,-1.65214436483778
"9314",-0.0403878257440168,-1.39046331363599,-1.65215067384975
"9315",-0.0404916219754786,-1.39049120625672,-1.65215337395489
"9316",-0.0405723520580059,-1.39051289960628,-1.65215547247809
"9317",-0.0441813667371601,-1.39148195674666,-1.65224789983874
"9318",-0.0442164474950611,-1.39149136920358,-1.65224878494446
"9319",-0.0455729192445211,-1.39185521715366,-1.65228281265771
"9320",-0.0469025393334894,-1.3922116646805,-1.65231579433799
"9321",-0.0471677214093549,-1.39228273183812,-1.65232232814927
"9322",-0.0473180931260035,-1.39232302706432,-1.65232602663179
"9323",-0.0481707742293493,-1.39255147326011,-1.65234690956995
"9324",-0.0486785364281436,-1.39268747214563,-1.6523592730187
"9325",-0.0499309954576424,-1.39302280815277,-1.65238953879192
"9326",-0.0506724542115555,-1.39322124586967,-1.65240730176356
"9327",-0.0509491212935868,-1.39329527506893,-1.6524139003843
"9328",-0.0520097785913115,-1.39357900176698,-1.6524390492232
"9329",-0.0524251113038894,-1.39369006959407,-1.65244883292617
"9330",-0.0557677033416557,-1.3945832448084,-1.65252625790004
"9331",-0.0561706000852647,-1.39469081922045,-1.65253543229582
"9332",-0.0566139648260521,-1.39480917785329,-1.65254548889403
"9333",-0.0566320893270857,-1.39481401582313,-1.65254589912595
"9334",-0.0596855112565989,-1.39562854432393,-1.65261402771943
"9335",-0.059823792101573,-1.39566540750072,-1.65261706679705
"9336",-0.0620361751451915,-1.39625489992016,-1.65266514395395
"9337",-0.0643755705189245,-1.39687764314315,-1.6527148632381
"9338",-0.0644211678768107,-1.39688977503989,-1.65271582089633
"9339",-0.0671289631732971,-1.39760981214753,-1.6527719075599
"9340",-0.0672091145188839,-1.39763111297958,-1.65277354423712
"9341",-0.0672206342765444,-1.39763417438439,-1.65277377935757
"9342",-0.0684652221301465,-1.39796483980221,-1.65279901712767
"9343",-0.0690296536462302,-1.39811474266922,-1.65281035520793
"9344",-0.0692134678238517,-1.39816355275928,-1.65281403311531
"9345",-0.0693134757777059,-1.39819010733197,-1.65281603116918
"9346",-0.0693632115347564,-1.39820331298495,-1.65281702405315
"9347",-0.0697664932881355,-1.39831038068889,-1.65282505560147
"9348",-0.0699391400478079,-1.39835621132902,-1.65282848347231
"9349",-0.0713448338077703,-1.3987292419549,-1.65285615955266
"9350",-0.0724615417824167,-1.39902542730601,-1.65287784908382
"9351",-0.0761928216814142,-1.40001407055007,-1.65294841289827
"9352",-0.0767690711186009,-1.40016661587807,-1.65295904860409
"9353",-0.0767921013284368,-1.40017271168948,-1.65295947220991
"9354",-0.0777017767487543,-1.40041344424535,-1.6529761146876
"9355",-0.0778975251312143,-1.40046523419288,-1.65297967303654
"9356",-0.0781969018900294,-1.40054443326382,-1.65298509949767
"9357",-0.0784962748761194,-1.40062362134942,-1.65299050694767
"9358",-0.0788872700621314,-1.40072702966933,-1.65299754080188
"9359",-0.0816970273122521,-1.40146963806918,-1.65304713628861
"9360",-0.081835179591771,-1.4015061285026,-1.65304953175326
"9361",-0.0832972420791088,-1.40189217550439,-1.65307463524836
"9362",-0.0834003626194331,-1.40191939473615,-1.65307638873096
"9363",-0.0837346921495722,-1.40200763469241,-1.65308205824949
"9364",-0.0838382975687456,-1.40203497685312,-1.65308381037183
"9365",-0.0844023636151228,-1.4021838166399,-1.65309330967813
"9366",-0.0844824566298878,-1.40220494786084,-1.6530946530406
"9367",-0.0847817505542669,-1.40228390529353,-1.65309966092642
"9368",-0.0850695296303034,-1.40235981554412,-1.65310445824043
"9369",-0.0885456266333373,-1.4032760091499,-1.65316101813619
"9370",-0.0893977949674827,-1.4035004090322,-1.6531744925687
"9371",-0.091641945896094,-1.40409096920866,-1.65320923916445
"9372",-0.0922513716200168,-1.40425124571924,-1.65321849027621
"9373",-0.0924930306993924,-1.40431478959935,-1.65322213681516
"9374",-0.093103407921094,-1.40447525830158,-1.65323129188385
"9375",-0.0932184798818882,-1.40450550615823,-1.65323300897764
"9376",-0.0945758007154625,-1.40486218037769,-1.65325305028444
"9377",-0.0948979810096216,-1.40494681208638,-1.65325774983348
"9378",-0.0951282373224716,-1.40500728970162,-1.65326109498142
"9379",-0.0955888393060232,-1.4051282506253,-1.65326775271655
"9380",-0.0965281720419602,-1.40537485988273,-1.65328119027883
"9381",-0.0976828455582851,-1.40567786885642,-1.65329745098416
"9382",-0.0985342026209781,-1.40590118617292,-1.65330925835753
"9383",-0.101778288607796,-1.40675139109144,-1.65335283448438
"9384",-0.102756030899397,-1.40700740527019,-1.65336552787299
"9385",-0.10283654910267,-1.40702848356281,-1.65336656409851
"9386",-0.103457680587192,-1.40719106079464,-1.65337451122356
"9387",-0.103733733947323,-1.40726330214601,-1.65337801678587
"9388",-0.106045558465173,-1.40786795636844,-1.65340673567867
"9389",-0.106908123685272,-1.40809340560287,-1.65341715858669
"9390",-0.107126635399477,-1.40815050491369,-1.65341977376202
"9391",-0.107954662176043,-1.40836682807504,-1.65342959109275
"9392",-0.10806966369247,-1.4083968663038,-1.65343094299484
"9393",-0.110629917500766,-1.40906521679968,-1.65346030781781
"9394",-0.111507961679523,-1.40929425960055,-1.65347005564399
"9395",-0.112921753939954,-1.40966287349565,-1.65348540445981
"9396",-0.113611616714395,-1.40984265792564,-1.653492738587
"9397",-0.114398837800886,-1.41004774951854,-1.65350098323694
"9398",-0.116574155846016,-1.41061411456226,-1.65352307515944
"9399",-0.118068616406763,-1.41100290363866,-1.65353766463103
"9400",-0.119057210787859,-1.41125995189849,-1.65354705239498
"9401",-0.119095835347522,-1.41126999258936,-1.65354741492036
"9402",-0.11926777430256,-1.41131468713814,-1.65354902483397
"9403",-0.119934959370812,-1.41148808660125,-1.6535552118062
"9404",-0.121647605604148,-1.41193296913655,-1.65357065613466
"9405",-0.1221533313657,-1.41206427498049,-1.65357509622278
"9406",-0.122206660665624,-1.41207811963861,-1.65357556123276
"9407",-0.122853948529276,-1.41224613455921,-1.6535811566115
"9408",-0.125589701818572,-1.41295572629462,-1.65360381092469
"9409",-0.126229113351834,-1.41312145346356,-1.65360887378612
"9410",-0.126555020432359,-1.41320590662517,-1.65361142048473
"9411",-0.127175563220551,-1.41336667642474,-1.65361620634775
"9412",-0.127233020127913,-1.41338156012582,-1.65361664528664
"9413",-0.128680891839629,-1.41375649558944,-1.65362747170165
"9414",-0.129094554529297,-1.41386357273303,-1.65363048197461
"9415",-0.129255421562421,-1.4139052081704,-1.65363164267396
"9416",-0.129852433050483,-1.41405970054868,-1.65363590156008
"9417",-0.130944109128474,-1.41434209640302,-1.65364349070259
"9418",-0.131082341206368,-1.41437784482563,-1.65364443335614
"9419",-0.131312133294729,-1.41443726696117,-1.65364599127956
"9420",-0.131702775174341,-1.4145382697114,-1.65364861360611
"9421",-0.132035965074507,-1.41462440430905,-1.65365082427951
"9422",-0.132161860512239,-1.4146569469112,-1.65365165335201
"9423",-0.132391643048234,-1.41471633858753,-1.65365315775563
"9424",-0.132644887304461,-1.41478178749027,-1.65365480258172
"9425",-0.133816379481922,-1.41508445584907,-1.6536622315312
"9426",-0.135849625642154,-1.41560940032847,-1.6536744225906
"9427",-0.1359645009363,-1.41563904495306,-1.65367508474698
"9428",-0.136918432199852,-1.41588515808667,-1.65368047330929
"9429",-0.13704478985109,-1.41591775049968,-1.65368117234553
"9430",-0.139066429795197,-1.41643896246277,-1.6536918876393
"9431",-0.139204263239217,-1.41647448136529,-1.65369258605429
"9432",-0.139583301503291,-1.41657214631721,-1.65369448551379
"9433",-0.139755589827,-1.41661653364451,-1.65369533863401
"9434",-0.140386948365157,-1.41677916437364,-1.65369841011217
"9435",-0.14094973565954,-1.41692409393499,-1.653701075378
"9436",-0.140984547347693,-1.41693305750019,-1.65370123799195
"9437",-0.141179797035922,-1.41698332926144,-1.65370214519616
"9438",-0.141328619000929,-1.41702164418487,-1.65370283114478
"9439",-0.141363560136346,-1.41703063958338,-1.65370299150104
"9440",-0.14272612269611,-1.4173813159288,-1.6537090388785
"9441",-0.143936110272132,-1.41769254865107,-1.65371407246772
"9442",-0.144027496870541,-1.41771604836033,-1.65371443977396
"9443",-0.145612728265449,-1.41812353401689,-1.65372052362343
"9444",-0.146263134747113,-1.41829063946884,-1.6537228623878
"9445",-0.147346168903245,-1.41856879131016,-1.65372655353946
"9446",-0.148505885031856,-1.41886648977664,-1.65373022432157
"9447",-0.149780497011357,-1.41919350612493,-1.65373392257459
"9448",-0.149964556782081,-1.41924071355729,-1.6537344275197
"9449",-0.150400849211101,-1.4193525979814,-1.65373559509279
"9450",-0.15227174915032,-1.41983213365935,-1.65374013378412
"9451",-0.154017214391804,-1.42027916080226,-1.6537436833948
"9452",-0.154185276424186,-1.42032218454252,-1.65374399026661
"9453",-0.155187639861932,-1.42057872216973,-1.6537456931589
"9454",-0.155291438528431,-1.42060528113095,-1.65374585703317
"9455",-0.155670250507188,-1.42070219736164,-1.65374643523677
"9456",-0.155991662636132,-1.42078441549131,-1.65374690138446
"9457",-0.156381458362142,-1.42088411059956,-1.65374743659752
"9458",-0.15641638004521,-1.42089304141255,-1.65374748293594
"9459",-0.156462295048181,-1.42090478342811,-1.65374754345845
"9460",-0.157483398712944,-1.42116585222326,-1.65374877104371
"9461",-0.15829847698683,-1.42137416086059,-1.6537495883046
"9462",-0.158964547155022,-1.42154433162008,-1.65375014892237
"9463",-0.160536462878185,-1.42194573205594,-1.65375108947091
"9464",-0.161439488631009,-1.42217619921628,-1.65375138672039
"9465",-0.162992933457288,-1.42257244660121,-1.65375148289079
"9466",-0.163222454121018,-1.42263096859768,-1.65375145256551
"9467",-0.165740492436042,-1.42327260972671,-1.65375036667875
"9468",-0.16614868608863,-1.42337655643537,-1.65375006057353
"9469",-0.168317356941609,-1.4239284892966,-1.65374782545363
"9470",-0.168542705158145,-1.42398581011315,-1.65374753441145
"9471",-0.168902527681438,-1.4240773244694,-1.65374704674236
"9472",-0.169981048994337,-1.42435153777056,-1.65374541590644
"9473",-0.170424378213498,-1.42446421514169,-1.65374467198554
"9474",-0.17097873697888,-1.42460508017629,-1.65374368144015
"9475",-0.171036587441063,-1.42461977819901,-1.65374357420861
"9476",-0.172000309569417,-1.42486457366874,-1.65374168046931
"9477",-0.175556658120004,-1.42576699648766,-1.6537329381079
"9478",-0.175980615251981,-1.42587447808358,-1.65373171171148
"9479",-0.177024976330005,-1.42613915575942,-1.65372852318629
"9480",-0.177093802209892,-1.42615659421378,-1.65372830468685
"9481",-0.177242924481278,-1.42619437553109,-1.65372782772277
"9482",-0.17836657145456,-1.42647897761526,-1.65372407753047
"9483",-0.178879096993194,-1.42660874365938,-1.65372227534444
"9484",-0.18017887241407,-1.42693769638331,-1.65371744753288
"9485",-0.181998906851729,-1.42739798866692,-1.65371006658222
"9486",-0.183432554430052,-1.427760291179,-1.65370374247421
"9487",-0.184296846828246,-1.42797859409546,-1.65369971264459
"9488",-0.184767060776587,-1.428097324118,-1.65369745157754
"9489",-0.18530607949839,-1.42823339575643,-1.65369480012637
"9490",-0.186189136664333,-1.42845624427327,-1.65369031889772
"9491",-0.186544647605776,-1.42854593538076,-1.65368846659621
"9492",-0.186896025720321,-1.42863456931092,-1.65368660863569
"9493",-0.186968478037602,-1.42865284336574,-1.6536862221721
"9494",-0.187599693698872,-1.42881202375269,-1.65368280661018
"9495",-0.190064699159801,-1.42943320374519,-1.65366863239974
"9496",-0.19017985445439,-1.42946220540573,-1.65366793768932
"9497",-0.190408709457411,-1.42951983752289,-1.65366654842377
"9498",-0.191750807918952,-1.42985769189454,-1.65365817017193
"9499",-0.191773741120321,-1.42986346316696,-1.65365802357721
"9500",-0.192759857354516,-1.43011156654558,-1.65365161100884
"9501",-0.193539206402915,-1.43030756714407,-1.65364639218063
"9502",-0.193573475072458,-1.43031618382443,-1.65364615964717
"9503",-0.195774918189956,-1.43086943558182,-1.65363068178908
"9504",-0.197563998538713,-1.4313186342585,-1.65361731999949
"9505",-0.198079927079753,-1.43144810234912,-1.65361333627982
"9506",-0.198389481566665,-1.4315257674441,-1.65361091802328
"9507",-0.200377776710374,-1.43202434686652,-1.65359488381997
"9508",-0.200556308634837,-1.43206909214703,-1.65359340161251
"9509",-0.20110611430648,-1.43220686568269,-1.65358879304279
"9510",-0.202757435357485,-1.43262044796367,-1.65357455216399
"9511",-0.203112816967244,-1.43270941290303,-1.65357140903847
"9512",-0.204132608340262,-1.43296462049452,-1.65356223554477
"9513",-0.204797497140721,-1.43313094549386,-1.65355613147548
"9514",-0.207250639661277,-1.43374415535805,-1.65353276942812
"9515",-0.20822134684717,-1.4339866042014,-1.65352315966144
"9516",-0.210047556033843,-1.43444242290399,-1.65350451885391
"9517",-0.210563851605282,-1.43457121716875,-1.65349911578254
"9518",-0.210823359014494,-1.43463594143723,-1.65349637786692
"9519",-0.212511948513419,-1.43505689919931,-1.65347820052153
"9520",-0.212993838602265,-1.43517696962061,-1.65347289794974
"9521",-0.213349159448962,-1.43526548552331,-1.65346895536136
"9522",-0.213360621380925,-1.43526834061542,-1.65346882771863
"9523",-0.214380725702151,-1.43552237883291,-1.65345735174856
"9524",-0.215549331200007,-1.43581324510932,-1.65344392354056
"9525",-0.218094242022397,-1.43644610650771,-1.65341363959719
"9526",-0.219354962716162,-1.43675933040794,-1.65339810867124
"9527",-0.219481033700356,-1.43679064199782,-1.65339653632539
"9528",-0.219978752800496,-1.43691423917256,-1.65339029460035
"9529",-0.222976563733834,-1.43765804487627,-1.6533515449331
"9530",-0.223996545144338,-1.43791087130345,-1.65333790879708
"9531",-0.225038951659365,-1.43816912625299,-1.65332373574124
"9532",-0.22790398233376,-1.4388782558405,-1.6532835463275
"9533",-0.228293620653923,-1.43897461908422,-1.65327794070692
"9534",-0.228774936747163,-1.43909363012063,-1.65327096987359
"9535",-0.22931403460532,-1.43922689495256,-1.65326310147301
"9536",-0.230036001804377,-1.43940530968865,-1.65325246349627
"9537",-0.230735045402407,-1.43957799905786,-1.6532420536215
"9538",-0.230861102035631,-1.43960913333393,-1.65324016495296
"9539",-0.232648801419569,-1.44005046246453,-1.65321300258896
"9540",-0.232706099092761,-1.44006460109312,-1.65321212033107
"9541",-0.233130101163506,-1.44016921432725,-1.65320556909312
"9542",-0.233210317632083,-1.44018900351942,-1.65320432520427
"9543",-0.233691130965817,-1.44030760245264,-1.65319683960194
"9544",-0.234699559732544,-1.44055625302783,-1.65318097384752
"9545",-0.234860475547309,-1.44059591891836,-1.65317842134719
"9546",-0.236705424179834,-1.44105047419613,-1.65314874723573
"9547",-0.237575840781137,-1.44126478131783,-1.65313448627594
"9548",-0.237627059417801,-1.44127738907546,-1.6531336418891
"9549",-0.238309228479268,-1.4414452781875,-1.65312234039652
"9550",-0.239856695479882,-1.44182591469486,-1.6530963220866
"9551",-0.241415128852995,-1.44220895121103,-1.65306958419737
"9552",-0.24237768743344,-1.44244538244638,-1.65305280131294
"9553",-0.243030366551561,-1.44260563367437,-1.65304130478861
"9554",-0.243053284561182,-1.44261125974069,-1.65304089938986
"9555",-0.243535047119494,-1.44272951103646,-1.65303235055222
"9556",-0.24507544853124,-1.44310741878922,-1.65300467164271
"9557",-0.245368484793703,-1.44317927637673,-1.65299934673691
"9558",-0.246823774920845,-1.44353598137999,-1.65297262039414
"9559",-0.246995175066752,-1.44357797586699,-1.65296944178174
"9560",-0.247018093026479,-1.44358359068521,-1.65296901627574
"9561",-0.247511313784868,-1.44370441222895,-1.65295983072341
"9562",-0.25006667137857,-1.44432990051124,-1.65291137841287
"9563",-0.250375580708374,-1.44440545888788,-1.65290542320749
"9564",-0.251292789258485,-1.44462973560484,-1.65288761658681
"9565",-0.252163194765365,-1.44484247109161,-1.65287054630054
"9566",-0.252804904846081,-1.44499925072452,-1.65285785370123
"9567",-0.255876454324786,-1.44574896520569,-1.65279583718206
"9568",-0.258729840001343,-1.44644437109938,-1.6527363524968
"9569",-0.258889788330235,-1.44648332227023,-1.65273296463559
"9570",-0.259417410844253,-1.44661178793705,-1.65272174887185
"9571",-0.260242500471481,-1.44681261080491,-1.65270408609661
"9572",-0.260987377618561,-1.44699383675952,-1.65268801081774
"9573",-0.261284845169534,-1.44706619003177,-1.65268155676692
"9574",-0.261811993071182,-1.4471943812552,-1.65267007123387
"9575",-0.262339627966218,-1.44732265582544,-1.65265851339373
"9576",-0.263519995456921,-1.44760949058223,-1.65263243393763
"9577",-0.263714814657823,-1.4476568156356,-1.6526280998296
"9578",-0.264665511548168,-1.44788768803174,-1.65260682909394
"9579",-0.264803517108712,-1.44792119255394,-1.6526037247204
"9580",-0.26505563939709,-1.44798239572775,-1.65259804243506
"9581",-0.265502585095424,-1.44809087289498,-1.65258793460875
"9582",-0.265938072706749,-1.44819654477414,-1.65257804329567
"9583",-0.267469629493411,-1.44856798903563,-1.65254292264881
"9584",-0.267542164091082,-1.44858557327629,-1.65254124642907
"9585",-0.267748322544918,-1.44863554771073,-1.6525364758905
"9586",-0.267813443009753,-1.44865133230397,-1.65253496703347
"9587",-0.268000937766512,-1.44869677627857,-1.65253061748087
"9588",-0.268493256131391,-1.44881608052278,-1.65251915942776
"9589",-0.268940704175299,-1.44892448457402,-1.6525086990296
"9590",-0.26962834516232,-1.44909103101377,-1.65249253684222
"9591",-0.269926324820002,-1.44916318292685,-1.65248550060359
"9592",-0.27023528184829,-1.4492379809419,-1.65247818435271
"9593",-0.27103802857985,-1.44943226788785,-1.65245907592204
"9594",-0.272283155829262,-1.44973346078049,-1.65242915425802
"9595",-0.272619657238709,-1.4498148256308,-1.65242100873973
"9596",-0.272922547440176,-1.44988805105692,-1.65241365534266
"9597",-0.275553791583466,-1.45052367624006,-1.65234891880081
"9598",-0.275863258976472,-1.45059837556896,-1.65234120397966
"9599",-0.276734005884305,-1.45080849091625,-1.65231938277375
"9600",-0.277020425660412,-1.45087758413267,-1.65231216821537
"9601",-0.277960802456966,-1.45110435784521,-1.65228835325011
"9602",-0.278041037863017,-1.45112370151925,-1.65228631220605
"9603",-0.278178584537305,-1.45115686024505,-1.65228280994181
"9604",-0.278373442898991,-1.45120383108841,-1.65227784119689
"9605",-0.279289947871264,-1.45142469032934,-1.65225435793562
"9606",-0.28198369554114,-1.4520732041055,-1.65218425751959
"9607",-0.284081478732468,-1.45257759330839,-1.65212855022704
"9608",-0.28506735369939,-1.45281444002974,-1.65210203247673
"9609",-0.285250774584264,-1.45285849122696,-1.65209707506701
"9610",-0.286535226048225,-1.45316684902468,-1.65206215019579
"9611",-0.287200151741002,-1.4533263936076,-1.65204392661001
"9612",-0.28742943877521,-1.45338139625666,-1.65203761978453
"9613",-0.288472709990304,-1.45363157591501,-1.65200877588532
"9614",-0.289206454373024,-1.45380744552092,-1.65198834485524
"9615",-0.289779216255022,-1.4539446810081,-1.65197231326434
"9616",-0.290284164667456,-1.45406563283854,-1.65195811933757
"9617",-0.290673496887737,-1.45415886814645,-1.65194713667648
"9618",-0.293930249213074,-1.45493800601529,-1.65185394829753
"9619",-0.294423299500478,-1.45505584174715,-1.65183963487042
"9620",-0.295833688574603,-1.45539274009562,-1.6517983926
"9621",-0.296063025237091,-1.4554474969701,-1.65179164462332
"9622",-0.296509880750311,-1.45555416932345,-1.6517784628351
"9623",-0.297484460182997,-1.45578672815205,-1.65174955985547
"9624",-0.299109213334517,-1.4561741580603,-1.65170090566589
"9625",-0.299629400561124,-1.45629812598664,-1.65168520441995
"9626",-0.300650070993847,-1.45654126291455,-1.65165422198185
"9627",-0.302014351625049,-1.45686603857513,-1.65161244784671
"9628",-0.303505822484288,-1.45722081262708,-1.65156630605966
"9629",-0.304675721933448,-1.45749888998876,-1.65152976694685
"9630",-0.304698661575131,-1.45750434078724,-1.651529047441
"9631",-0.304973453589687,-1.45756963004626,-1.65152041945564
"9632",-0.305123048003039,-1.45760516877375,-1.65151571540396
"9633",-0.305139419879334,-1.45760905801562,-1.65151520028249
"9634",-0.305822239834996,-1.4577712346975,-1.65149366315142
"9635",-0.305845665349645,-1.45777679740431,-1.65149292243948
"9636",-0.306086541586299,-1.45783399254047,-1.6514852988921
"9637",-0.306109482279551,-1.45783943932059,-1.65148457216474
"9638",-0.306120952632667,-1.45784216268615,-1.65148420875703
"9639",-0.306131937965348,-1.45784477087874,-1.6514838606885
"9640",-0.306315949297807,-1.45788845740139,-1.65147802633407
"9641",-0.309087791007575,-1.45854598519295,-1.65138923118212
"9642",-0.309940470190794,-1.45874805082483,-1.65136157270683
"9643",-0.310376758660853,-1.45885140408099,-1.65134735832349
"9644",-0.311868159638197,-1.45920451465097,-1.65129844897023
"9645",-0.311959455622895,-1.45922612070905,-1.65129543894882
"9646",-0.312808930355628,-1.45942710394145,-1.65126734312907
"9647",-0.313611567563069,-1.45961691757484,-1.65124064924899
"9648",-0.314162778859133,-1.45974722259249,-1.65122223439681
"9649",-0.314824122815791,-1.45990350943963,-1.65120005123971
"9650",-0.317616549991074,-1.46056276626624,-1.6511053159319
"9651",-0.320332156198427,-1.46120289036959,-1.6510115273501
"9652",-0.32148346123576,-1.46147397953274,-1.650971271033
"9653",-0.322172566852364,-1.46163615333919,-1.65094703523943
"9654",-0.322631657882169,-1.46174416037957,-1.65093083058484
"9655",-0.323435088178992,-1.46193310979912,-1.65090235921706
"9656",-0.325902936605225,-1.46251295388401,-1.65081401033012
"9657",-0.326212870810086,-1.46258571813574,-1.65080281925233
"9658",-0.326361614469896,-1.46262063458869,-1.65079744086619
"9659",-0.327808523976404,-1.46296013078451,-1.65074486650535
"9660",-0.32833660642129,-1.46308396760711,-1.65072556270512
"9661",-0.328427962661924,-1.46310538710222,-1.65072221695007
"9662",-0.328807299000578,-1.46319431476497,-1.65070830466409
"9663",-0.32935788079577,-1.46332335302287,-1.65068805515672
"9664",-0.331000168400121,-1.46370800902681,-1.65062725543111
"9665",-0.331023131534474,-1.46371338487083,-1.65062640106782
"9666",-0.331762871580633,-1.46388652564378,-1.65059881589399
"9667",-0.332090458434488,-1.46396317584394,-1.6505865613283
"9668",-0.332756918106594,-1.46411907234797,-1.65056155661897
"9669",-0.333308084721503,-1.46424795456726,-1.65054080322045
"9670",-0.333732952018328,-1.46434727558355,-1.65052475951429
"9671",-0.333870748637842,-1.46437948300111,-1.65051954749437
"9672",-0.334364527208463,-1.46449487359201,-1.65050083627394
"9673",-0.334452259042074,-1.46451537210866,-1.65049750611838
"9674",-0.336110069960749,-1.46490252375273,-1.65043425791283
"9675",-0.337936156845922,-1.46532854326867,-1.65036388533234
"9676",-0.338430032271716,-1.46544368512646,-1.65034472583934
"9677",-0.338586695472907,-1.46548020260465,-1.65033863693807
"9678",-0.341876013537173,-1.46624615967102,-1.65020953929849
"9679",-0.342656700568348,-1.46642773648118,-1.65017854769288
"9680",-0.343162182061889,-1.4665452602139,-1.65015840924049
"9681",-0.343495833347973,-1.46662281464798,-1.65014508555843
"9682",-0.343870822572326,-1.466709959682,-1.65013008173887
"9683",-0.345322116574624,-1.46704705069132,-1.65007172040246
"9684",-0.346677945930256,-1.46736170925082,-1.65001677716423
"9685",-0.347344892463425,-1.46751640119826,-1.64998960086424
"9686",-0.350420575216145,-1.46822899195726,-1.64986300265256
"9687",-0.35091891290422,-1.4683443279673,-1.6498422937542
"9688",-0.35096488560216,-1.46835496624713,-1.64984038055019
"9689",-0.351171408243296,-1.46840275291115,-1.64983178012401
"9690",-0.352849868285972,-1.46879091057692,-1.64976153285276
"9691",-0.353803930040291,-1.4690113734117,-1.64972132584973
"9692",-0.353907385641574,-1.46903527225408,-1.64971695384056
"9693",-0.355194884579738,-1.46933256932585,-1.64966234669648
"9694",-0.356884872820441,-1.46972246060328,-1.64959011310853
"9695",-0.357965633414838,-1.46997159370581,-1.64954358865008
"9696",-0.358276077431032,-1.47004312651565,-1.64953017703023
"9697",-0.358770500111892,-1.47015702454043,-1.64950877336197
"9698",-0.358781998487262,-1.47015967297213,-1.64950827495287
"9699",-0.358873499562331,-1.47018074785409,-1.64950430770326
"9700",-0.359272295376667,-1.47027258661776,-1.649486995377
"9701",-0.35931093230386,-1.47028148316181,-1.64948531622522
"9702",-0.359655898179941,-1.47036090595709,-1.64947030949039
"9703",-0.360989347525718,-1.4706677571695,-1.64941205477935
"9704",-0.361725358256904,-1.47083702200194,-1.64937973251281
"9705",-0.362001857124758,-1.47090059084906,-1.64936755905805
"9706",-0.362783918165914,-1.47108033465508,-1.6493330358604
"9707",-0.364014590788969,-1.47136301378854,-1.64927843611813
"9708",-0.365095820363247,-1.47161119431338,-1.64923019098927
"9709",-0.366361182469087,-1.4719014349342,-1.64917340252058
"9710",-0.367005405842476,-1.47204911782054,-1.64914435472634
"9711",-0.367016910071832,-1.47205175454908,-1.64914383517379
"9712",-0.367258014378002,-1.47210701059317,-1.64913293974205
"9713",-0.368013667489078,-1.4722801383777,-1.64909870903566
"9714",-0.36883419848524,-1.47246804095192,-1.64906139695795
"9715",-0.369271903184098,-1.47256823776718,-1.64904143253213
"9716",-0.369345856033426,-1.47258516400644,-1.6490380552561
"9717",-0.372355796868032,-1.47327343317476,-1.64889957580862
"9718",-0.372366818481555,-1.47327595112986,-1.64889906506996
"9719",-0.372815646705019,-1.4733784743816,-1.64887824378917
"9720",-0.373218452691902,-1.47347046125935,-1.648859519769
"9721",-0.373252979423404,-1.47347834491712,-1.64885791316916
"9722",-0.375675455830186,-1.47403106793532,-1.64874453605616
"9723",-0.376061552379343,-1.47411908618031,-1.64872634673644
"9724",-0.376637475503148,-1.47425034061698,-1.6486991536673
"9725",-0.377005850028724,-1.47433427000056,-1.64868172210564
"9726",-0.377650527866697,-1.47448110614308,-1.64865114408707
"9727",-0.37768091933239,-1.4744880268808,-1.6486497003222
"9728",-0.378237670100939,-1.4746147873131,-1.64862321565021
"9729",-0.378256549952973,-1.47461908510237,-1.64862231634119
"9730",-0.379388998715147,-1.47487678383432,-1.64856823098776
"9731",-0.380287099171368,-1.47508102763931,-1.64852513789106
"9732",-0.381438592845187,-1.47534273318123,-1.64846962743634
"9733",-0.382578663928765,-1.47560166063862,-1.6484143811176
"9734",-0.383569103839762,-1.47582645747717,-1.64836615438993
"9735",-0.384213592216282,-1.47597266135507,-1.64833465733271
"9736",-0.384605686057063,-1.47606158051036,-1.64831545061873
"9737",-0.384686312362878,-1.47607986230739,-1.64831149696404
"9738",-0.384893639305827,-1.47612686896438,-1.64830132377745
"9739",-0.385872725278147,-1.47634877328274,-1.64825315442955
"9740",-0.386333495734704,-1.47645315797505,-1.64823041265789
"9741",-0.386845284356733,-1.47656906574118,-1.64820509833693
"9742",-0.386944040471169,-1.47659142740327,-1.64820020701625
"9743",-0.387358278540446,-1.4766852097985,-1.64817966683546
"9744",-0.387726933764826,-1.4767686521832,-1.64816135531016
"9745",-0.388280422548914,-1.47689389458944,-1.64813380703475
"9746",-0.389006271510252,-1.47705807338341,-1.64809757843347
"9747",-0.390711594735991,-1.47744350799006,-1.64801200879354
"9748",-0.39088395642807,-1.47748244226177,-1.64800332464627
"9749",-0.391160519419465,-1.47754490555963,-1.6479893769231
"9750",-0.393692286602092,-1.47811622103916,-1.64786091693686
"9751",-0.394053741608167,-1.47819771319948,-1.64784246273606
"9752",-0.39589756255248,-1.47861312811382,-1.6477478819208
"9753",-0.395944161078465,-1.47862362062856,-1.647745481983
"9754",-0.396970175197028,-1.47885456925739,-1.64769251966908
"9755",-0.397834370032374,-1.47904897869936,-1.64764773218243
"9756",-0.398284515528029,-1.47915020192471,-1.64762433856057
"9757",-0.398456977581685,-1.47918897553559,-1.6476153641677
"9758",-0.398561236021467,-1.47921241330725,-1.64760993573476
"9759",-0.398895127096014,-1.47928746324985,-1.64759253505072
"9760",-0.399460131723567,-1.47941442571778,-1.6475630345541
"9761",-0.399991054830401,-1.47953368876559,-1.64753525013373
"9762",-0.400728601614037,-1.47969930053057,-1.64749655067923
"9763",-0.40265461512323,-1.48013141414393,-1.64739493298262
"9764",-0.403854687384967,-1.48040039372619,-1.64733120796625
"9765",-0.405262041326156,-1.48071557379156,-1.64725607679318
"9766",-0.406311894428038,-1.48095050866727,-1.64719975011876
"9767",-0.406623406737451,-1.48102018857442,-1.6471829907647
"9768",-0.407084921171231,-1.48112339615789,-1.64715812251973
"9769",-0.407407991752048,-1.48119562590137,-1.64714068663429
"9770",-0.408453875559113,-1.48142935572284,-1.64708408546438
"9771",-0.409161954767188,-1.48158750655761,-1.64704563069738
"9772",-0.409449972121443,-1.48165181549086,-1.64702995772964
"9773",-0.409635107181988,-1.48169314651993,-1.64701987376969
"9774",-0.411020051612698,-1.48200217871244,-1.6469442023735
"9775",-0.411562532296007,-1.48212315215525,-1.64691444851769
"9776",-0.411636719815321,-1.48213969276698,-1.64691037453363
"9777",-0.413063140943549,-1.48245757144123,-1.64683181087424
"9778",-0.413386374096353,-1.48252956404372,-1.64681394667697
"9779",-0.415429877036105,-1.48298436350098,-1.64670048368942
"9780",-0.41567235044787,-1.48303828876598,-1.64668696058752
"9781",-0.416341577138955,-1.48318707921785,-1.64664957073212
"9782",-0.417346353390729,-1.48341035365133,-1.64659325149344
"9783",-0.417508386393887,-1.48344634608093,-1.64658414882776
"9784",-0.419991546302583,-1.48399746431352,-1.64644393944111
"9785",-0.42013015731776,-1.48402820213101,-1.64643607358357
"9786",-0.420753927999466,-1.48416649317222,-1.64640062460602
"9787",-0.42096185925095,-1.48421257959049,-1.64638878914617
"9788",-0.421828280983034,-1.4844045493089,-1.64633937175256
"9789",-0.425571998955343,-1.4852328015815,-1.64612398003413
"9790",-0.425733304513129,-1.48526844359953,-1.64611463145464
"9791",-0.425814202524837,-1.48528631739807,-1.64610994083827
"9792",-0.426773467439197,-1.48549818850775,-1.64605421324916
"9793",-0.430010167348739,-1.48621210342747,-1.64586471605721
"9794",-0.430102658772561,-1.48623248215931,-1.64585926783835
"9795",-0.430253447923245,-1.48626570306922,-1.645850381634
"9796",-0.430507807036727,-1.4863217344938,-1.64583538081736
"9797",-0.43058874074973,-1.48633956101463,-1.64583060483352
"9798",-0.431016543412118,-1.48643377360002,-1.64580533631494
"9799",-0.432085285245411,-1.48666902231316,-1.64574203803513
"9800",-0.433132195982749,-1.48689930726207,-1.64567979442962
"9801",-0.435491672703354,-1.4874177373628,-1.6455386486226
"9802",-0.436093192786833,-1.48754977737557,-1.64550247381648
"9803",-0.437146425572007,-1.48778084829716,-1.64543894630805
"9804",-0.437956300890019,-1.48795842043957,-1.64538993534143
"9805",-0.438199275821673,-1.48801167645848,-1.645375203853
"9806",-0.439610957504165,-1.48832092593493,-1.64528936350189
"9807",-0.440362672665773,-1.48848548352645,-1.64524347945762
"9808",-0.440374734829971,-1.48848812338817,-1.645242742206
"9809",-0.441393193127876,-1.48871094252939,-1.64518038053843
"9810",-0.443140653435659,-1.48909290654881,-1.64507286330916
"9811",-0.443789286160155,-1.48923457467477,-1.64503278803881
"9812",-0.444194478642196,-1.48932304226385,-1.64500770784256
"9813",-0.444576532167202,-1.4894064362162,-1.64498402770075
"9814",-0.445294368890538,-1.4895630676092,-1.64493945086077
"9815",-0.445618080409254,-1.48963367698055,-1.6449193126918
"9816",-0.446822837467011,-1.48989633153929,-1.64484416763595
"9817",-0.44776087712443,-1.49010069335409,-1.64478544393433
"9818",-0.447865109207586,-1.49012339360029,-1.64477890713318
"9819",-0.448166230254128,-1.49018896464968,-1.6447600096212
"9820",-0.448490165960234,-1.49025948917785,-1.64473965870523
"9821",-0.448502106809345,-1.49026208854958,-1.64473890810589
"9822",-0.449358732915916,-1.49044851169586,-1.64468498134159
"9823",-0.451849424691891,-1.49098994828797,-1.64452729658235
"9824",-0.453691785662977,-1.4913898733814,-1.64440980644671
"9825",-0.454063107481684,-1.49147041776369,-1.64438603914259
"9826",-0.45466573941717,-1.49160109393372,-1.6443474038174
"9827",-0.455094558064844,-1.49169404813365,-1.64431986475469
"9828",-0.455129327978189,-1.49170158397965,-1.6443176300888
"9829",-0.45552290564402,-1.49178687375648,-1.64429231687353
"9830",-0.456299629213573,-1.49195512717685,-1.64424226466708
"9831",-0.456513589561284,-1.49200145986316,-1.64422845447943
"9832",-0.456705205606115,-1.49204294833115,-1.64421607825306
"9833",-0.456971822751229,-1.49210066713355,-1.64419884481502
"9834",-0.457922921436638,-1.4923064828738,-1.64413724515948
"9835",-0.458502116910403,-1.49243175560543,-1.64409963831017
"9836",-0.46032255950062,-1.49282517929764,-1.64398097399791
"9837",-0.460852318061122,-1.49293957782396,-1.64394630987915
"9838",-0.461123227611418,-1.49299806362879,-1.64392856022052
"9839",-0.461447956766017,-1.49306815440902,-1.64390726384838
"9840",-0.463361766950417,-1.49348092903046,-1.64378129813893
"9841",-0.464706977075421,-1.49377074998007,-1.64369229269408
"9842",-0.464927412068924,-1.4938182170013,-1.64367767112209
"9843",-0.465925726490066,-1.49403309948255,-1.64361132357976
"9844",-0.466633550348938,-1.49418536789635,-1.64356415410602
"9845",-0.466714288816399,-1.49420273190346,-1.6435587669481
"9846",-0.466772800761404,-1.49421531517721,-1.64355486196096
"9847",-0.46732982340761,-1.494335080757,-1.64351765095673
"9848",-0.467874783273236,-1.49445220926274,-1.64348118228046
"9849",-0.469140379777945,-1.49472405873489,-1.64339624643084
"9850",-0.469929708527134,-1.49489348871922,-1.6433431021584
"9851",-0.470134479620914,-1.49493742824223,-1.64332929374062
"9852",-0.477036270967477,-1.49641485167319,-1.64285870913802
"9853",-0.477547943826219,-1.49652410721046,-1.64282342222613
"9854",-0.47789600231077,-1.49659840508364,-1.64279938731094
"9855",-0.479407034365631,-1.49692075175926,-1.64269474878785
"9856",-0.482963637841697,-1.49767816880894,-1.64244656193232
"9857",-0.485241993283963,-1.49816240303501,-1.6422861792672
"9858",-0.485707629436606,-1.49826127491497,-1.64225326738131
"9859",-0.485823919461067,-1.49828596269192,-1.64224504073525
"9860",-0.487359094818151,-1.49861168812841,-1.64213617321236
"9861",-0.490139391911348,-1.49920072377398,-1.64193775247386
"9862",-0.490302282587437,-1.49923519900096,-1.64192607739466
"9863",-0.49084915268508,-1.49935091382759,-1.64188684031181
"9864",-0.494561822567582,-1.50013534307419,-1.64161881172231
"9865",-0.496059457390813,-1.50045120120485,-1.64150987964218
"9866",-0.496319310351619,-1.50050597209754,-1.641490931401
"9867",-0.499126354575193,-1.50109700300002,-1.64128534859324
"9868",-0.501549373251556,-1.50160625142271,-1.64110657400259
"9869",-0.501816986231058,-1.50166244335635,-1.64108675428588
"9870",-0.503075776350489,-1.5019266170032,-1.64099332754047
"9871",-0.503832765079086,-1.50208536956999,-1.64093698599299
"9872",-0.504741835940846,-1.50227590551701,-1.64086916822515
"9873",-0.504747309926536,-1.50227705246664,-1.64086875934061
"9874",-0.504777295088339,-1.50228333509998,-1.64086651946049
"9875",-0.505196409545554,-1.50237113619359,-1.64083519227444
"9876",-0.507353561313095,-1.50282263584534,-1.64067337816964
"9877",-0.507644552918143,-1.5028834893552,-1.64065147634858
"9878",-0.507901561159132,-1.50293722580831,-1.64063211775967
"9879",-0.508577867799648,-1.50307858492421,-1.64058111116502
"9880",-0.509884000663206,-1.50335139864875,-1.64048233589134
"9881",-0.51032720131594,-1.50344391386952,-1.64044873909812
"9882",-0.512473573833093,-1.50389154855716,-1.6402854597268
"9883",-0.514830585411358,-1.50438233663696,-1.6401050618735
"9884",-0.515087332032777,-1.50443574855394,-1.64008534219109
"9885",-0.515904308667933,-1.50460564296946,-1.64002250315082
"9886",-0.517461786864815,-1.50492925796174,-1.63990232665069
"9887",-0.518589257834408,-1.50516330405801,-1.63981501856076
"9888",-0.520363670258381,-1.505531268928,-1.63967708404169
"9889",-0.521555446068495,-1.50577815227123,-1.63958407797085
"9890",-0.521597960642178,-1.5057869555764,-1.63958075475222
"9891",-0.523934350983259,-1.50627033510996,-1.63939755711004
"9892",-0.523938558334701,-1.50627120485539,-1.63939722619984
"9893",-0.524476028159278,-1.50638228954572,-1.63935492411396
"9894",-0.524791022900378,-1.50644737326978,-1.63933010464011
"9895",-0.52523556019486,-1.50653919818046,-1.63929504350401
"9896",-0.525375789675299,-1.5065681583905,-1.63928397505731
"9897",-0.526123723367848,-1.50672257316629,-1.63922487193744
"9898",-0.527642693496482,-1.50703592055658,-1.63910448776036
"9899",-0.529427656254189,-1.50740370807326,-1.63896241972174
"9900",-0.5301918896533,-1.50756103414124,-1.63890139414616
"9901",-0.530554388876497,-1.50763562882413,-1.63887240615261
"9902",-0.530566082687176,-1.50763803484332,-1.63887147058641
"9903",-0.531454864905297,-1.50782084459232,-1.63880028167338
"9904",-0.531766429852983,-1.5078849016792,-1.63877528805629
"9905",-0.532179506525674,-1.50796980746749,-1.63874212067883
"9906",-0.532203393748657,-1.50797471660009,-1.63874020162533
"9907",-0.534367525973349,-1.50841912739186,-1.63856585677321
"9908",-0.534729730244675,-1.50849344016104,-1.63853658398156
"9909",-0.536438160391887,-1.50884369684818,-1.63839815120254
"9910",-0.53649717001041,-1.50885578717714,-1.63839335908682
"9911",-0.537292521138754,-1.50901869492954,-1.63832870026493
"9912",-0.538861548419641,-1.50933979955856,-1.6382007676246
"9913",-0.539552275273719,-1.50948104406982,-1.63814428976941
"9914",-0.540543286176784,-1.5096835708226,-1.63806308974663
"9915",-0.543029802726107,-1.51019109247306,-1.63785847604634
"9916",-0.543569127599777,-1.51030105447161,-1.63781392998349
"9917",-0.54363891727734,-1.51031528065763,-1.63780816133135
"9918",-0.54464268575845,-1.51051981374191,-1.63772508305339
"9919",-0.545138490257601,-1.51062078707982,-1.63768397185286
"9920",-0.546439280988503,-1.51088552945417,-1.63757587624245
"9921",-0.547751890318385,-1.51115242638334,-1.63746645168519
"9922",-0.548041057725901,-1.51121118982473,-1.63744229868924
"9923",-0.548255768400466,-1.51125481455739,-1.63742435383842
"9924",-0.549252666543693,-1.51145727516831,-1.63734091422657
"9925",-0.549357680220899,-1.5114785939957,-1.63733211298078
"9926",-0.54959228364362,-1.51152621501326,-1.63731244271639
"9927",-0.554177707049162,-1.51245537223636,-1.63692575075217
"9928",-0.554611639445873,-1.51254314195901,-1.63688893757434
"9929",-0.554963603311834,-1.51261431202503,-1.6368590504689
"9930",-0.556090003229159,-1.51284195788302,-1.63676323446375
"9931",-0.557322205182691,-1.51309077395115,-1.63665812642887
"9932",-0.55780390444557,-1.51318798217649,-1.63661695408345
"9933",-0.557827378588697,-1.51319271845592,-1.63661494648417
"9934",-0.557909538695255,-1.51320929492181,-1.63660791896359
"9935",-0.558272905589682,-1.51328259529945,-1.63657682231985
"9936",-0.559071121936245,-1.51344354814854,-1.63650841855888
"9937",-0.559487516955274,-1.51352747334188,-1.63647268452714
"9938",-0.560550902162872,-1.51374168561971,-1.63638126953457
"9939",-0.56114974718443,-1.51386224644987,-1.63632968943434
"9940",-0.561337133968159,-1.51389996081369,-1.63631353455453
"9941",-0.561725155563336,-1.51397803958789,-1.63628006029775
"9942",-0.561995261273856,-1.51403237801338,-1.63625674072887
"9943",-0.562547248369903,-1.51414339067347,-1.63620903950067
"9944",-0.562781652870635,-1.51419051937005,-1.63618876444585
"9945",-0.564896610545588,-1.51461538364481,-1.63600533192027
"9946",-0.566905935205288,-1.51501842233103,-1.63583023271778
"9947",-0.567458306244825,-1.51512911583693,-1.63578195597722
"9948",-0.567564084377457,-1.51515030837307,-1.63577270411396
"9949",-0.568845301733204,-1.51540686909659,-1.63566046541451
"9950",-0.570008682204005,-1.5156396255286,-1.63555826603341
"9951",-0.571160994408275,-1.51586997264728,-1.63545677311048
"9952",-0.573842622210914,-1.51640527898927,-1.63521955846605
"9953",-0.574395542705966,-1.51651552233779,-1.63517046973419
"9954",-0.575050659835629,-1.51664608424547,-1.63511222927655
"9955",-0.575666748376064,-1.51676881074697,-1.63505738071576
"9956",-0.575690282212398,-1.5167734976517,-1.63505528407267
"9957",-0.57587431835639,-1.5168101467651,-1.6350388843942
"9958",-0.576478712097258,-1.51693047145517,-1.63498497885939
"9959",-0.5765022487027,-1.51693515612083,-1.63498287817635
"9960",-0.576513519410571,-1.51693739938502,-1.63498187220712
"9961",-0.576784196590588,-1.51699126801833,-1.63495770529097
"9962",-0.576914152304739,-1.51701712726491,-1.63494609726812
"9963",-0.576925921340721,-1.51701946900558,-1.63494504585809
"9964",-0.578173553152529,-1.51726760152414,-1.63483343038741
"9965",-0.578463599846202,-1.51732525428203,-1.63480743805132
"9966",-0.580111831404066,-1.51765264126428,-1.63465941635814
"9967",-0.580233319560224,-1.51767675668783,-1.63464848465265
"9968",-0.580834353461579,-1.51779603038513,-1.63459435963319
"9969",-0.581929583627232,-1.518013240731,-1.63449554679545
"9970",-0.583437282848681,-1.51831196770094,-1.63435913238046
"9971",-0.584344417747603,-1.51849154277696,-1.63427683960781
"9972",-0.584403326759639,-1.51850320017555,-1.63427148992212
"9973",-0.584497084028463,-1.51852175259149,-1.63426297415862
"9974",-0.585345939799421,-1.51868966348662,-1.63418579545584
"9975",-0.58549862838776,-1.51871985546364,-1.63417189777621
"9976",-0.585770157967428,-1.5187735381628,-1.63414717184556
"9977",-0.589302086321566,-1.51947084075109,-1.63382422339448
"9978",-0.589624677420065,-1.51953443901926,-1.63379460410303
"9979",-0.591121780083713,-1.51982939239267,-1.6336568766022
"9980",-0.591499180249159,-1.51990369496747,-1.63362208764611
"9981",-0.592065818393828,-1.52001521591917,-1.63356980199448
"9982",-0.592230951245503,-1.52004770721141,-1.6335545527305
"9983",-0.592997691871914,-1.52019851812515,-1.63348367746937
"9984",-0.594424739890079,-1.52047897851611,-1.63335145757022
"9985",-0.594436539044339,-1.52048129619521,-1.63335036267809
"9986",-0.594968021115912,-1.52058567299932,-1.6333010159047
"9987",-0.595050123242633,-1.5206017932376,-1.63329338798097
"9988",-0.596143881989978,-1.52081645275156,-1.63319164304198
"9989",-0.597493708171754,-1.52108112884062,-1.63306575418795
"9990",-0.598032484232754,-1.52118669926469,-1.63301540650602
"9991",-0.598260542721125,-1.52123137350861,-1.63299407769203
"9992",-0.598921699737699,-1.52136084463593,-1.63293218638764
"9993",-0.599075691092998,-1.52139099092561,-1.632917758863
"9994",-0.599843203651834,-1.52154119272875,-1.63284578094771
"9995",-0.600039699597617,-1.52157963318455,-1.63282733485319
"9996",-0.600563563647289,-1.52168208930384,-1.63277812006156
"9997",-0.601220691943839,-1.52181055284184,-1.63271630968689
"9998",-0.601732835398716,-1.52191062968217,-1.63266807817537
"9999",-0.604292235734144,-1.52241018875358,-1.63242627580653
"10000",-0.60436738911379,-1.52242484334581,-1.63241915624969
"10001",-0.604840063303142,-1.52251699413415,-1.63237435278536
"10002",-0.606021393587276,-1.52274716089291,-1.63226218698358
"10003",-0.609071970314705,-1.52334059512288,-1.63197127904323
"10004",-0.609178393238049,-1.52336127355924,-1.63196109762694
"10005",-0.609675055759881,-1.52345775567411,-1.63191355304521
"10006",-0.610202975962907,-1.5235602709877,-1.63186296353979
"10007",-0.610395964024392,-1.52359773677113,-1.63184445634353
"10008",-0.610738955724857,-1.5236643103141,-1.63181154617905
"10009",-0.611378176651224,-1.52378833577413,-1.63175015161127
"10010",-0.611614755285219,-1.52383422326389,-1.63172740903332
"10011",-0.611733047720034,-1.5238571645933,-1.63171603336024
"10012",-0.612703124121496,-1.52404522275916,-1.63162264259768
"10013",-0.613637341903164,-1.52422620147025,-1.63153253101572
"10014",-0.613862667260184,-1.52426983320784,-1.63151077147614
"10015",-0.615424817130767,-1.52457212541165,-1.63135964430265
"10016",-0.616691372011589,-1.52481695956672,-1.63123676604847
"10017",-0.617421109632133,-1.52495791850061,-1.63116582723207
"10018",-0.618976009720285,-1.5252580140845,-1.63101432877662
"10019",-0.619153643774501,-1.52529227536518,-1.63099699154581
"10020",-0.619426025140404,-1.52534480230326,-1.630970395024
"10021",-0.619789401275402,-1.52541486041325,-1.63093489099303
"10022",-0.620148982385826,-1.52548416821305,-1.63089973258278
"10023",-0.620381605043467,-1.52552899541097,-1.63087697432594
"10024",-0.621036988541475,-1.52565524838606,-1.63081279961574
"10025",-0.623607878468888,-1.52614991003855,-1.63056025739976
"10026",-0.623797486216108,-1.52618635474624,-1.63054158135546
"10027",-0.623880942409962,-1.52620239431938,-1.63053335885869
"10028",-0.623940196675422,-1.5262137818818,-1.6305275200327
"10029",-0.624409981871574,-1.52630404803084,-1.63048120409711
"10030",-0.625504332420476,-1.52651419785604,-1.63037314719669
"10031",-0.626097042914777,-1.52662794544763,-1.63031452603535
"10032",-0.627223705242275,-1.52684402570776,-1.6302029082409
"10033",-0.627923289654227,-1.52697810625798,-1.63013347759519
"10034",-0.627970721765277,-1.52698719444278,-1.63012876675283
"10035",-0.628018154214113,-1.52699628237083,-1.63012405544319
"10036",-0.628966874148898,-1.52717798701908,-1.63002973112148
"10037",-0.630746088637209,-1.52751840650498,-1.62985236925301
"10038",-0.631054534222275,-1.5275773758524,-1.62982155971398
"10039",-0.631168898759546,-1.5275992368817,-1.62981013159164
"10040",-0.631434179206545,-1.52764993862936,-1.62978361318247
"10041",-0.631623508136939,-1.52768611799707,-1.62976467888589
"10042",-0.632976208268512,-1.52794446029271,-1.62962919824165
"10043",-0.633237789199649,-1.52799438761262,-1.62960295882171
"10044",-0.634163516173246,-1.52817100053997,-1.6295099926914
"10045",-0.634364792425467,-1.52820938445214,-1.62948975773099
"10046",-0.635979238695407,-1.52851705476671,-1.62932717066543
"10047",-0.637309078265929,-1.52877020778922,-1.62919286986888
"10048",-0.63823537448607,-1.52894639207537,-1.62909912255298
"10049",-0.639363731170646,-1.52916084387243,-1.62898470313113
"10050",-0.639387990403061,-1.5291654525137,-1.62898224047824
"10051",-0.639399366627056,-1.52916761368001,-1.62898108559284
"10052",-0.639547489267151,-1.52919575118324,-1.62896604629474
"10053",-0.640141455193294,-1.52930855010423,-1.62890569707953
"10054",-0.640207155243729,-1.52932102399118,-1.62889901755125
"10055",-0.640267057718018,-1.52933239660856,-1.62889292672466
"10056",-0.641133858109799,-1.52949690345912,-1.62880471436767
"10057",-0.642666768056973,-1.52978756726231,-1.62864836141591
"10058",-0.644509108816328,-1.5301364621207,-1.62845985251763
"10059",-0.647161111529447,-1.53063784097838,-1.62818735984914
"10060",-0.64763683024894,-1.53072767317892,-1.62813833780355
"10061",-0.648076900798651,-1.5308107451751,-1.62809295079032
"10062",-0.64837426249341,-1.53086686250439,-1.62806226124511
"10063",-0.64858155972993,-1.53090597568181,-1.62804085692441
"10064",-0.649610928984007,-1.5311001084559,-1.62793444878559
"10065",-0.651015426918748,-1.5313647458578,-1.62778893695853
"10066",-0.651836546676045,-1.53151933283322,-1.62770369144458
"10067",-0.652681574756849,-1.53167832112472,-1.6276158298052
"10068",-0.652692974039923,-1.5316804651578,-1.62761464363756
"10069",-0.653181502012734,-1.53177233259812,-1.6275637859646
"10070",-0.653347649589601,-1.53180356886334,-1.62754647900177
"10071",-0.653764295505106,-1.531881882407,-1.62750305547626
"10072",-0.653867653777358,-1.5319013060151,-1.62749227819372
"10073",-0.654412764396248,-1.53200372092725,-1.62743540528067
"10074",-0.65446291783911,-1.53201314159929,-1.62743016979284
"10075",-0.654657701278573,-1.53204972575824,-1.62740983192994
"10076",-0.655979421377158,-1.5322978289165,-1.62727163704253
"10077",-0.656801166414348,-1.53245195596439,-1.62718555060213
"10078",-0.657201833291791,-1.5325270706668,-1.62714353001061
"10079",-0.658992994270987,-1.53286258953223,-1.62695530638927
"10080",-0.660351345731077,-1.5331167324663,-1.62681215853989
"10081",-0.662079484588275,-1.53343968455449,-1.62662953556411
"10082",-0.663509513045204,-1.53370660731582,-1.62647798793804
"10083",-0.663545280408632,-1.53371327979254,-1.62647419251929
"10084",-0.664761992707759,-1.53394015249649,-1.6263449380805
"10085",-0.666144905244181,-1.53419776191841,-1.62619768772881
"10086",-0.667946681001303,-1.53453299275904,-1.62600529514969
"10087",-0.668256379960653,-1.53459056796195,-1.6259721639052
"10088",-0.668280746895407,-1.53459509737201,-1.62596955638945
"10089",-0.668567102872985,-1.53464831994208,-1.62593890491751
"10090",-0.668817170238253,-1.53469478840349,-1.62591212510604
"10091",-0.669175651587185,-1.53476138739298,-1.62587371460758
"10092",-0.671670109237376,-1.53522430885793,-1.62560576751994
"10093",-0.672302828885683,-1.5353415896977,-1.6255376161422
"10094",-0.672565485532477,-1.53539025915521,-1.62550930275973
"10095",-0.672625181722915,-1.53540131931926,-1.62550286592567
"10096",-0.674256772883346,-1.53570341696865,-1.62532667719762
"10097",-0.675957109561653,-1.53601784486512,-1.62514253167516
"10098",-0.676614145635177,-1.53613923575403,-1.62507122934481
"10099",-0.677115422476526,-1.53623180850776,-1.62501677560299
"10100",-0.677307093099235,-1.53626719574102,-1.62499594192486
"10101",-0.677522161018797,-1.53630689656148,-1.624972556852
"10102",-0.677976217040514,-1.53639069245069,-1.62492315723521
"10103",-0.679553714897404,-1.53668159414427,-1.62475123028998
"10104",-0.679661285753615,-1.53670141824238,-1.62473948943338
"10105",-0.679983503760611,-1.53676078967578,-1.62470430784471
"10106",-0.681585915181421,-1.53705583134909,-1.62452905812225
"10107",-0.6818967793666,-1.53711302704565,-1.62449500429095
"10108",-0.682375061561877,-1.53720099940406,-1.62444257515431
"10109",-0.6827414487618,-1.53726836876915,-1.62440238290298
"10110",-0.683450822075834,-1.53739875113353,-1.62432449396483
"10111",-0.684000983908957,-1.53749982196069,-1.62426402147676
"10112",-0.687423129567794,-1.5381275557942,-1.62388659491582
"10113",-0.688244596242758,-1.53827799568526,-1.62379566978888
"10114",-0.689960640646977,-1.53859196006314,-1.62360532032275
"10115",-0.69144531636552,-1.53886326133949,-1.62344019141009
"10116",-0.691905485273049,-1.5389472874566,-1.6233889269091
"10117",-0.692534591985446,-1.53906211346547,-1.623318778212
"10118",-0.692594475558465,-1.53907304067071,-1.62331209703269
"10119",-0.692762152580695,-1.53910363473036,-1.62329338583682
"10120",-0.693033824921998,-1.53915319525813,-1.62326305860461
"10121",-0.693253738798095,-1.53919330606295,-1.62323849917931
"10122",-0.696632444534252,-1.53980871024554,-1.62286004139716
"10123",-0.696987671963888,-1.53987331951165,-1.62282012797574
"10124",-0.698957347233611,-1.5402312474728,-1.62259838909482
"10125",-0.70004893524687,-1.54042937710744,-1.62247519156006
"10126",-0.700264775910901,-1.54046853379105,-1.62245080539439
"10127",-0.700504236169248,-1.54051196782125,-1.6224237405111
"10128",-0.701283616589077,-1.54065327888432,-1.62233557769923
"10129",-0.701955277390004,-1.540774991172,-1.6222595096014
"10130",-0.702003763112324,-1.54078377488246,-1.62225401517313
"10131",-0.702831450657829,-1.5409336688562,-1.62216015392542
"10132",-0.703683243538362,-1.54108782861075,-1.62206342648059
"10133",-0.704062867423481,-1.54115650138054,-1.62202027403762
"10134",-0.706251323367358,-1.54155199453065,-1.62177098844113
"10135",-0.709012593502263,-1.54205005290833,-1.62145518986804
"10136",-0.71127054818104,-1.54245653688187,-1.62119590744363
"10137",-0.712107161143505,-1.54260696606969,-1.62109959983426
"10138",-0.714682565754013,-1.54306943028827,-1.62080231981216
"10139",-0.714827307079189,-1.54309539397524,-1.62078557601744
"10140",-0.714871057207378,-1.54310324129474,-1.6207805142082
"10141",-0.718819109112399,-1.54381029196476,-1.62032228323751
"10142",-0.718855191556609,-1.54381674389322,-1.6203180821229
"10143",-0.718963440176577,-1.54383609881956,-1.62030547719556
"10144",-0.720162000581687,-1.54405029303069,-1.62016576806913
"10145",-0.72032272624231,-1.54407900101237,-1.62014701319069
"10146",-0.721381496749201,-1.54426802307504,-1.62002334822596
"10147",-0.721537921753432,-1.54429593634336,-1.62000506028367
"10148",-0.721934509968094,-1.54436669025776,-1.61995867431833
"10149",-0.722476048027987,-1.54446326874612,-1.6198952881271
"10150",-0.723198683409498,-1.54459208063556,-1.61981062114642
"10151",-0.725028458499733,-1.54491791782068,-1.61959580979807
"10152",-0.726100098875246,-1.54510853338533,-1.61946971748508
"10153",-0.726654055560911,-1.54520700436888,-1.6194044550813
"10154",-0.727388220101369,-1.54533744304744,-1.61931787580365
"10155",-0.72858897007224,-1.5455506177533,-1.61917606058551
"10156",-0.728605355259544,-1.54555352530101,-1.61917412358526
"10157",-0.729050602532397,-1.54563251999588,-1.61912146925058
"10158",-0.729140597043352,-1.54564848324594,-1.61911082223137
"10159",-0.72917159249237,-1.54565398096538,-1.61910715489766
"10160",-0.729195179427617,-1.54565816453342,-1.61910436401052
"10161",-0.729460755665586,-1.54570526391091,-1.61907293311925
"10162",-0.730275788216826,-1.54584974678134,-1.61897639393797
"10163",-0.730545242712206,-1.54589749328266,-1.61894445090472
"10164",-0.731496834799525,-1.54606603143536,-1.61883153668086
"10165",-0.73558468423818,-1.54678860130927,-1.61834460620791
"10166",-0.73629633942438,-1.54691415561291,-1.61825952606516
"10167",-0.736609603892176,-1.5469694011473,-1.61822204539088
"10168",-0.737345886379117,-1.54709919384746,-1.6181338824433
"10169",-0.738093953838423,-1.54723098659703,-1.61804420769116
"10170",-0.738274441987901,-1.54726277288601,-1.61802255644656
"10171",-0.738902456595591,-1.54737333895034,-1.61794717421229
"10172",-0.739079134080991,-1.54740443426076,-1.61792595427545
"10173",-0.740036451690212,-1.54757284686765,-1.61781087688491
"10174",-0.741159615080082,-1.54777027237339,-1.61767565202735
"10175",-0.742221735343658,-1.54795680612552,-1.61754756666048
"10176",-0.742934061287016,-1.54808181949726,-1.61746155017789
"10177",-0.743465956796752,-1.54817512114723,-1.61739726168744
"10178",-0.74443223560622,-1.54834451856603,-1.61728034000305
"10179",-0.745651881606147,-1.54855814768457,-1.61713251984302
"10180",-0.746171943240468,-1.54864917687004,-1.61706940719336
"10181",-0.746425694280365,-1.54869357859129,-1.6170385952611
"10182",-0.747404552643349,-1.54886477652354,-1.61691962786762
"10183",-0.748661601857875,-1.54908443285863,-1.61676659695716
"10184",-0.750909959153362,-1.54947676063223,-1.61649217706999
"10185",-0.751417890000932,-1.54956529459064,-1.61643005651784
"10186",-0.751550926940884,-1.54958847740776,-1.61641377828244
"10187",-0.752071521516945,-1.54967917171819,-1.61635004842311
"10188",-0.752732456851989,-1.54979426077475,-1.61626906831468
"10189",-0.752974400013751,-1.54983637525365,-1.61623940499212
"10190",-0.753099731850697,-1.54985818826436,-1.61622403461454
"10191",-0.753934532645012,-1.55000342284811,-1.61612158488833
"10192",-0.75426122703226,-1.55006023310286,-1.61608145777007
"10193",-0.754430631482114,-1.55008968569461,-1.61606064267975
"10194",-0.754938875010474,-1.55017802471331,-1.61599816283931
"10195",-0.75578567340222,-1.55032512879045,-1.61589396069202
"10196",-0.756330214337602,-1.55041967252209,-1.61582688477546
"10197",-0.758461523428962,-1.55078931506169,-1.61556384239499
"10198",-0.759030678539036,-1.550887919092,-1.61549346088191
"10199",-0.759769454507449,-1.55101584198093,-1.61540201780308
"10200",-0.760568382329661,-1.55115409487242,-1.61530301965621
"10201",-0.761513320881319,-1.55131749981639,-1.6151857817332
"10202",-0.76231300789279,-1.55145568970866,-1.61508644065909
"10203",-0.762980012878069,-1.55157088332736,-1.61500349480918
"10204",-0.766810848424967,-1.55223127891309,-1.61452557487524
"10205",-0.767405104969504,-1.55233353928324,-1.61445120396548
"10206",-0.769693460641571,-1.55272686278276,-1.61416423181419
"10207",-0.770644308841679,-1.55289008044416,-1.6140447171465
"10208",-0.770655931086397,-1.55289207467928,-1.61404325532394
"10209",-0.773642556378476,-1.55340391951338,-1.61366681077174
"10210",-0.774310403157578,-1.55351820448941,-1.61358241716766
"10211",-0.774626140607482,-1.55357221329681,-1.61354249101928
"10212",-0.774699005656021,-1.55358467533448,-1.6135332744674
"10213",-0.775226423824935,-1.5536748571064,-1.61346653445099
"10214",-0.776350871240276,-1.55386699396184,-1.61332408177288
"10215",-0.77685673123424,-1.55395337399259,-1.61325992320093
"10216",-0.777043344333325,-1.55398523082207,-1.61323624353513
"10217",-0.777602245721453,-1.55408061220088,-1.61316528681158
"10218",-0.777662485493695,-1.55409089004585,-1.61315763563271
"10219",-0.777954249411736,-1.55414066237495,-1.61312056903844
"10220",-0.778209811584983,-1.55418424927435,-1.61308808930014
"10221",-0.779114326447249,-1.55433844399384,-1.61297304086369
"10222",-0.780166115935812,-1.55451760178339,-1.6128390788934
"10223",-0.780300351086174,-1.55454045580731,-1.61282196792183
"10224",-0.781059308986966,-1.55466962399562,-1.61272516384052
"10225",-0.782440332893443,-1.55490445694166,-1.61254875627941
"10226",-0.782812968535178,-1.55496777543312,-1.61250109959384
"10227",-0.783315506943779,-1.55505313649717,-1.61243679092112
"10228",-0.783474146630272,-1.55508007570444,-1.61241648096263
"10229",-0.783984530088999,-1.55516672210891,-1.6123511087963
"10230",-0.784155354389213,-1.55519571439051,-1.61232921865731
"10231",-0.786065108304231,-1.55551956131067,-1.61208414647076
"10232",-0.786150295109296,-1.55553399506431,-1.61207319984883
"10233",-0.789839085733492,-1.55615804302651,-1.6115979671096
"10234",-0.790472236509483,-1.55626496556198,-1.61151615813561
"10235",-0.790838144062066,-1.55632673233242,-1.61146884756287
"10236",-0.791422823522613,-1.55642539012191,-1.61139320204756
"10237",-0.791824312231903,-1.55649310911294,-1.6113412231173
"10238",-0.792141578749705,-1.55654660652564,-1.61130012816956
"10239",-0.794066337410895,-1.55687085911778,-1.61105044169079
"10240",-0.79559050060678,-1.55712726063885,-1.61085226424763
"10241",-0.79561488248353,-1.55713135964446,-1.61084909074019
"10242",-0.796077643637615,-1.55720914196114,-1.61078883886578
"10243",-0.796541475861976,-1.55728707446071,-1.61072841018454
"10244",-0.796650699026473,-1.55730542165133,-1.61071417500655
"10245",-0.79955349539112,-1.55779242323678,-1.61033509129272
"10246",-0.799858502427473,-1.55784352628719,-1.61029517477057
"10247",-0.800151325572006,-1.55789257581083,-1.61025683759451
"10248",-0.800303473690867,-1.55791805677748,-1.61023691209711
"10249",-0.801189052819224,-1.55806630513072,-1.6101208560152
"10250",-0.801331104194599,-1.55809007478636,-1.61010222739311
"10251",-0.803483837626459,-1.55844995189716,-1.60981949048873
"10252",-0.804387375650802,-1.55860080671648,-1.60970058240944
"10253",-0.804875838610552,-1.55868231338561,-1.6096362406265
"10254",-0.805608100935867,-1.55880443928333,-1.60953970771837
"10255",-0.806463654060487,-1.55894703326758,-1.6094268044048
"10256",-0.807385139577545,-1.55910050256575,-1.60930505913708
"10257",-0.807514316776657,-1.55912200704041,-1.60928798074715
"10258",-0.808467424022352,-1.55928060183848,-1.60916188254397
"10259",-0.810006905518515,-1.55953650190691,-1.60895787548664
"10260",-0.812366664991487,-1.55992811481951,-1.60864437701458
"10261",-0.81242781273003,-1.55993825230924,-1.60863624071251
"10262",-0.812709618653734,-1.55998496532365,-1.60859873539788
"10263",-0.813283955837542,-1.56008013514942,-1.60852225516359
"10264",-0.814483308268099,-1.56027872497585,-1.60836236389469
"10265",-0.815261962808637,-1.56040754859219,-1.60825842586937
"10266",-0.816363339477011,-1.5605896211998,-1.60811123230513
"10267",-0.817342535814326,-1.56075135465406,-1.60798019326984
"10268",-0.817370908547064,-1.56075603898722,-1.60797639390034
"10269",-0.817493839295637,-1.56077633354431,-1.60795993075442
"10270",-0.817676946725389,-1.56080655875072,-1.60793540383109
"10271",-0.818534466878895,-1.56094804624617,-1.60782046425396
"10272",-0.819146697792993,-1.56104899967996,-1.60773832571221
"10273",-0.81991380098267,-1.56117541744398,-1.60763531878848
"10274",-0.820648681422491,-1.56129644854353,-1.60753654460042
"10275",-0.821976140107446,-1.56151488484807,-1.6073578895143
"10276",-0.822282449233629,-1.56156525407698,-1.60731662249143
"10277",-0.822955874811512,-1.56167594599898,-1.60722584010899
"10278",-0.823863291958441,-1.56182500021995,-1.60710339201037
"10279",-0.824169712637159,-1.56187530778938,-1.60706201155906
"10280",-0.825505400466305,-1.56209444681375,-1.60688144776641
"10281",-0.830191503208061,-1.56286131930543,-1.60624556707182
"10282",-0.830681868187262,-1.56294139125246,-1.60617881202895
"10283",-0.831504203855608,-1.56307559628648,-1.60606677342243
"10284",-0.831750221795448,-1.56311572821402,-1.60603323264927
"10285",-0.832474512066155,-1.56323383026114,-1.60593442741134
"10286",-0.834291826702593,-1.56352984078435,-1.60568612558979
"10287",-0.835163875832903,-1.56367172124419,-1.60556677871769
"10288",-0.835736805902168,-1.56376487854487,-1.60548829891811
"10289",-0.83635550768147,-1.56386542734537,-1.60540348723741
"10290",-0.837055874844432,-1.56397918429829,-1.60530740310455
"10291",-0.8377926877862,-1.56409878787096,-1.60520622985867
"10292",-0.838345757275012,-1.56418851596084,-1.60513022681266
"10293",-0.841604461946101,-1.56471634045502,-1.6046813711659
"10294",-0.842477764199947,-1.5648575438086,-1.60456077943208
"10295",-0.84301904088228,-1.56494500955998,-1.60448597199499
"10296",-0.844015632770272,-1.56510594491242,-1.604348109178
"10297",-0.844396575837925,-1.56516742566335,-1.60429536778959
"10298",-0.845110878840987,-1.56528265385889,-1.60419640745601
"10299",-0.846292532571866,-1.56547311892906,-1.60403251260671
"10300",-0.846871150780717,-1.56556631358945,-1.60395217345616
"10301",-0.847154328394092,-1.56561190658422,-1.60391283484759
"10302",-0.847572967702621,-1.56567928939279,-1.60385465358852
"10303",-0.847683789766924,-1.56569712291709,-1.60383924696931
"10304",-0.848016270471516,-1.56575061570022,-1.60379301280153
"10305",-0.848225621343383,-1.56578429034683,-1.6037638913875
"10306",-0.84970363778709,-1.56602186198167,-1.60355808644908
"10307",-0.850491707649836,-1.5661484112252,-1.60344820370141
"10308",-0.850997255312126,-1.56622954782764,-1.60337765937203
"10309",-0.851662151664629,-1.56633620531588,-1.60328481472573
"10310",-0.851946117804066,-1.56638173847121,-1.60324513992176
"10311",-0.852031865699431,-1.56639548572629,-1.60323315687586
"10312",-0.852673288393956,-1.5664982877759,-1.60314348095633
"10313",-0.853425218461558,-1.56661872924119,-1.60303826820488
"10314",-0.853536168401624,-1.56663649424456,-1.60302273574157
"10315",-0.855311176228099,-1.56692047436678,-1.60277396531384
"10316",-0.855878490217104,-1.56701114685794,-1.60269434507921
"10317",-0.855916012692135,-1.56701714243538,-1.60268907707008
"10318",-0.857137195553383,-1.56721216553628,-1.60251750043764
"10319",-0.857754066448501,-1.56731060234728,-1.60243073598271
"10320",-0.858021070181096,-1.56735319317065,-1.60239316170353
"10321",-0.859296572409542,-1.56755651906805,-1.6022135030954
"10322",-0.860011932819224,-1.56767045625865,-1.60211262456799
"10323",-0.860123027073411,-1.56768814423714,-1.60209695072053
"10324",-0.861506259423776,-1.56790823572241,-1.60190162532507
"10325",-0.863556328828706,-1.56823394974921,-1.60161155579507
"10326",-0.863580511203667,-1.56823778841061,-1.60160813003638
"10327",-0.86396344937795,-1.56829856461019,-1.60155386885601
"10328",-0.865520728733288,-1.56854551472711,-1.60133295842442
"10329",-0.865800500294517,-1.56858984528556,-1.60129322869597
"10330",-0.869006253975417,-1.56909704453619,-1.60083706906397
"10331",-0.870280458483,-1.56929825464136,-1.60065528908912
"10332",-0.870799449993334,-1.56938014548707,-1.60058117272103
"10333",-0.872086620150288,-1.56958308797715,-1.60039716366116
"10334",-0.872618695046073,-1.56966691211911,-1.60032102102958
"10335",-0.8737325217227,-1.56984226207262,-1.60016147690484
"10336",-0.874735175921597,-1.56999996603206,-1.60001768375299
"10337",-0.87477760579306,-1.57000663666774,-1.60001159515898
"10338",-0.874958015020886,-1.57003499707586,-1.59998570354758
"10339",-0.877236490523617,-1.57039279433566,-1.59965824896445
"10340",-0.878438057815169,-1.57058119728725,-1.59948522322284
"10341",-0.878685315370385,-1.57061994242081,-1.59944958896857
"10342",-0.880333371623964,-1.57087798043588,-1.59921182045641
"10343",-0.883395478146881,-1.57135644173075,-1.59876887266111
"10344",-0.883817652884678,-1.57142230804069,-1.59870768385
"10345",-0.883941149983642,-1.57144157109582,-1.59868977907039
"10346",-0.885063307180715,-1.5716165105166,-1.59852697397477
"10347",-0.886174059827494,-1.57178950448112,-1.598365622752
"10348",-0.886273847930211,-1.57180503780373,-1.59835111746629
"10349",-0.888817616717191,-1.57220055484607,-1.59798080968559
"10350",-0.88915281468857,-1.57225260789417,-1.59793193551176
"10351",-0.889165754833939,-1.57225461707158,-1.597930048386
"10352",-0.889712052649284,-1.57233941849185,-1.59785035441902
"10353",-0.891015957702103,-1.57254166014614,-1.59765994618326
"10354",-0.891438247051676,-1.57260711004814,-1.59759822087594
"10355",-0.891624562452448,-1.57263597911498,-1.5975709783445
"10356",-0.891872993727699,-1.57267446559468,-1.59753464470454
"10357",-0.892443906935992,-1.57276287883686,-1.59745110970243
"10358",-0.893227160010456,-1.5728841042316,-1.5973364201894
"10359",-0.893388690434318,-1.57290909429546,-1.59731275547909
"10360",-0.893724193289214,-1.57296098808126,-1.59726358986174
"10361",-0.893959775840781,-1.57299741767724,-1.59722905606006
"10362",-0.895674998575155,-1.57326242818748,-1.59697735460271
"10363",-0.896185232306509,-1.57334118551185,-1.59690238889112
"10364",-0.901608745780087,-1.57417617284088,-1.59610296564115
"10365",-0.902031400438462,-1.57424107766867,-1.59604046898689
"10366",-0.902205661788814,-1.57426783108512,-1.59601469318961
"10367",-0.906445434351299,-1.57491748730527,-1.59538607703349
"10368",-0.908595802933178,-1.57524606675705,-1.59506615597361
"10369",-0.909560898901764,-1.57539333387262,-1.59492233504683
"10370",-0.909953963251973,-1.57545327717305,-1.59486371729436
"10371",-0.914818343280327,-1.57619340065456,-1.59413626584326
"10372",-0.918113840313813,-1.57669302380613,-1.59364131054354
"10373",-0.921411510791582,-1.57719153000172,-1.59314431610277
"10374",-0.921611967942368,-1.57722178634585,-1.59311404991682
"10375",-0.921924372685891,-1.57726892905061,-1.59306686864781
"10376",-0.922461754520801,-1.57734999107414,-1.59298567410577
"10377",-0.922948668762725,-1.57742340714866,-1.59291206569981
"10378",-0.923048662882827,-1.57743848019256,-1.59289694465783
"10379",-0.923398658037595,-1.57749122777091,-1.59284400627217
"10380",-0.923874219227371,-1.57756287330206,-1.59277204463928
"10381",-0.924099250404506,-1.57759676485602,-1.59273798068997
"10382",-0.924911947138529,-1.57771910781016,-1.59261489310998
"10383",-0.925049493468385,-1.57773980530659,-1.59259405068245
"10384",-0.925274048646556,-1.57777359020921,-1.59256001741036
"10385",-0.925299058595281,-1.57777735260687,-1.59255622644794
"10386",-0.928151538735478,-1.57820592541812,-1.59212320979767
"10387",-0.928201587417154,-1.57821343541394,-1.59211560085765
"10388",-0.928652047953968,-1.57828101384913,-1.59204709935427
"10389",-0.932031786195427,-1.57878719086549,-1.59153213089765
"10390",-0.932607819177159,-1.57887331211799,-1.59144418317636
"10391",-0.935012839372015,-1.57923240920465,-1.5910764296246
"10392",-0.935451377624952,-1.579297806068,-1.59100927519104
"10393",-0.936628823848238,-1.57947326746174,-1.5908288217822
"10394",-0.936992297196362,-1.57952739501979,-1.59077307286947
"10395",-0.938220778932501,-1.5797102093383,-1.59058449829412
"10396",-0.93832160640626,-1.57972520501965,-1.59056901063557
"10397",-0.938994149892294,-1.57982519576871,-1.59046566378838
"10398",-0.9390733693189,-1.57983696985997,-1.59045348585211
"10399",-0.939738517655708,-1.5799357960127,-1.5903511980326
"10400",-0.941356535528464,-1.58017595572348,-1.5901020890859
"10401",-0.941502557376789,-1.58019761267505,-1.5900795876595
"10402",-0.941882912341759,-1.58025401122271,-1.59002096082828
"10403",-0.94286212933782,-1.58039912137567,-1.58986992381275
"10404",-0.945246893651624,-1.58075199653092,-1.58950146947984
"10405",-0.945497597285066,-1.58078905028014,-1.58946268371077
"10406",-0.945518574948068,-1.58079215038707,-1.58945943786457
"10407",-0.945836980480384,-1.58083919774839,-1.58941016302848
"10408",-0.946715959154014,-1.5809690065118,-1.58927405524594
"10409",-0.947846295915831,-1.58113578853615,-1.58909884952234
"10410",-0.948675367689565,-1.58125801317115,-1.58897021518845
"10411",-0.950660127006566,-1.58155025091693,-1.58866183902605
"10412",-0.951590741397256,-1.5816870995701,-1.58851703805228
"10413",-0.95245813210192,-1.58181455008268,-1.58838195417274
"10414",-0.952998222022349,-1.58189385929642,-1.58829778415234
"10415",-0.954972599711598,-1.58218346481334,-1.58798970571
"10416",-0.955036022240004,-1.58219275940342,-1.58797979941361
"10417",-0.955073757005673,-1.58219828919794,-1.58797390512929
"10418",-0.955514016267272,-1.58226279286299,-1.5879051191008
"10419",-0.957187342823343,-1.58250772865588,-1.58764340666559
"10420",-0.957224561166683,-1.58251317244475,-1.58763758072649
"10421",-0.958219286999896,-1.58265860117034,-1.58748179330703
"10422",-0.958987085861828,-1.58277076608172,-1.58736144168205
"10423",-0.959981084564704,-1.58291586302384,-1.5872054989491
"10424",-0.962134987316196,-1.5832298388447,-1.5868670650689
"10425",-0.963117522015085,-1.58337286574773,-1.58671244706104
"10426",-0.963125583295462,-1.58337403871062,-1.58671117787374
"10427",-0.964704551369762,-1.58360362708326,-1.58646238936077
"10428",-0.965015595925954,-1.58364881656654,-1.58641333491282
"10429",-0.965461235777419,-1.58371353886962,-1.58634302779371
"10430",-0.965965397538304,-1.58378672993166,-1.58626345121688
"10431",-0.965978002204627,-1.58378855938182,-1.58626146120579
"10432",-0.966166542832718,-1.58381592187577,-1.58623169171352
"10433",-0.966356156306952,-1.58384343548356,-1.5862017473391
"10434",-0.967742954951678,-1.58404452527791,-1.58598257240012
"10435",-0.968335217509964,-1.58413033016793,-1.58588887936085
"10436",-0.97041672863876,-1.58443153691542,-1.58555916933011
"10437",-0.970429344003708,-1.58443336074732,-1.5855571690473
"10438",-0.970605962290478,-1.58445889272329,-1.58552916203338
"10439",-0.970731588368063,-1.58447705083541,-1.58550923814473
"10440",-0.971287259803469,-1.58455734399185,-1.58542108157029
"10441",-0.971311961207146,-1.58456091237081,-1.58541716162994
"10442",-0.972763173244158,-1.58477041894337,-1.58518670106605
"10443",-0.97314181603235,-1.58482503823663,-1.58512651765939
"10444",-0.973407415904663,-1.58486334018697,-1.58508428882806
"10445",-0.973546265397185,-1.58488335999361,-1.58506220828936
"10446",-0.973718442531982,-1.58490818169243,-1.58503482374293
"10447",-0.97478344940799,-1.58506163333667,-1.58486533544625
"10448",-0.974972839887026,-1.58508890659669,-1.5848351772039
"10449",-0.97531375985589,-1.5851379894496,-1.58478087588132
"10450",-0.976905010385618,-1.58536688952206,-1.584527189463
"10451",-0.97943125264177,-1.58572962816745,-1.58412365040375
"10452",-0.979798269536033,-1.585782260259,-1.58406494288005
"10453",-0.983553011098143,-1.58631973151354,-1.58346316537629
"10454",-0.9847925303473,-1.58649677154225,-1.58326403676319
"10455",-0.985716032802785,-1.58662854920217,-1.58311552497787
"10456",-0.987442364888195,-1.58687459748698,-1.58283756116883
"10457",-0.988081909940516,-1.58696565456734,-1.58273447099795
"10458",-0.990512683577522,-1.58731127439927,-1.58234208369655
"10459",-0.991475169400596,-1.58744792066313,-1.58218646816951
"10460",-0.994389007966721,-1.58786089714926,-1.58171450568924
"10461",-0.995365399915113,-1.58799904280722,-1.58155607113798
"10462",-0.996315543554321,-1.58813336023911,-1.58140175830658
"10463",-0.998268669302939,-1.58840911033939,-1.58108412575929
"10464",-0.998838828868444,-1.58848951792018,-1.58099129414085
"10465",-0.999346701220042,-1.58856110719331,-1.58090856293653
"10466",-1.00448160245354,-1.58928311301164,-1.58006993378432
"10467",-1.00477819292305,-1.58932471559887,-1.58002137458147
"10468",-1.00607288541146,-1.58950619336766,-1.57980924791362
"10469",-1.00682276588683,-1.5896112092799,-1.57968627091217
"10470",-1.00706410205031,-1.58964499199433,-1.57964667507987
"10471",-1.00846113017041,-1.58984040869559,-1.57941729564233
"10472",-1.00935098044761,-1.58996475497044,-1.57927103907293
"10473",-1.01127016495649,-1.59023260463643,-1.57895520023313
"10474",-1.0120705483825,-1.59034417478085,-1.57882332035883
"10475",-1.01265542281543,-1.59042565371399,-1.57872689009189
"10476",-1.01465224536155,-1.59070351246064,-1.57839728567521
"10477",-1.01486834656598,-1.59073355347755,-1.57836157969724
"10478",-1.01489432562875,-1.59073716453326,-1.57835728676306
"10479",-1.01517418643455,-1.59077605953074,-1.5783110345838
"10480",-1.01546678366915,-1.59081671428722,-1.57826266510341
"10481",-1.01607747235842,-1.59090153201166,-1.57816167094682
"10482",-1.01638284255336,-1.59094392719189,-1.57811114894774
"10483",-1.01787123085802,-1.59115039847447,-1.5778647055025
"10484",-1.01840635538199,-1.59122456489325,-1.57777602117139
"10485",-1.02099039489172,-1.59158220716356,-1.57734718396257
"10486",-1.02116922559885,-1.59160692767987,-1.57731746957339
"10487",-1.02429028860429,-1.59203773174131,-1.57679811968312
"10488",-1.0247363013673,-1.59209919762744,-1.57672378575692
"10489",-1.02513137185419,-1.59215362265168,-1.57665791769077
"10490",-1.0257686429111,-1.592241372904,-1.57655162059403
"10491",-1.02842049341637,-1.59260598938673,-1.57610865266018
"10492",-1.02885409208724,-1.59266552506757,-1.57603612610687
"10493",-1.02904539661577,-1.59269178499513,-1.57600411853018
"10494",-1.03292341305233,-1.59322314536336,-1.57535412841995
"10495",-1.03380466800583,-1.59334363722088,-1.57520611682455
"10496",-1.03393231972113,-1.59336108286379,-1.5751846676545
"10497",-1.03423869604791,-1.5934029459546,-1.57513317792839
"10498",-1.03425146210228,-1.59340469005238,-1.57513103216414
"10499",-1.03471105999065,-1.59346746704039,-1.57505376552515
"10500",-1.03487703542648,-1.5934901314717,-1.57502585453715
"10501",-1.03514516027597,-1.5935267376001,-1.57498075730552
"10502",-1.03527284341442,-1.59354416663882,-1.5749592779828
"10503",-1.03568144956847,-1.59359992893671,-1.57489052485619
"10504",-1.03607731600418,-1.59365393322222,-1.57482389223038
"10505",-1.03651098512689,-1.59371307262641,-1.57475087051475
"10506",-1.03671587085841,-1.59374100489004,-1.57471636212404
"10507",-1.03753878933246,-1.59385314257492,-1.57457769869425
"10508",-1.03810817977974,-1.59393068411892,-1.57448169778992
"10509",-1.03892584794791,-1.59404196788787,-1.5743437543778
"10510",-1.03971754053125,-1.59414963882899,-1.57421010089962
"10511",-1.04136680522783,-1.59437369542991,-1.57393138099808
"10512",-1.04279865974717,-1.59456794809946,-1.57368908391281
"10513",-1.04296027700596,-1.59458985827138,-1.57366171660198
"10514",-1.04332291465198,-1.59463900888227,-1.57360029597227
"10515",-1.04423034890757,-1.59476192930052,-1.57344651899074
"10516",-1.04692552079599,-1.59512642634084,-1.5729890863224
"10517",-1.04750542693622,-1.59520473814677,-1.57289052626228
"10518",-1.04845303586471,-1.59533261767913,-1.57272936791353
"10519",-1.04856823096631,-1.59534815580976,-1.57270976807092
"10520",-1.04896449138158,-1.5954015932638,-1.57264233188672
"10521",-1.04961328795105,-1.59548904529422,-1.57253187005814
"10522",-1.05225575438751,-1.5958447004506,-1.57208134937491
"10523",-1.05362640434127,-1.5960288468237,-1.57184726995084
"10524",-1.05476673875528,-1.59618187757365,-1.57165231903342
"10525",-1.05511233289203,-1.59622822468784,-1.57159319976622
"10526",-1.05558690107475,-1.59629184485187,-1.57151198968203
"10527",-1.05766348494331,-1.59656991050915,-1.57115625799329
"10528",-1.05806054838111,-1.59662302027257,-1.57108816853998
"10529",-1.05822763104606,-1.59664536296965,-1.5710595100623
"10530",-1.05986449419782,-1.59686407061078,-1.57077854056326
"10531",-1.06056176014561,-1.59695713715539,-1.57065873824282
"10532",-1.06069003773669,-1.59697425245298,-1.57063669041004
"10533",-1.06122148990965,-1.59704513981207,-1.57054532164411
"10534",-1.06124112300868,-1.5970477579086,-1.57054194549718
"10535",-1.06207508391615,-1.59715892480748,-1.57039848534885
"10536",-1.06229321763548,-1.59718798822777,-1.5703609451162
"10537",-1.06273005366037,-1.59724617364935,-1.57028574649016
"10538",-1.06584192354572,-1.59766000419788,-1.56974927427027
"10539",-1.06633721560644,-1.59772576329674,-1.56966376163351
"10540",-1.06691509459629,-1.59780245018503,-1.56956394641409
"10541",-1.06808333642274,-1.59795735851487,-1.56936201545725
"10542",-1.06864855206229,-1.59803224723159,-1.56926424852868
"10543",-1.06944509059844,-1.5981377204104,-1.56912639243285
"10544",-1.07064888077186,-1.598296975674,-1.56891788377565
"10545",-1.07175881671515,-1.59844366114269,-1.5687254505125
"10546",-1.07403439075134,-1.59874393389287,-1.5683303840054
"10547",-1.0757834900357,-1.59897431632808,-1.5680262244254
"10548",-1.07686354781141,-1.59911639415013,-1.56783819306852
"10549",-1.0771723298159,-1.59915698783444,-1.56778440592288
"10550",-1.07845910640886,-1.59932603044542,-1.56756011652333
"10551",-1.07996501347736,-1.59952361019016,-1.56729733704401
"10552",-1.08003815922255,-1.59953320028509,-1.56728456508072
"10553",-1.08012003289074,-1.59954393393958,-1.56727026824753
"10554",-1.08171188968011,-1.59975246863261,-1.56699211061843
"10555",-1.08185762871353,-1.59977154556261,-1.5669666267691
"10556",-1.08397042186688,-1.60004782297926,-1.56659685120872
"10557",-1.08400866904589,-1.60005281946384,-1.56659015153707
"10558",-1.08681807136331,-1.60041935722406,-1.56609747642666
"10559",-1.09060395263122,-1.60091181962573,-1.56543181930547
"10560",-1.0907370262021,-1.60092909890041,-1.56540838519439
"10561",-1.09203983565551,-1.60109815528592,-1.56517883185059
"10562",-1.09339510798061,-1.60127380731113,-1.56493978440501
"10563",-1.09597589832926,-1.60160769698145,-1.56448387132994
"10564",-1.09664778576315,-1.60169449400443,-1.56436502668831
"10565",-1.09753872797961,-1.6018095076454,-1.56420733885514
"10566",-1.0979648806066,-1.60186448767089,-1.56413187527733
"10567",-1.09880436641648,-1.60197273151568,-1.5639831447205
"10568",-1.09943674599493,-1.60205421638774,-1.56387104254759
"10569",-1.10292611613051,-1.60250299481749,-1.56325148745468
"10570",-1.10438689306974,-1.60269044684862,-1.56299162056251
"10571",-1.10492993284256,-1.6027600680574,-1.56289494082434
"10572",-1.10507216615172,-1.60277829759605,-1.56286961169883
"10573",-1.10649003820956,-1.60295989213307,-1.56261696267762
"10574",-1.1066887046537,-1.60298531768286,-1.56258154044116
"10575",-1.10750361480539,-1.60308956261922,-1.56243618514855
"10576",-1.11002669757395,-1.6034118297247,-1.56198556517553
"10577",-1.11147595857906,-1.60359660517227,-1.56172633371837
"10578",-1.11446745382692,-1.60397723779338,-1.56119033067358
"10579",-1.11545188011346,-1.60410226727874,-1.5610136777375
"10580",-1.1159436091504,-1.60416467844306,-1.56092538853986
"10581",-1.116021340948,-1.60417454174135,-1.56091142889059
"10582",-1.11647479753021,-1.60423206636458,-1.56082997736481
"10583",-1.11677280289351,-1.60426985777067,-1.5607764332636
"10584",-1.1173040684112,-1.60433720442799,-1.5606809480813
"10585",-1.11771929697863,-1.60438981872843,-1.56060629158253
"10586",-1.11839321716953,-1.60447516977806,-1.56048507325612
"10587",-1.12042099525173,-1.60473166807018,-1.56011996246744
"10588",-1.12080442796205,-1.60478011589622,-1.560050860665
"10589",-1.12172455585596,-1.60489630740242,-1.55988495463489
"10590",-1.12177642933779,-1.60490285494685,-1.55987559802236
"10591",-1.12309936171688,-1.6050697323465,-1.55963685210896
"10592",-1.12459181768095,-1.60525775136795,-1.55936722718546
"10593",-1.12656377606435,-1.60550578416035,-1.55901051227685
"10594",-1.12830380697775,-1.60572427327074,-1.55869531364577
"10595",-1.1290693159467,-1.60582028502168,-1.55855651528611
"10596",-1.13526643803663,-1.60659506399002,-1.55742996649648
"10597",-1.13620243007256,-1.60671170128633,-1.55725936592792
"10598",-1.13726860527106,-1.60684443903759,-1.55706489348161
"10599",-1.13897284214543,-1.60705634491448,-1.5567537196186
"10600",-1.13904620160985,-1.60706545902561,-1.55674031626284
"10601",-1.14199073601488,-1.60743077802045,-1.55620172953896
"10602",-1.14203865579952,-1.60743671509599,-1.55619295487355
"10603",-1.14467277041957,-1.60776266919312,-1.55571014445709
"10604",-1.14893183584477,-1.60828802995942,-1.55492752946993
"10605",-1.1495697611156,-1.60836654136736,-1.55481010020226
"10606",-1.15100388015396,-1.60854287421858,-1.55454590932835
"10607",-1.15238509943568,-1.60871248234639,-1.55429120429032
"10608",-1.15301146536168,-1.60878932631996,-1.55417561491951
"10609",-1.15325865076525,-1.60881963935425,-1.55412998502497
"10610",-1.15396335322934,-1.60890602101688,-1.55399985381374
"10611",-1.15663259084556,-1.609232703982,-1.55350635019897
"10612",-1.15807258561405,-1.60940860794529,-1.55323972277657
"10613",-1.15924717978215,-1.60955191833761,-1.55302203277456
"10614",-1.16124397560255,-1.6097951872577,-1.55265154264628
"10615",-1.16192351904925,-1.6098778733453,-1.5525253381289
"10616",-1.16268094775541,-1.60996997515824,-1.5523845967665
"10617",-1.16320281673325,-1.61003339581512,-1.55228758169408
"10618",-1.1656457490193,-1.6103298684271,-1.55183296361885
"10619",-1.16624683896494,-1.61040271350064,-1.55172098280498
"10620",-1.1667178523994,-1.61045976647265,-1.55163320143776
"10621",-1.16914916243741,-1.61075387062954,-1.55117962017711
"10622",-1.16935835398702,-1.61077914458163,-1.55114055734537
"10623",-1.16952832755489,-1.6107996767132,-1.55110881353617
"10624",-1.1734777605489,-1.61127584195789,-1.55037015755535
"10625",-1.17414506995198,-1.61135612421585,-1.55024514924679
"10626",-1.17421049646213,-1.61136399283247,-1.55023288962842
"10627",-1.17499567054682,-1.61145838568873,-1.55008571986642
"10628",-1.17503548535458,-1.61146317035301,-1.55007825498807
"10629",-1.17588565934264,-1.61156529609853,-1.54991880620435
"10630",-1.17720835264587,-1.61172402224444,-1.54967054861188
"10631",-1.17926413979454,-1.61197033456248,-1.54928424059005
"10632",-1.18003647324349,-1.61206274952115,-1.54913896642099
"10633",-1.18578914428513,-1.61274901259429,-1.54805444681235
"10634",-1.18637970531396,-1.61281925586258,-1.54794286685084
"10635",-1.18782218578331,-1.61299066708986,-1.54767013483563
"10636",-1.18973728064648,-1.61321788435818,-1.54730762569559
"10637",-1.19072129693122,-1.61333447601148,-1.54712117498879
"10638",-1.19209446089251,-1.61349699763624,-1.54686077816265
"10639",-1.19236167755294,-1.61352860007958,-1.546810076619
"10640",-1.19287356665623,-1.6135891168165,-1.54671292512073
"10641",-1.19431758770833,-1.61375967701346,-1.54643868055798
"10642",-1.19618219196761,-1.61397957523294,-1.54608415915341
"10643",-1.19741681970692,-1.61412496842816,-1.5458491681973
"10644",-1.19765285929218,-1.61415274606555,-1.54580421944633
"10645",-1.19958458596793,-1.61437984625523,-1.54543609139135
"10646",-1.20205545665884,-1.61466973453896,-1.54496451415869
"10647",-1.20233993182641,-1.61470306697066,-1.54491016999836
"10648",-1.20430375692386,-1.61493293053066,-1.54453472888707
"10649",-1.20585569206654,-1.61511428514947,-1.54423767956661
"10650",-1.20588144319677,-1.61511729213699,-1.54423274802737
"10651",-1.20625031380631,-1.615160357629,-1.54416209707143
"10652",-1.2065397190352,-1.61519413519297,-1.5441066540695
"10653",-1.20815744948662,-1.61538277858437,-1.54379653711746
"10654",-1.20983778428356,-1.6155784208258,-1.54347406148562
"10655",-1.20992149696272,-1.61558815951038,-1.54345798653594
"10656",-1.21049592240561,-1.61565496455492,-1.54334765797201
"10657",-1.2108824148459,-1.61569989303221,-1.54327340133405
"10658",-1.21243543547897,-1.61588026312512,-1.54297482609883
"10659",-1.21302800312979,-1.61594901584931,-1.54286082043713
"10660",-1.21346877359528,-1.61600013160402,-1.54277599012861
"10661",-1.21350265454863,-1.61600405987637,-1.54276946839449
"10662",-1.2135289941891,-1.61600711369746,-1.54276439818328
"10663",-1.21452998261805,-1.61612311271955,-1.54257164820937
"10664",-1.21657196754097,-1.6163594107881,-1.54217804484828
"10665",-1.21746801562996,-1.61646295894635,-1.54200515771807
"10666",-1.21803414287146,-1.61652833642482,-1.54189587369584
"10667",-1.21891777538678,-1.61663031086884,-1.54172521689576
"10668",-1.21898368148659,-1.6166379132979,-1.54171248437156
"10669",-1.21933958633306,-1.61667895968899,-1.5416437168096
"10670",-1.21956368487643,-1.61670479789032,-1.54160040838609
"10671",-1.21989269856992,-1.61674272282522,-1.54153681279225
"10672",-1.22136994598783,-1.61691285917874,-1.54125110215337
"10673",-1.22416605340346,-1.61723424687114,-1.54070954869322
"10674",-1.22511539752914,-1.61734317433905,-1.54052545098158
"10675",-1.22627713977841,-1.61747634058594,-1.54030000797107
"10676",-1.22908385678477,-1.61779746675872,-1.53975463602457
"10677",-1.23010471116122,-1.61791405688362,-1.53955602477205
"10678",-1.23105605760477,-1.61802260821501,-1.53937081685881
"10679",-1.23126736304357,-1.61804670562583,-1.5393296642949
"10680",-1.23159278569343,-1.61808380769975,-1.53926627581936
"10681",-1.23220511508605,-1.61815358988155,-1.53914696470521
"10682",-1.23343364583004,-1.61829347468359,-1.5389074439144
"10683",-1.23377673894053,-1.61833251167311,-1.5388405183345
"10684",-1.23550815074772,-1.61852931935346,-1.53850255118837
"10685",-1.23552136630088,-1.61853082032146,-1.53849997007883
"10686",-1.23672409523445,-1.61866734338428,-1.53826497388995
"10687",-1.23762298434197,-1.61876927665006,-1.53808922356162
"10688",-1.23835011865337,-1.61885167014229,-1.53794697948734
"10689",-1.2399368777343,-1.61903127471607,-1.5376363399224
"10690",-1.24018815030426,-1.61905969160436,-1.53758711900361
"10691",-1.24021404138858,-1.61906261929465,-1.53758204683265
"10692",-1.24168220300433,-1.61922851836784,-1.53729428866041
"10693",-1.24174890360144,-1.6192360499564,-1.53728120891594
"10694",-1.24303217718031,-1.61938086064606,-1.53702945376543
"10695",-1.24340265385606,-1.61942263451059,-1.53695673407233
"10696",-1.2441828107209,-1.61951055514596,-1.53680354265973
"10697",-1.24849884743139,-1.61999579167493,-1.53595465395004
"10698",-1.249690179337,-1.62012938216953,-1.53571992482305
"10699",-1.24970342379909,-1.62013086650089,-1.53571731424724
"10700",-1.2531346405054,-1.6205147863493,-1.53504025111584
"10701",-1.2537712989792,-1.62058588587905,-1.53491445934676
"10702",-1.25406286450975,-1.62061843254167,-1.53485683439968
"10703",-1.25463277987305,-1.62068202481789,-1.53474416549571
"10704",-1.25483159915847,-1.62070420142974,-1.53470485046091
"10705",-1.25585229922811,-1.62081798649174,-1.53450293616363
"10706",-1.25662124252224,-1.62090363406768,-1.53435073754312
"10707",-1.25976382234567,-1.62125302072562,-1.53372794600526
"10708",-1.25984382189002,-1.6212619014295,-1.5337120756008
"10709",-1.2603479059447,-1.62131784410126,-1.53361205629456
"10710",-1.26370445614247,-1.62168967259512,-1.53294524226671
"10711",-1.2639699124214,-1.62171902881903,-1.53289244619863
"10712",-1.26711693128244,-1.62206649077546,-1.5322658681633
"10713",-1.26744892200765,-1.62210308567129,-1.53219969569459
"10714",-1.26751532211666,-1.62211040349044,-1.5321864591516
"10715",-1.27181887961823,-1.62258371232147,-1.53132738789015
"10716",-1.27247629091509,-1.62265584569462,-1.53119595210607
"10717",-1.27316171681296,-1.62273100522586,-1.53105885783448
"10718",-1.27320159042766,-1.62273537601973,-1.53105088077479
"10719",-1.27365350771557,-1.62278490196309,-1.53096045694265
"10720",-1.27434417120178,-1.62286055142135,-1.53082221322883
"10721",-1.27437075819914,-1.62286346255007,-1.53081689036436
"10722",-1.27609913511572,-1.62305255335268,-1.53047067026981
"10723",-1.27668478549994,-1.62311655561349,-1.53035327101042
"10724",-1.27938425330482,-1.6234111066881,-1.52981158344098
"10725",-1.27973070915029,-1.62344885562284,-1.52974199622452
"10726",-1.27983657879211,-1.62346038843826,-1.52972072884572
"10727",-1.28160625476775,-1.62365299559514,-1.52936502477523
"10728",-1.28412183672782,-1.62392623082456,-1.52885872273855
"10729",-1.28534724590605,-1.6240590957626,-1.52861180388421
"10730",-1.28667884504059,-1.62420329969001,-1.5283432761724
"10731",-1.29172790842499,-1.62474843271901,-1.52732309117281
"10732",-1.29262939338679,-1.62484548940118,-1.52714060948114
"10733",-1.29982193712701,-1.62561689670413,-1.5256810653335
"10734",-1.30160999741978,-1.62580785233679,-1.52531723100983
"10735",-1.30369218128817,-1.62602981073231,-1.52489305095229
"10736",-1.30385237424331,-1.62604686894309,-1.52486039446748
"10737",-1.30399922091458,-1.62606250368984,-1.52483045593751
"10738",-1.30431197914426,-1.6260957957528,-1.52476668313682
"10739",-1.30577496727112,-1.62625139465911,-1.5244682131377
"10740",-1.30691007130755,-1.62637197192468,-1.5242364543059
"10741",-1.30791178138807,-1.62647827134654,-1.52403179920434
"10742",-1.30829914635636,-1.62651935059861,-1.52395262518898
"10743",-1.30851230895112,-1.62654194959959,-1.52390904873558
"10744",-1.30882011801466,-1.62657457471974,-1.52384611399966
"10745",-1.30910009178029,-1.62660424124838,-1.52378886034785
"10746",-1.30984824768809,-1.6266834784772,-1.52363581775394
"10747",-1.31317636364955,-1.62703527708851,-1.52295418474569
"10748",-1.31329666491546,-1.62704797269556,-1.52292952028552
"10749",-1.31384472898003,-1.62710579248844,-1.52281713234401
"10750",-1.31467358648884,-1.62719317823649,-1.52264709381106
"10751",-1.31924734723851,-1.62767414811587,-1.52170727894899
"10752",-1.32027268399093,-1.62778168387954,-1.5214962410428
"10753",-1.32031764081319,-1.62778639647982,-1.52148698494552
"10754",-1.32241372034091,-1.62800589413164,-1.52105515118778
"10755",-1.32306097098359,-1.62807358450175,-1.52092169606361
"10756",-1.32369579235133,-1.6281399344495,-1.52079075389387
"10757",-1.32607310272466,-1.6283880485527,-1.52029995717576
"10758",-1.32668849897281,-1.62845218436876,-1.52017279576155
"10759",-1.32722415947948,-1.62850797958977,-1.52006207273396
"10760",-1.3285372550346,-1.62864463308817,-1.51979050267108
"10761",-1.32934095703144,-1.62872818971003,-1.51962417979428
"10762",-1.33043948787274,-1.62884229450101,-1.51939671571703
"10763",-1.33120262803312,-1.62892149174156,-1.51923861163289
"10764",-1.33136398477387,-1.62893822965026,-1.51920517333909
"10765",-1.33302568233178,-1.62911045144804,-1.51886063153651
"10766",-1.33730219705901,-1.62955242330936,-1.51797237745004
"10767",-1.33795930268209,-1.62962017430747,-1.51783569584299
"10768",-1.33924685599922,-1.62975280438304,-1.51756772529357
"10769",-1.34382208812379,-1.63022277691749,-1.51661387981247
"10770",-1.34386235141137,-1.6302269036767,-1.51660547442449
"10771",-1.3443378412539,-1.63027562666653,-1.51650619599392
"10772",-1.34982360782026,-1.6308361461895,-1.51535882867613
"10773",-1.35162361538632,-1.63101942455612,-1.51498155604642
"10774",-1.35272474681399,-1.63113138688379,-1.51475057099074
"10775",-1.35522485997021,-1.63138515808918,-1.51422557594527
"10776",-1.35713364369572,-1.6315784975752,-1.51382424451403
"10777",-1.35751007749256,-1.63161658450615,-1.51374504542883
"10778",-1.35967491554621,-1.63183535204824,-1.51328924615176
"10779",-1.36118123441464,-1.63198730477603,-1.51297176206826
"10780",-1.36145885684735,-1.6320152864592,-1.51291321821498
"10781",-1.36219008770682,-1.63208895180487,-1.51275897482875
"10782",-1.36368342206854,-1.6322392318802,-1.51244377558926
"10783",-1.36609217225425,-1.63248117944795,-1.51193479243232
"10784",-1.36726259436116,-1.63259854054634,-1.51168722303599
"10785",-1.36773429947878,-1.63264580221215,-1.51158740065278
"10786",-1.36824528004888,-1.63269697480391,-1.51147923656818
"10787",-1.36842029128166,-1.6327144956688,-1.51144218306328
"10788",-1.36870357893867,-1.63274285013367,-1.51138219738432
"10789",-1.37033219634483,-1.6329057096477,-1.51103715313147
"10790",-1.37153073042704,-1.63302539833811,-1.51078302401476
"10791",-1.37243311299831,-1.63311542141653,-1.51059157494418
"10792",-1.37414444034244,-1.63328593118727,-1.51022823186824
"10793",-1.37531658138362,-1.63340255637677,-1.5099791640635
"10794",-1.37580165383175,-1.63345078135454,-1.50987604297024
"10795",-1.37612505124129,-1.63348292037458,-1.50980727653737
"10796",-1.37678536011217,-1.63354851030496,-1.5096668311223
"10797",-1.37860427997856,-1.63372897165181,-1.5092796828178
"10798",-1.37879314307593,-1.63374769126652,-1.50923946149688
"10799",-1.37911707437854,-1.63377979054182,-1.50917046535948
"10800",-1.38051911259193,-1.63391860680386,-1.50887169162095
"10801",-1.38436243995587,-1.63429817330664,-1.50805147383405
"10802",-1.38522517414828,-1.63438318323639,-1.50786711199378
"10803",-1.38611611996961,-1.63447089861336,-1.50767662812971
"10804",-1.38772173075664,-1.634628783444,-1.50733310981165
"10805",-1.3900834753444,-1.6348605760099,-1.50682725851809
"10806",-1.39050190990456,-1.63490158788648,-1.50673756655119
"10807",-1.39325599096059,-1.63517110835324,-1.50614670518139
"10808",-1.39348496676623,-1.63519348407038,-1.50609753995859
"10809",-1.39402567204394,-1.63524630256426,-1.50598141603588
"10810",-1.39445723292984,-1.63528843949112,-1.50588870740158
"10811",-1.39466037329064,-1.63530826769645,-1.50584506077451
"10812",-1.39565978514801,-1.63540576184527,-1.50563025617534
"10813",-1.39758654482228,-1.63559345372391,-1.50521580044053
"10814",-1.39830743611431,-1.63566358794088,-1.50506061961821
"10815",-1.40069425686084,-1.63589544757569,-1.50454638609626
"10816",-1.4018343918254,-1.63600601265213,-1.50430050861737
"10817",-1.40195546497639,-1.63601774658361,-1.50427438934774
"10818",-1.40278056186607,-1.63609767497689,-1.50409634379889
"10819",-1.40309146869963,-1.63612777637994,-1.50402923305801
"10820",-1.40341590501901,-1.63615917798784,-1.50395918968798
"10821",-1.4074853256315,-1.63655220989938,-1.50307957255462
"10822",-1.40763467049377,-1.63656660432511,-1.50304725390867
"10823",-1.40780275135725,-1.63658280209656,-1.50301087758136
"10824",-1.40879789112673,-1.63667864838941,-1.50279543934128
"10825",-1.40947383365982,-1.63674369847312,-1.50264903741219
"10826",-1.40962305909923,-1.63675805358342,-1.50261670949241
"10827",-1.41299216467155,-1.63708159846655,-1.50188613193748
"10828",-1.41308689693815,-1.63709068053916,-1.50186557021923
"10829",-1.41542845684965,-1.63731490179853,-1.50135699580304
"10830",-1.41641612539623,-1.63740932480358,-1.50114228534358
"10831",-1.41665551514962,-1.63743219723113,-1.50109022678588
"10832",-1.41944921486309,-1.63769872590271,-1.50048219914546
"10833",-1.42039008152895,-1.63778832437691,-1.50027721954306
"10834",-1.42065460968614,-1.63781350049882,-1.50021956998454
"10835",-1.42188725812137,-1.63793073046565,-1.49995082587183
"10836",-1.42494928487404,-1.63822133156262,-1.49928246367477
"10837",-1.42715894926965,-1.63843049953224,-1.49879946544711
"10838",-1.4288805123884,-1.63859315043389,-1.49842276095838
"10839",-1.42916521138375,-1.63862002199739,-1.49836043090165
"10840",-1.43054758691342,-1.63875039227045,-1.49805764777414
"10841",-1.43098206932338,-1.63879133136907,-1.49796243632905
"10842",-1.43176800798967,-1.63886534216888,-1.49779015133176
"10843",-1.43210761588641,-1.63889730496141,-1.49771568373509
"10844",-1.43214830085651,-1.63890113338519,-1.49770676162205
"10845",-1.43217542426922,-1.63890368559225,-1.49770081341708
"10846",-1.4325681491969,-1.63894063186981,-1.49761467858591
"10847",-1.43345899350982,-1.63902438688583,-1.49741922613775
"10848",-1.43431842460601,-1.63910511920607,-1.49723057763754
"10849",-1.43590076271862,-1.63925358132135,-1.49688302187579
"10850",-1.43706472781928,-1.63936264274608,-1.49662717330607
"10851",-1.44118476503569,-1.63974768287279,-1.49572028351054
"10852",-1.44168647219283,-1.63979446379999,-1.49560971373389
"10853",-1.4432619387532,-1.63994121589369,-1.49526231008978
"10854",-1.4438593803199,-1.6399968071503,-1.49513049338417
"10855",-1.44707764339654,-1.64029570132925,-1.49441971428693
"10856",-1.44716825580103,-1.64030410320137,-1.49439968432531
"10857",-1.44830005929764,-1.64040898449366,-1.49414941738629
"10858",-1.44880271655197,-1.64045552695104,-1.49403822079611
"10859",-1.44931898658278,-1.64050330586365,-1.49392398216885
"10860",-1.45021630668667,-1.64058629175046,-1.4937253520712
"10861",-1.45241776398598,-1.64078957601455,-1.49323764191219
"10862",-1.4529206364616,-1.64083594974999,-1.49312615654626
"10863",-1.45667204216114,-1.64118117032833,-1.49229355259989
"10864",-1.46194958258922,-1.64166467114512,-1.49111946320346
"10865",-1.46241213226897,-1.64170692736314,-1.49101640614714
"10866",-1.46260841452977,-1.64172485287979,-1.49097266654156
"10867",-1.46427557964794,-1.64187696669729,-1.49060097480248
"10868",-1.46437722186908,-1.64188623251562,-1.49057830341532
"10869",-1.4666436842946,-1.64209260356381,-1.49007245604399
"10870",-1.46671215873153,-1.64209883124168,-1.49005716410715
"10871",-1.47192148588709,-1.64257137604459,-1.48889220912607
"10872",-1.47368265280362,-1.64273058182074,-1.4884976519236
"10873",-1.47441874051243,-1.64279704008608,-1.48833263876692
"10874",-1.47584905531643,-1.6429260382312,-1.48801181769109
"10875",-1.47654385243945,-1.64298863486289,-1.48785588876586
"10876",-1.47719782254726,-1.64304751374334,-1.48770907149877
"10877",-1.47928205633517,-1.6432349081156,-1.48724082876546
"10878",-1.47940528173001,-1.64324597519892,-1.4872131293392
"10879",-1.48027749590364,-1.64332427144007,-1.48701701718402
"10880",-1.4815444881852,-1.64343788474162,-1.48673198537675
"10881",-1.48174910362448,-1.64345621950415,-1.48668593625527
"10882",-1.48320813391328,-1.64358684901329,-1.48635743876591
"10883",-1.48372561753378,-1.64363313460656,-1.48624086958495
"10884",-1.48378072818579,-1.6436380624946,-1.48622845345622
"10885",-1.48521235293558,-1.64376598078493,-1.48590579377433
"10886",-1.48703966668738,-1.64392898949216,-1.48549361122229
"10887",-1.48953569689027,-1.64415117242354,-1.48492996786412
"10888",-1.49095447228228,-1.64427721740748,-1.48460926683958
"10889",-1.49162883143401,-1.64433706532804,-1.48445675319323
"10890",-1.49171850801042,-1.64434502089314,-1.4844364679302
"10891",-1.49209563334304,-1.64437846937563,-1.48435115030803
"10892",-1.49409225429554,-1.64455534628086,-1.4838991799732
"10893",-1.49706773669783,-1.64481828409751,-1.48322477915078
"10894",-1.49763385084634,-1.64486822194692,-1.48309635306923
"10895",-1.49773723030461,-1.64487733816102,-1.48307289691288
"10896",-1.49776453391035,-1.64487974569183,-1.48306670169023
"10897",-1.49823744209101,-1.64492143454159,-1.48295938468512
"10898",-1.49828331576861,-1.6449254774493,-1.48294897321395
"10899",-1.49864702285258,-1.64495752486081,-1.48286641787644
"10900",-1.49975788672507,-1.64505533442437,-1.48261417689008
"10901",-1.49990808597403,-1.64506855084556,-1.48258006069856
"10902",-1.50050108463932,-1.64512071090941,-1.48244534203335
"10903",-1.50422380255664,-1.64544745311146,-1.48159868878192
"10904",-1.50437348687268,-1.64546056537597,-1.48156461313871
"10905",-1.50470191602126,-1.64548932868947,-1.48148983725628
"10906",-1.50605383136173,-1.6456076275357,-1.48118190702939
"10907",-1.50616313113352,-1.64561718475812,-1.48115700234187
"10908",-1.50711520873021,-1.64570039051208,-1.48094000739411
"10909",-1.50747539245593,-1.64573184762738,-1.48085788832517
"10910",-1.50966130700241,-1.64592251332888,-1.48035919948867
"10911",-1.51137038825258,-1.64607129583561,-1.47996891466326
"10912",-1.51295611873287,-1.64620911159849,-1.47960650049386
"10913",-1.51481496533571,-1.64637038409325,-1.4791813018517
"10914",-1.51484289034852,-1.64637280455135,-1.47917491119439
"10915",-1.51797455167583,-1.64664381621833,-1.47845766564451
"10916",-1.51843959021745,-1.64668398742287,-1.47835106259628
"10917",-1.51991690091399,-1.64681147634986,-1.47801224842183
"10918",-1.52068299125146,-1.64687751363107,-1.47783645162059
"10919",-1.52123023093243,-1.64692465465502,-1.47771083425161
"10920",-1.52159905438059,-1.64695641163485,-1.47762615265686
"10921",-1.52164009979889,-1.64695994505693,-1.47761672770368
"10922",-1.52270298491393,-1.64705139326101,-1.47737259872341
"10923",-1.52330940801413,-1.64710352456257,-1.47723325486358
"10924",-1.5287985617447,-1.64757395038334,-1.47597006018478
"10925",-1.52900334295071,-1.64759144985291,-1.47592286872061
"10926",-1.53005816240273,-1.64768153145567,-1.47567971222749
"10927",-1.53138637097025,-1.64779482374778,-1.47537335504001
"10928",-1.53275582036581,-1.64791147428449,-1.47505727644699
"10929",-1.53323516647873,-1.64795226704964,-1.47494658985383
"10930",-1.53341321444106,-1.64796741403687,-1.47490546988952
"10931",-1.5338241049321,-1.64800235909069,-1.4748105615389
"10932",-1.53501534648386,-1.64810358851338,-1.47453529816885
"10933",-1.53606998740626,-1.64819310786669,-1.47429146561438
"10934",-1.53963292895127,-1.64849482752172,-1.47346678580362
"10935",-1.53983848333752,-1.64851220114608,-1.4734191643814
"10936",-1.54082519507935,-1.64859554833062,-1.47319050344105
"10937",-1.54116782292567,-1.64862447043713,-1.47311107704646
"10938",-1.5412226443179,-1.64862909711859,-1.47309836737728
"10939",-1.54264809111424,-1.64874930800449,-1.4727677759933
"10940",-1.5436761656578,-1.64883589956258,-1.47252920147905
"10941",-1.5447542317213,-1.64892660451888,-1.47227889800701
"10942",-1.54607535739707,-1.64903762408167,-1.47197198283846
"10943",-1.5466645234462,-1.64908708597006,-1.47183504830562
"10944",-1.54890017607293,-1.64927450448529,-1.47131508033082
"10945",-1.54954434342062,-1.64932842691441,-1.47116515554425
"10946",-1.54995622830612,-1.64936288671644,-1.47106926817351
"10947",-1.55333015850898,-1.64964461767266,-1.4702830944689
"10948",-1.55346793406106,-1.64965610164404,-1.47025096361763
"10949",-1.5542774191002,-1.64972354182378,-1.47006213927936
"10950",-1.55443420987805,-1.64973659800253,-1.47002555700638
"10951",-1.55464787966352,-1.64975438720637,-1.46997569933315
"10952",-1.55532022622542,-1.64981033848699,-1.46981878064601
"10953",-1.55805994556493,-1.65003793507,-1.46917883398581
"10954",-1.55897076339624,-1.65011345826791,-1.46896589761416
"10955",-1.56190351772304,-1.6503561586181,-1.46827962902253
"10956",-1.5624296026616,-1.65039961776863,-1.46815642244573
"10957",-1.56475074110834,-1.65059108429008,-1.46761245279735
"10958",-1.56496988098953,-1.65060913721368,-1.46756106517473
"10959",-1.56550604702531,-1.65065328990625,-1.4674353132359
"10960",-1.56747005932973,-1.6508148168913,-1.46697440065633
"10961",-1.56845862546339,-1.6508959967644,-1.46674224161315
"10962",-1.57047848691628,-1.65106160929561,-1.46626754910187
"10963",-1.57313035218025,-1.65127851961542,-1.46564363562763
"10964",-1.57449085321175,-1.65138957281826,-1.46532324103555
"10965",-1.57482069380648,-1.65141647319752,-1.46524553327941
"10966",-1.57585737529814,-1.6515009610084,-1.46500122051603
"10967",-1.57590648004769,-1.65150496072595,-1.46498964511791
"10968",-1.5781470677535,-1.6516872476333,-1.46446118817432
"10969",-1.57825209499136,-1.6516957819803,-1.46443640309097
"10970",-1.57827079271213,-1.65169730123055,-1.4644319905393
"10971",-1.57939811996065,-1.65178884609885,-1.46416587594972
"10972",-1.57994807186972,-1.65183346644671,-1.4640360040042
"10973",-1.58000306836352,-1.65183792719463,-1.46402301464801
"10974",-1.58190646896439,-1.65199215545999,-1.46357325198526
"10975",-1.58280762125381,-1.65206506813206,-1.46336017409808
"10976",-1.58337205371174,-1.65211070207521,-1.46322666771733
"10977",-1.58427976800356,-1.65218403429324,-1.46301188978772
"10978",-1.5863424102669,-1.65235041489425,-1.46252349877527
"10979",-1.58814514224095,-1.65249553962916,-1.46209626156581
"10980",-1.58975432482594,-1.65262485447933,-1.46171458924061
"10981",-1.59345615497666,-1.65292151814841,-1.46083548222768
"10982",-1.59458495584443,-1.65301175349179,-1.46056711295707
"10983",-1.59671905841726,-1.65318206298599,-1.46005934964298
"10984",-1.59681542604258,-1.65318974458069,-1.46003640913918
"10985",-1.59740741382619,-1.65323691585511,-1.45989546267985
"10986",-1.60056053264524,-1.65348767661896,-1.45914408156343
"10987",-1.6013454846991,-1.6535499743491,-1.45895685797506
"10988",-1.60159337375183,-1.6535696374892,-1.45889771830006
"10989",-1.60168977627477,-1.65357728299209,-1.45887471740721
"10990",-1.60314966959614,-1.65369297057408,-1.4585262723962
"10991",-1.60365870947316,-1.65373326749183,-1.4584047200816
"10992",-1.60386590096652,-1.65374966318596,-1.45835523714717
"10993",-1.60426039380405,-1.65378087081587,-1.45826100844713
"10994",-1.60489110514009,-1.65383073860933,-1.45811032072894
"10995",-1.60520146591569,-1.65385526553941,-1.45803615407373
"10996",-1.60589083516875,-1.65390971602993,-1.45787137795026
"10997",-1.60770443675133,-1.65405277811619,-1.45743763170653
"10998",-1.60945872007697,-1.65419090342437,-1.45701772612653
"10999",-1.61137422309775,-1.65434143355803,-1.45655884250224
"11000",-1.61191171376271,-1.65438361819915,-1.45643000679893
"11001",-1.6129322075449,-1.65446364579822,-1.45618530817265
"11002",-1.61583577520115,-1.65469087767261,-1.45548844858196
"11003",-1.61619128397981,-1.65471865215165,-1.45540306212857
"11004",-1.6163779743397,-1.65473323337798,-1.45535821706749
"11005",-1.61854304107291,-1.6549021249343,-1.45483786359787
"11006",-1.61873111691836,-1.65491677816736,-1.4547926369301
"11007",-1.62022476225646,-1.65503304734172,-1.45443332102532
"11008",-1.62061147597016,-1.65506312041665,-1.45434025191262
"11009",-1.62400377234742,-1.65532640159631,-1.45352313295384
"11010",-1.62443154307149,-1.65535953487843,-1.45342000374909
"11011",-1.62662483459947,-1.65552918364828,-1.45289091714475
"11012",-1.62672199246188,-1.6555366896459,-1.45286746755756
"11013",-1.62742562587103,-1.65559102640352,-1.45269761074714
"11014",-1.62805240369657,-1.65563939421494,-1.45254626097485
"11015",-1.62852884937465,-1.65567613967317,-1.45243118341338
"11016",-1.62953630187769,-1.65575377780684,-1.45218776774543
"11017",-1.62967413694056,-1.65576439348831,-1.45215445604325
"11018",-1.63044691150597,-1.6558238818999,-1.45196765474974
"11019",-1.63189655656153,-1.65593534519996,-1.45161705780216
"11020",-1.63215819927418,-1.65595544475531,-1.45155375485651
"11021",-1.63333195736238,-1.65604554524813,-1.45126967829899
"11022",-1.63447761710066,-1.65613338112727,-1.45099225624389
"11023",-1.63509879472803,-1.65618096134669,-1.45084177751821
"11024",-1.63511201525543,-1.65618197365712,-1.45083857441807
"11025",-1.63540249096782,-1.65620421213232,-1.45076819244351
"11026",-1.64005533252812,-1.65655949769322,-1.44963955141738
"11027",-1.64099377456077,-1.65663094400864,-1.4494116254812
"11028",-1.64226446987618,-1.65672757244911,-1.44910284899754
"11029",-1.64296135487707,-1.65678051089709,-1.4489334321525
"11030",-1.64537263875624,-1.65696338059541,-1.44834682424128
"11031",-1.64563509898428,-1.65698325709233,-1.44828293548542
"11032",-1.64635300614578,-1.65703759692564,-1.44810814210581
"11033",-1.64853627158987,-1.6572025978983,-1.44757622196649
"11034",-1.64992681439633,-1.6573074888858,-1.44723716494546
"11035",-1.65024901466535,-1.65733177083319,-1.44715857243901
"11036",-1.65310519057444,-1.65754665628598,-1.44646138498957
"11037",-1.65373800534827,-1.65759417781294,-1.44630679532105
"11038",-1.65456137851863,-1.65765596137833,-1.44610558880906
"11039",-1.65478252711535,-1.65767254648446,-1.44605153442285
"11040",-1.6551829387006,-1.65770256550809,-1.4459536499669
"11041",-1.65575008837536,-1.65774506299055,-1.4458149747979
"11042",-1.65768480225318,-1.65788984074264,-1.44534164862016
"11043",-1.65815542313417,-1.65792501280818,-1.44522644974478
"11044",-1.6601324907093,-1.6580725765904,-1.44474223744868
"11045",-1.66021544988096,-1.65807876165119,-1.44472191021468
"11046",-1.66331231043272,-1.65830925697233,-1.44396255771719
"11047",-1.66379692410535,-1.65834525700011,-1.44384363523317
"11048",-1.663888751479,-1.65835207638459,-1.44382109822705
"11049",-1.66403202901175,-1.65836271527628,-1.44378593207174
"11050",-1.66515169608054,-1.65844579847667,-1.44351104278408
"11051",-1.66571935102999,-1.65848788236161,-1.44337162555823
"11052",-1.66632793572858,-1.65853297217618,-1.44322211677809
"11053",-1.66710253041173,-1.65859031904011,-1.44303176637419
"11054",-1.66809849093509,-1.65866398462514,-1.44278692071841
"11055",-1.66833307202776,-1.65868132380811,-1.4427292358267
"11056",-1.66912217904341,-1.65873961901183,-1.4425351455466
"11057",-1.67002141622679,-1.65880598985983,-1.44231388445554
"11058",-1.67036728951814,-1.65883150098498,-1.44222875733863
"11059",-1.67157098400031,-1.65892020988957,-1.44193239937761
"11060",-1.67364652066924,-1.65907290167142,-1.44142101576502
"11061",-1.67402014422005,-1.659100351978,-1.44132891005411
"11062",-1.67439377596524,-1.65912779184933,-1.44123678706082
"11063",-1.67468379892601,-1.65914908380465,-1.4411652682061
"11064",-1.67515490297005,-1.65918365560925,-1.44104907565883
"11065",-1.67552797433951,-1.65921102087935,-1.44095704455861
"11066",-1.67648291141621,-1.65928101667853,-1.44072140660571
"11067",-1.67854520261179,-1.65943193474435,-1.44021218046763
"11068",-1.67868362022814,-1.6594420521069,-1.4401779853874
"11069",-1.67908562287888,-1.65947142713581,-1.44007866163564
"11070",-1.67933478314358,-1.65948962731445,-1.44001709214568
"11071",-1.68120317001238,-1.65962594983056,-1.43955518252587
"11072",-1.68215386286737,-1.65969520945767,-1.43932000213116
"11073",-1.68240746701818,-1.65971367294953,-1.43925724937141
"11074",-1.68257360503781,-1.65972576578258,-1.43921613574533
"11075",-1.68301723287087,-1.65975804587546,-1.43910633784189
"11076",-1.68537108193081,-1.65992906244461,-1.43852340005466
"11077",-1.68538434350087,-1.6599300247184,-1.43852011407043
"11078",-1.68627116553321,-1.65999434216379,-1.43830033149012
"11079",-1.68678295552859,-1.66003143205063,-1.43817345457967
"11080",-1.68692143792826,-1.66004146446555,-1.43813911873964
"11081",-1.68879105500286,-1.66017676253273,-1.43767535362211
"11082",-1.69147868900186,-1.6603707783388,-1.43700800663506
"11083",-1.6923236677744,-1.66043165923026,-1.4367980327916
"11084",-1.69269768725361,-1.66045858959741,-1.43670506550887
"11085",-1.69359813584688,-1.66052337940547,-1.4364811848224
"11086",-1.69530218232612,-1.66064581714269,-1.43605726088989
"11087",-1.6957039722974,-1.66067465322561,-1.43595725935751
"11088",-1.69599434322979,-1.6606954850362,-1.43588497792174
"11089",-1.69605034995802,-1.66069950231854,-1.43587103522138
"11090",-1.69726965072155,-1.66078690043241,-1.435567409026
"11091",-1.69780946225668,-1.66082555653739,-1.43543293501124
"11092",-1.69808718115012,-1.66084543525242,-1.43536373923129
"11093",-1.69819803548775,-1.66085336836841,-1.435336116671
"11094",-1.69947232152885,-1.66094449196889,-1.43501849492028
"11095",-1.70217536707989,-1.66113736758319,-1.43434415991142
"11096",-1.70250800412015,-1.6611610636581,-1.43426112092412
"11097",-1.70322873763138,-1.66121237711201,-1.43408115659674
"11098",-1.7069525878794,-1.66147685931265,-1.43315041997483
"11099",-1.70759529808042,-1.66152239839236,-1.43298962780967
"11100",-1.70766461651615,-1.66152730802429,-1.43297228313738
"11101",-1.70907876642047,-1.66162738720301,-1.43261832351745
"11102",-1.70944812451669,-1.66165350115653,-1.43252583767229
"11103",-1.71235998532534,-1.66185900340506,-1.43179619584671
"11104",-1.71382699698198,-1.66196228876113,-1.43142824651265
"11105",-1.71438966810202,-1.66200185976322,-1.43128705730998
"11106",-1.71560954129337,-1.66208756610878,-1.43098083948656
"11107",-1.71612271121457,-1.66212358637602,-1.43085197265753
"11108",-1.71621979888559,-1.66213039884458,-1.43082758883271
"11109",-1.71641397562903,-1.66214402170422,-1.43077881773362
"11110",-1.71659487076886,-1.6621567101563,-1.43073337884024
"11111",-1.71660079832992,-1.66215712588814,-1.43073188984067
"11112",-1.71691388232613,-1.66217908031669,-1.43065323786934
"11113",-1.71696936311048,-1.66218297001634,-1.43063929904222
"11114",-1.71889682801257,-1.66231795564543,-1.43015483915456
"11115",-1.71921587570229,-1.66234027188864,-1.43007460865108
"11116",-1.72075569747987,-1.66244786702298,-1.42968723489469
"11117",-1.72153258827613,-1.66250208325461,-1.42949169347825
"11118",-1.72260101779429,-1.66257656926279,-1.42922266449804
"11119",-1.72405827140419,-1.66267802128383,-1.42885552852374
"11120",-1.72568170916493,-1.66279085136128,-1.42844625057738
"11121",-1.72597310871707,-1.66281108249159,-1.42837275650593
"11122",-1.72605593670974,-1.66281683184334,-1.42835186470509
"11123",-1.72650929298113,-1.66284829143577,-1.42823750080435
"11124",-1.72668081011745,-1.66286018936702,-1.42819422792424
"11125",-1.72783261012956,-1.6629400300595,-1.42790355124956
"11126",-1.72811016166302,-1.66295925427339,-1.42783348457311
"11127",-1.72823447421569,-1.66296786269832,-1.42780209967249
"11128",-1.72854037370892,-1.66298904067292,-1.42772486272765
"11129",-1.73178806061536,-1.66321344348557,-1.42690421770795
"11130",-1.73665992105594,-1.66354856330434,-1.42567099875884
"11131",-1.7369192904625,-1.6635663538722,-1.42560527137462
"11132",-1.73745186300997,-1.66360286785781,-1.42547028785111
"11133",-1.73899241710432,-1.66370836927452,-1.42507965064984
"11134",-1.73990897935831,-1.66377105249713,-1.42484711517045
"11135",-1.74221388703932,-1.66392840229682,-1.42426194394348
"11136",-1.74481142776251,-1.66410524683565,-1.42360178083106
"11137",-1.74497808739828,-1.66411657583839,-1.4235593991504
"11138",-1.74566751434303,-1.66416341860476,-1.42338404496365
"11139",-1.74897769757676,-1.6643878268371,-1.42254138152694
"11140",-1.7502512706096,-1.66447394607531,-1.42221685180518
"11141",-1.75028405614822,-1.66447616142315,-1.42220849510162
"11142",-1.75036740575432,-1.66448179306457,-1.42218724959586
"11143",-1.75153433173929,-1.66456058314449,-1.42188972449448
"11144",-1.75172882510929,-1.66457370522539,-1.42184012100511
"11145",-1.7520205682144,-1.66459338320515,-1.42176570721536
"11146",-1.75399281554862,-1.66472624241972,-1.42126240886338
"11147",-1.75570240114806,-1.66484117059529,-1.42082579409914
"11148",-1.75610535369997,-1.6648682273559,-1.42072283649769
"11149",-1.75682790648387,-1.66491671349855,-1.4205381738852
"11150",-1.75817079997528,-1.66500672269477,-1.42019481887223
"11151",-1.76089166446526,-1.66518867696065,-1.41949853376654
"11152",-1.76317897282521,-1.66534120801859,-1.41891256996177
"11153",-1.76435983952285,-1.66541980163879,-1.41860983031406
"11154",-1.76701484463052,-1.66559612665243,-1.41792860612077
"11155",-1.7670571363784,-1.66559893107832,-1.41791774859925
"11156",-1.76721005139176,-1.66560906997424,-1.41787848923114
"11157",-1.76730736143692,-1.66561552112128,-1.41785350453507
"11158",-1.76750198267268,-1.66562842136758,-1.41780353173213
"11159",-1.76793293512431,-1.66565697648293,-1.41769286148542
"11160",-1.76814146318659,-1.66567078866895,-1.41763930336201
"11161",-1.76921193471387,-1.6657416418976,-1.41736428949719
"11162",-1.7707128645813,-1.66584084254281,-1.41697847523985
"11163",-1.77138023459406,-1.66588489689124,-1.41680684828439
"11164",-1.77286856498686,-1.66598302472969,-1.41642391964568
"11165",-1.77346646738344,-1.66602239883111,-1.41627001846069
"11166",-1.77505108381612,-1.6661266229052,-1.41586194548894
"11167",-1.77573306177725,-1.66617142070411,-1.41568623660827
"11168",-1.77592774794012,-1.66618420290607,-1.4156360671353
"11169",-1.77652572178451,-1.66622344549617,-1.41548194680122
"11170",-1.77747138310547,-1.66628545110854,-1.41523813423052
"11171",-1.77900120235398,-1.66638561831867,-1.4148435048943
"11172",-1.77910450130916,-1.66639237570466,-1.41481684882898
"11173",-1.77912578526371,-1.66639376791354,-1.41481135640639
"11174",-1.78282614155769,-1.66663530145499,-1.41385570655403
"11175",-1.78349382407201,-1.66667877495695,-1.41368311153653
"11176",-1.78516310349273,-1.66678731893779,-1.41325139094156
"11177",-1.78613630957869,-1.66685050590425,-1.41299955247024
"11178",-1.78730549746634,-1.66692632461361,-1.41269686187979
"11179",-1.78878023079979,-1.66702181293866,-1.4123148546737
"11180",-1.78918370948952,-1.66704790999426,-1.41221029805556
"11181",-1.78922501809992,-1.66705058116183,-1.41219959242036
"11182",-1.791910824494,-1.66722398486171,-1.41150313040978
"11183",-1.7939145905584,-1.66735300728065,-1.41098301364904
"11184",-1.7952638422479,-1.66743971879572,-1.41063254045223
"11185",-1.79764377221783,-1.66759234147223,-1.41001385720137
"11186",-1.79792212122805,-1.66761016450711,-1.40994145733783
"11187",-1.79874310916593,-1.66766270020116,-1.40972786500025
"11188",-1.80016336055719,-1.66775346625486,-1.40935819040246
"11189",-1.80098457006696,-1.66780588085233,-1.409144338172
"11190",-1.80198616703414,-1.66786974184276,-1.40888341069592
"11191",-1.80442217835468,-1.66802475266031,-1.40824834170614
"11192",-1.80561996663696,-1.66810081201201,-1.40793583869536
"11193",-1.80642740770862,-1.66815202507156,-1.4077250883013
"11194",-1.80776347886787,-1.66823666237203,-1.40737620262678
"11195",-1.8084182611146,-1.66827809374973,-1.40720514895282
"11196",-1.80876573728238,-1.66830006758195,-1.40711435600527
"11197",-1.80908654925864,-1.66832034737332,-1.40703051842777
"11198",-1.80935049534776,-1.66833702680405,-1.40696153308951
"11199",-1.81017254908646,-1.66838894185479,-1.40674663083641
"11200",-1.81123074021093,-1.66845569695319,-1.40646988788578
"11201",-1.81134213089215,-1.66846271918173,-1.40644074932602
"11202",-1.81178769768545,-1.6684907992898,-1.40632418037854
"11203",-1.81195478690909,-1.66850132569804,-1.4062804609563
"11204",-1.81511572917481,-1.66870007716229,-1.40545281200183
"11205",-1.81532461339144,-1.66871318556412,-1.40539807985431
"11206",-1.81535246472626,-1.66871493311736,-1.40539078184428
"11207",-1.82057502505903,-1.66904162797936,-1.4040207826525
"11208",-1.82105749201245,-1.66907170831031,-1.40389406889873
"11209",-1.82149369501828,-1.66909888965555,-1.40377948372477
"11210",-1.82309608502123,-1.66919862148215,-1.40335837576311
"11211",-1.82447508932299,-1.66928430054,-1.4029957472431
"11212",-1.82462831556807,-1.66929381212936,-1.40295544132865
"11213",-1.82497597063506,-1.66931538665467,-1.4028639816422
"11214",-1.82618847739493,-1.66939056285156,-1.40254489612375
"11215",-1.82642529401903,-1.66940523317875,-1.40248255612515
"11216",-1.82896072864935,-1.66956204346442,-1.40181473705292
"11217",-1.82899750632194,-1.66956431464159,-1.40180504481277
"11218",-1.83059075000346,-1.66966261008678,-1.40138502471304
"11219",-1.8315660130588,-1.66972268837235,-1.40112778223306
"11220",-1.83242186174406,-1.66977535373678,-1.40090195100799
"11221",-1.83304289160316,-1.6698135361313,-1.40073803045567
"11222",-1.83382315422559,-1.66986146897297,-1.40053202023174
"11223",-1.83486817554833,-1.66992559738943,-1.40025600149244
"11224",-1.83613617553563,-1.67000330299248,-1.39992092631576
"11225",-1.83727880688402,-1.67007322620489,-1.39961882855952
"11226",-1.8381347916549,-1.67012554630694,-1.39939242232473
"11227",-1.83989863227258,-1.67023319016453,-1.39892563523207
"11228",-1.84042819385919,-1.6702654644737,-1.39878542377518
"11229",-1.84053968146093,-1.67027225654451,-1.3987559013795
"11230",-1.84069297745278,-1.6702815942104,-1.39871530570357
"11231",-1.84147340306818,-1.67032910572155,-1.39850859405267
"11232",-1.8423235278216,-1.67038081045544,-1.39828334469019
"11233",-1.84258832465036,-1.67039690480005,-1.39821316773807
"11234",-1.8430621761782,-1.67042569286745,-1.39808756740525
"11235",-1.84341060014959,-1.67044685046487,-1.39799519742173
"11236",-1.84603084871592,-1.67060568146198,-1.39730011927005
"11237",-1.84658837102798,-1.67063941286684,-1.39715212651212
"11238",-1.84695076474364,-1.67066132653625,-1.39705591169744
"11239",-1.84711300524734,-1.67067113403171,-1.39701283246554
"11240",-1.84752164908232,-1.67069582830089,-1.39690431361998
"11241",-1.847670542765,-1.67070482293105,-1.39686476905299
"11242",-1.84902762296278,-1.67078673029371,-1.39650423024387
"11243",-1.84944579529777,-1.67081194263151,-1.39639309238464
"11244",-1.85101592989945,-1.67090649656061,-1.39597562454693
"11245",-1.85210825951875,-1.67097217244668,-1.39568503498825
"11246",-1.85253981394895,-1.67099809586572,-1.39557019337342
"11247",-1.85372533698378,-1.67106924125025,-1.39525460608738
"11248",-1.85765676469624,-1.67130445157812,-1.39420694473818
"11249",-1.85772588455227,-1.67130857698166,-1.3941885101382
"11250",-1.85833933194652,-1.6713451754514,-1.39402487759849
"11251",-1.85924114551556,-1.67139892898384,-1.39378424995983
"11252",-1.8593995325405,-1.67140836379181,-1.39374197883905
"11253",-1.85963655426263,-1.67142247935982,-1.39367871611413
"11254",-1.86193712418123,-1.67155927826925,-1.39306435530284
"11255",-1.86405595012363,-1.67168493508763,-1.39249801066183
"11256",-1.86536668964427,-1.67176250767597,-1.39214741206601
"11257",-1.86985753192593,-1.6720273554727,-1.39094475235746
"11258",-1.87125151434305,-1.67210927295374,-1.39057098577708
"11259",-1.8715728611235,-1.6721281372656,-1.3904847929714
"11260",-1.87455739325842,-1.67230298934173,-1.38968372413989
"11261",-1.8751983609313,-1.67234045835653,-1.38951155523646
"11262",-1.87624498497271,-1.67240157792518,-1.38923032595738
"11263",-1.8770907521584,-1.67245091112059,-1.38900297844182
"11264",-1.87750917824461,-1.67247529889368,-1.38889047355693
"11265",-1.87754209601616,-1.67247721696241,-1.38888162192225
"11266",-1.8779326301917,-1.67249996691558,-1.38877659756651
"11267",-1.87868581116639,-1.67254381165036,-1.38857400068772
"11268",-1.87960135697183,-1.67259705376615,-1.38832764482272
"11269",-1.88010851452048,-1.6726265210619,-1.38819113839944
"11270",-1.88040142856411,-1.67264353187213,-1.38811228471279
"11271",-1.88108490062279,-1.67268320039655,-1.38792825414698
"11272",-1.88261126813345,-1.67277167051785,-1.3875170797575
"11273",-1.88282789931916,-1.67278421331675,-1.38745870247855
"11274",-1.88328880537062,-1.67281088837832,-1.38733448123112
"11275",-1.88528296111035,-1.67292612692422,-1.3867967538995
"11276",-1.8860089296841,-1.67296800923888,-1.38660088565063
"11277",-1.88875707787863,-1.67312621591498,-1.38585889769933
"11278",-1.88924534037896,-1.67315426844036,-1.3857269811808
"11279",-1.89065375778378,-1.67323509273114,-1.38534631299934
"11280",-1.89140710120494,-1.67327826689084,-1.38514260822895
"11281",-1.89216104333633,-1.67332143514106,-1.38493867839907
"11282",-1.89305391647773,-1.67337250609664,-1.38469708810919
"11283",-1.89404446172478,-1.67342909775335,-1.38442896633374
"11284",-1.89698029092531,-1.67359641951669,-1.38363365205004
"11285",-1.89698769036527,-1.67359684046354,-1.38363164633489
"11286",-1.89715570506145,-1.67360639761301,-1.38358610211028
"11287",-1.89723882761276,-1.67361112512065,-1.38356356868086
"11288",-1.89726732177207,-1.67361274558364,-1.38355584411241
"11289",-1.89815523753878,-1.67366321262071,-1.38331509104684
"11290",-1.89850906955293,-1.67368330808237,-1.38321912715882
"11291",-1.89888578382453,-1.67370469339773,-1.38311694198921
"11292",-1.89973629627273,-1.67375293844244,-1.38288617919721
"11293",-1.90089495956277,-1.67381858108907,-1.38257167875323
"11294",-1.90111820469137,-1.67383121788313,-1.38251106530185
"11295",-1.90406231134149,-1.67399754023394,-1.38171118986108
"11296",-1.90467567236537,-1.67403211411412,-1.38154442624999
"11297",-1.9048576579301,-1.67404236716014,-1.3814949390664
"11298",-1.90499719324338,-1.67405022698312,-1.38145699284824
"11299",-1.90749491615531,-1.67419068809481,-1.38077737793795
"11300",-1.90873682885786,-1.67426036436505,-1.38043920278637
"11301",-1.91325750929537,-1.67451307622094,-1.37920676357
"11302",-1.91374652178244,-1.67454032652795,-1.37907331145272
"11303",-1.9145553229885,-1.67458536024001,-1.37885253019009
"11304",-1.91484897025357,-1.67460169902503,-1.37877235426759
"11305",-1.91487629041411,-1.67460321883415,-1.37876489442508
"11306",-1.91616076090508,-1.67467461422108,-1.37841407258659
"11307",-1.9166212873293,-1.6747001836842,-1.37828824629229
"11308",-1.91666315347408,-1.6747025074484,-1.3782768063389
"11309",-1.91698412783535,-1.67472031891852,-1.37818909338954
"11310",-1.92115629550332,-1.67495118264948,-1.37704791831654
"11311",-1.92121211945839,-1.67495426334894,-1.3770326361645
"11312",-1.92173801294083,-1.6749832745716,-1.37688865255659
"11313",-1.92290139745128,-1.67504738449005,-1.37657002185205
"11314",-1.92301304712388,-1.67505353211244,-1.37653943503448
"11315",-1.92341777809422,-1.67507580997214,-1.37642854594236
"11316",-1.92451973805286,-1.67513640768943,-1.37612653610819
"11317",-1.92513382102467,-1.67517013973381,-1.37595817816067
"11318",-1.92536664555448,-1.67518292205872,-1.37589433565081
"11319",-1.9270045919143,-1.67527273987643,-1.37544502599982
"11320",-1.92749307653628,-1.6752994898887,-1.37531097061055
"11321",-1.92768788074191,-1.67531015294721,-1.37525750286376
"11322",-1.92927895996154,-1.67539714495894,-1.3748206425532
"11323",-1.92948890406641,-1.67540861039786,-1.37476297746235
"11324",-1.93021407667479,-1.67544818971779,-1.37456375744818
"11325",-1.930535678517,-1.67546573071175,-1.37447538799064
"11326",-1.93190347547474,-1.67554025312862,-1.37409941740039
"11327",-1.93385749306517,-1.67564648815661,-1.37356194927074
"11328",-1.93623026132424,-1.67577513114629,-1.37290872901333
"11329",-1.93642566728246,-1.67578570784285,-1.37285490605481
"11330",-1.93842161204858,-1.67589358934211,-1.37230489608328
"11331",-1.93969133775502,-1.67596207385441,-1.37195477492723
"11332",-1.94225500012128,-1.67610000622213,-1.37124730948126
"11333",-1.94313938224897,-1.67614748228143,-1.3710030866028
"11334",-1.94727993369505,-1.67636903418208,-1.36985851142883
"11335",-1.94796832666855,-1.67640575293996,-1.36966803345186
"11336",-1.94861100019712,-1.67644000328492,-1.36949015838923
"11337",-1.94989458050516,-1.67650832386479,-1.36913475957654
"11338",-1.9500487132019,-1.6765165201178,-1.36909207084409
"11339",-1.95013246366642,-1.67652097299053,-1.36906887412954
"11340",-1.95131893071072,-1.6765840031011,-1.36874016949285
"11341",-1.95205872972125,-1.67662325482355,-1.36853513259593
"11342",-1.95225355832368,-1.67663358557436,-1.36848112528644
"11343",-1.95258856226248,-1.6766513429323,-1.36838825089825
"11344",-1.9534216369778,-1.67669546744617,-1.36815724030252
"11345",-1.95458522290018,-1.67675701711073,-1.36783444996334
"11346",-1.95496210425111,-1.67677693267737,-1.36772986698289
"11347",-1.95501793854822,-1.67677988229444,-1.36771437185601
"11348",-1.95557628183255,-1.67680936658198,-1.36755940140054
"11349",-1.9565946694598,-1.67686308859933,-1.36727665432545
"11350",-1.95825633650364,-1.67695059044927,-1.36681505787501
"11351",-1.95931719402814,-1.67700635408341,-1.3665202001256
"11352",-1.95967968691423,-1.67702539052085,-1.36641941908261
"11353",-1.96104806899546,-1.67709716949496,-1.36603884664024
"11354",-1.9619827103668,-1.67714612187056,-1.36577878561741
"11355",-1.96209437983863,-1.67715196657586,-1.36574770742839
"11356",-1.9630581194269,-1.67720237216795,-1.36547943599459
"11357",-1.9630720781145,-1.67720310176387,-1.36547554962322
"11358",-1.96460753378964,-1.67728327495609,-1.36504791620457
"11359",-1.96582134912478,-1.67734653832988,-1.36470967556211
"11360",-1.96672925347296,-1.67739379114618,-1.36445657244554
"11361",-1.96738531104502,-1.67742790084659,-1.36427362131293
"11362",-1.96985540219071,-1.67755605865398,-1.36358437036291
"11363",-1.97196315244499,-1.67766508334817,-1.36299568873941
"11364",-1.97575543730814,-1.67786046893824,-1.36193527974157
"11365",-1.97758901920961,-1.67795458250011,-1.36142199346896
"11366",-1.97795193746686,-1.67797318276773,-1.36132035499849
"11367",-1.98078547700085,-1.67811809491764,-1.36052629208704
"11368",-1.98241858779778,-1.67820136366104,-1.36006822702464
"11369",-1.98339565760321,-1.67825109446175,-1.3597940301646
"11370",-1.98438609123455,-1.67830143834955,-1.35951597428908
"11371",-1.9862241103355,-1.67839468616549,-1.35899967593427
"11372",-1.9864797890825,-1.67840763903439,-1.35892782607781
"11373",-1.98692703213616,-1.67843028587022,-1.35880212601821
"11374",-1.98716372584704,-1.67844226564773,-1.35873559294899
"11375",-1.9888252954056,-1.67852625414215,-1.35826836052299
"11376",-1.990751022151,-1.6786233575536,-1.35772646177362
"11377",-1.99178431351802,-1.67867535540321,-1.35743552336548
"11378",-1.99192329838696,-1.67868234387383,-1.35739638103524
"11379",-1.99426873144187,-1.67880007721395,-1.3567355111424
"11380",-1.99524514857097,-1.67884897881027,-1.35646020620604
"11381",-1.99752074448341,-1.67896269255246,-1.35581817922154
"11382",-2.00014463024692,-1.67909336920325,-1.35507716949212
"11383",-2.00715961623987,-1.679440414253,-1.35309229625412
"11384",-2.00879746316478,-1.67952095573285,-1.35262807981463
"11385",-2.01061167837619,-1.67960995552156,-1.35211352523061
"11386",-2.01376554086057,-1.67976413746631,-1.35121813921548
"11387",-2.01437896468481,-1.67979404658957,-1.35104385816529
"11388",-2.01523079440497,-1.67983553709553,-1.35080177337864
"11389",-2.01567231798686,-1.67985702306024,-1.35067626316064
"11390",-2.01664913538831,-1.6799045107261,-1.35039850956602
"11391",-2.01885893585101,-1.68001169846675,-1.34976976913365
"11392",-2.0194310516355,-1.68003939483747,-1.34960689968523
"11393",-2.01947291361003,-1.68004142051429,-1.34959498101568
"11394",-2.02019851775981,-1.68007651303034,-1.34938836057267
"11395",-2.02021843503962,-1.68007747578516,-1.34938268816891
"11396",-2.02022642548238,-1.68007786201689,-1.3493804124934
"11397",-2.02026769700886,-1.6800798568772,-1.34936865826232
"11398",-2.02096597660858,-1.68011359057585,-1.34916975765407
"11399",-2.02195166056337,-1.68016115193058,-1.3488888988675
"11400",-2.02226307289573,-1.68017616442648,-1.34880014307687
"11401",-2.02334700373502,-1.68022836660443,-1.34849112678607
"11402",-2.02403514723325,-1.68026146594599,-1.34829487672799
"11403",-2.0271745464317,-1.68041205867373,-1.34739888644351
"11404",-2.02763557027305,-1.68043411663912,-1.34726721651789
"11405",-2.02995164662253,-1.68054471098256,-1.3466053775363
"11406",-2.03081607740404,-1.68058589427892,-1.34635820503437
"11407",-2.03083061921669,-1.68058658664489,-1.3463540462807
"11408",-2.03241608805632,-1.68066198749402,-1.34590048250693
"11409",-2.03860134143551,-1.68095450179007,-1.34412834183242
"11410",-2.03950809552869,-1.68099716479129,-1.34386818698706
"11411",-2.0398099704148,-1.68101135563475,-1.34378155627929
"11412",-2.04296699417794,-1.68115939189063,-1.34287495582561
"11413",-2.04305127877535,-1.68116333477271,-1.34285073656334
"11414",-2.04309908749324,-1.68116557107684,-1.34283699832712
"11415",-2.04338546674714,-1.68117896351183,-1.34275469948179
"11416",-2.04413929946345,-1.68121418953254,-1.34253802125635
"11417",-2.04483673763662,-1.6812467457833,-1.34233749608613
"11418",-2.0450599160241,-1.6812571566963,-1.34227331704001
"11419",-2.04511068753452,-1.68125952463166,-1.3422587159796
"11420",-2.04709578756853,-1.6813519701193,-1.34168760693655
"11421",-2.04849117014676,-1.68141679194741,-1.34128589386746
"11422",-2.04945355605742,-1.68146142183517,-1.34100870784076
"11423",-2.05150320824354,-1.68155626260017,-1.3404180215338
"11424",-2.05328099040811,-1.68163829182718,-1.33990530335525
"11425",-2.05342785134249,-1.68164505856371,-1.33986293232408
"11426",-2.05397830892813,-1.68167040827803,-1.33970409758256
"11427",-2.0560503006169,-1.68176564287276,-1.3391059186896
"11428",-2.05613397470607,-1.68176948263256,-1.33908175206338
"11429",-2.05692887143046,-1.68180593626235,-1.33885213197271
"11430",-2.05843495588855,-1.68187488676564,-1.33841687809546
"11431",-2.05888060442403,-1.68189525954757,-1.3382880381797
"11432",-2.05949417513233,-1.68192328677125,-1.33811061437257
"11433",-2.05992704846747,-1.68194304453507,-1.33798541667361
"11434",-2.06142801666278,-1.68201145495508,-1.33755113646765
"11435",-2.0619270389117,-1.68203416521919,-1.33740669662199
"11436",-2.06381742126767,-1.68212004205429,-1.33685927986247
"11437",-2.06491834670186,-1.68216994326852,-1.33654028896735
"11438",-2.06505334570877,-1.68217605664458,-1.33650116390665
"11439",-2.06766504414053,-1.68229408258905,-1.33574384516111
"11440",-2.06813907607925,-1.68231545498919,-1.33560630708663
"11441",-2.06851609905761,-1.68233244270234,-1.33549689765714
"11442",-2.06988179590536,-1.68239389673952,-1.33510044819849
"11443",-2.07021195918338,-1.68240873450733,-1.33500457330331
"11444",-2.07182616414701,-1.6824811714079,-1.33453565380809
"11445",-2.07646224443924,-1.6826882300672,-1.33318726295763
"11446",-2.07688042007914,-1.68270683506701,-1.33306551884474
"11447",-2.07722889644336,-1.68272233001828,-1.33296405135432
"11448",-2.07826036861395,-1.68276814597664,-1.33266363267968
"11449",-2.07907475776803,-1.68280426852665,-1.33242635533075
"11450",-2.08721684851787,-1.68316294056012,-1.33005000013413
"11451",-2.08805295998776,-1.68319951806079,-1.32980554926783
"11452",-2.08867111417141,-1.68322653007836,-1.32962477111278
"11453",-2.08897767834424,-1.68323991666951,-1.3295351009551
"11454",-2.0893070911352,-1.68325429387986,-1.32943873575683
"11455",-2.09024512230859,-1.68329519392512,-1.32916426056013
"11456",-2.09232141259883,-1.68338551224701,-1.32855636892777
"11457",-2.09312938080316,-1.68342057976888,-1.32831968231077
"11458",-2.09342197346458,-1.68343326799397,-1.32823395189157
"11459",-2.09388234608391,-1.68345322021786,-1.3280990419339
"11460",-2.09420220846265,-1.68346707436991,-1.32800529372817
"11461",-2.09491292185844,-1.68349783257379,-1.32779694995263
"11462",-2.0952984390946,-1.68351450264015,-1.32768391271272
"11463",-2.09538645986794,-1.68351830731469,-1.32765810184872
"11464",-2.09636228390939,-1.68356045187133,-1.32737189640996
"11465",-2.0967519385229,-1.68357726251196,-1.3272575821457
"11466",-2.09691954836357,-1.68358449044007,-1.32720840461303
"11467",-2.09719019955268,-1.6835961578556,-1.32712898754936
"11468",-2.10019328867938,-1.68372528393404,-1.3262472364924
"11469",-2.10207321098991,-1.68380580532705,-1.32569474435678
"11470",-2.10391241561841,-1.68388435092759,-1.32515383149212
"11471",-2.1056066316336,-1.68395650177848,-1.32465522084502
"11472",-2.10629409925552,-1.68398572319405,-1.32445280515108
"11473",-2.10630301137112,-1.68398610180109,-1.32445018074535
"11474",-2.10699937544961,-1.68401566829952,-1.32424509026346
"11475",-2.10743553951453,-1.68403417038857,-1.32411660487828
"11476",-2.10896805192421,-1.6840990773837,-1.3236649855975
"11477",-2.10907946153358,-1.68410378974613,-1.32363214367433
"11478",-2.10941368790036,-1.68411792168329,-1.3235336101766
"11479",-2.10983146565498,-1.68413557574102,-1.32341042700494
"11480",-2.11122401617292,-1.68419433541873,-1.32299968567886
"11481",-2.11197537759297,-1.68422598508522,-1.32277797552512
"11482",-2.11483041732842,-1.68434589936705,-1.32193493124634
"11483",-2.11555442864099,-1.68437622071864,-1.32172099578544
"11484",-2.11590191579103,-1.6843907607506,-1.32161829689548
"11485",-2.11648726249571,-1.68441523512882,-1.3214452681888
"11486",-2.11796302688759,-1.68447683639595,-1.32100885856744
"11487",-2.11849205577118,-1.68449888315725,-1.32085235499427
"11488",-2.12069159507735,-1.68459034348863,-1.32020131945436
"11489",-2.12088589394834,-1.68459840698668,-1.32014378296848
"11490",-2.12095608492231,-1.68460131931745,-1.32012299670475
"11491",-2.12329462122527,-1.68469815793375,-1.31943014445568
"11492",-2.1266205311732,-1.68483524538035,-1.3184436822153
"11493",-2.12687104566695,-1.68484554074044,-1.31836932866266
"11494",-2.13040641719834,-1.68499037996927,-1.31731925353725
"11495",-2.13167211033713,-1.68504202777189,-1.31694297022996
"11496",-2.13822573611854,-1.68530771840063,-1.31499168057651
"11497",-2.14096107865449,-1.68541775102479,-1.31417579737925
"11498",-2.14123926962236,-1.68542891320159,-1.31409277195431
"11499",-2.14181455975995,-1.68545197959232,-1.31392104979791
"11500",-2.14223183014132,-1.68546869610954,-1.31379647221285
"11501",-2.14383129884652,-1.68553266406491,-1.31331875968112
"11502",-2.14509630062184,-1.68558313280125,-1.31294073392321
"11503",-2.14641744789135,-1.68563572573585,-1.31254573345987
"11504",-2.14744708808546,-1.68567663216831,-1.31223774935212
"11505",-2.14790597495709,-1.68569484007043,-1.31210044862353
"11506",-2.14942162706925,-1.68575487730507,-1.3116467873053
"11507",-2.1498943787269,-1.68577357183998,-1.31150523027519
"11508",-2.15299482856529,-1.68589580079126,-1.31057621741816
"11509",-2.154996096644,-1.68597435062813,-1.30997597232459
"11510",-2.15791530088914,-1.68608844252545,-1.30909957900142
"11511",-2.15836050416889,-1.68610579171889,-1.30896583506882
"11512",-2.1591243483395,-1.68613552676369,-1.30873631453207
"11513",-2.16498871377014,-1.68636249760639,-1.30697193553776
"11514",-2.16675384862679,-1.68643035758694,-1.3064400889676
"11515",-2.16779083043526,-1.68647012542246,-1.30612747107604
"11516",-2.16989353467678,-1.68655053933683,-1.30549318767708
"11517",-2.17161598806536,-1.68661618776168,-1.30497322473204
"11518",-2.17269880382883,-1.68665735441033,-1.30464617484754
"11519",-2.17283769741511,-1.68666262912958,-1.30460421404788
"11520",-2.17344940497909,-1.68668584418114,-1.30441938587565
"11521",-2.17390273151084,-1.6867030320958,-1.30428238463609
"11522",-2.17428272047266,-1.68671742866523,-1.30416752855088
"11523",-2.17603213844588,-1.68678358211626,-1.30363852978956
"11524",-2.17668524970713,-1.68680822597312,-1.30344094700035
"11525",-2.17850430948969,-1.68687671195531,-1.30289037309002
"11526",-2.18039261800057,-1.68694756746889,-1.30231843158921
"11527",-2.18069806222224,-1.68695900598948,-1.30222587784108
"11528",-2.18284932985178,-1.68703938896604,-1.30157370606687
"11529",-2.18337743104162,-1.68705907363822,-1.30141352589096
"11530",-2.18412703106189,-1.68708698203373,-1.30118610619761
"11531",-2.18426584260093,-1.68709214594562,-1.30114398522891
"11532",-2.1846267477961,-1.68710556581376,-1.30103446162907
"11533",-2.18475124499849,-1.68711019305513,-1.30099667703455
"11534",-2.18792950689211,-1.68722796441549,-1.30003146855127
"11535",-2.18890096698968,-1.68726382521927,-1.29973620930742
"11536",-2.1889848194203,-1.68726691757029,-1.29971071856591
"11537",-2.18903533226741,-1.68726878017727,-1.29969536250235
"11538",-2.18986796528181,-1.68729945764664,-1.29944219640026
"11539",-2.19088594775922,-1.68733690011795,-1.29913256356592
"11540",-2.19339735253575,-1.68742897105583,-1.29836816736817
"11541",-2.19463211394224,-1.68747408159223,-1.29799207204861
"11542",-2.19589394823278,-1.68752007410777,-1.29760754598202
"11543",-2.19614364729114,-1.68752916253971,-1.29753143161929
"11544",-2.19711525242904,-1.68756448622768,-1.29723519311268
"11545",-2.19963965152621,-1.68765596315339,-1.29646499648207
"11546",-2.20033310441294,-1.68768101597201,-1.29625329245802
"11547",-2.20095718855213,-1.68770353468411,-1.29606271776381
"11548",-2.20188575280904,-1.68773699083515,-1.29577908030897
"11549",-2.20251036779415,-1.68775946268374,-1.29558822969191
"11550",-2.20273223923066,-1.68776743858683,-1.2955204260282
"11551",-2.20395189507094,-1.68781122330545,-1.29514759738016
"11552",-2.20457643559306,-1.68783360462591,-1.29495661805408
"11553",-2.20483928985604,-1.68784301645013,-1.29487622570218
"11554",-2.20533901561491,-1.68786089677767,-1.29472336529552
"11555",-2.20644816251118,-1.6879005215977,-1.29438398514807
"11556",-2.20747405942174,-1.68793709767348,-1.29406994946762
"11557",-2.2084167210963,-1.68797064297134,-1.29378128380823
"11558",-2.20902665079706,-1.68799231549985,-1.29359445305138
"11559",-2.20941477645795,-1.6880060935048,-1.2934755414938
"11560",-2.2102181366154,-1.68803457923047,-1.29322935670344
"11561",-2.21135527103819,-1.68807482480049,-1.29288075917907
"11562",-2.21199873632067,-1.68809755933352,-1.29268343248882
"11563",-2.21240858866657,-1.68811202527719,-1.29255772075864
"11564",-2.21269903926528,-1.68812226994234,-1.29246862050613
"11565",-2.21411315956839,-1.68817206608268,-1.29203467533651
"11566",-2.21444573843955,-1.68818375754414,-1.291932584098
"11567",-2.2191011400759,-1.6883466212289,-1.29050215664809
"11568",-2.2213585019045,-1.68842505984978,-1.28980763721534
"11569",-2.22245331724325,-1.6884629771084,-1.28947058082193
"11570",-2.2225496850578,-1.68846631074085,-1.28944090569144
"11571",-2.22530568966261,-1.68856138016184,-1.2885917693479
"11572",-2.22673197798469,-1.68861037672965,-1.28815197263891
"11573",-2.22713411674554,-1.6886241660748,-1.28802792962451
"11574",-2.22861503631208,-1.68867485151964,-1.28757096341737
"11575",-2.23008314386867,-1.68872495045871,-1.28711769536786
"11576",-2.23158707188352,-1.68877611892406,-1.28665310442428
"11577",-2.23221495983722,-1.68879743590954,-1.28645905937044
"11578",-2.23310082371872,-1.68882746538286,-1.28618520927452
"11579",-2.23419424230781,-1.68886445660825,-1.28584706939581
"11580",-2.23490893505687,-1.68888859101565,-1.28562597428539
"11581",-2.2363946858657,-1.68893865132975,-1.28516615409358
"11582",-2.23651922987502,-1.68894284080234,-1.28512759753304
"11583",-2.2371834475264,-1.68896516614546,-1.28492193689296
"11584",-2.23878353877482,-1.68901882353266,-1.28442628926572
"11585",-2.2408776310377,-1.68908878176649,-1.28377716188475
"11586",-2.2427307167284,-1.68915043797912,-1.28320230957578
"11587",-2.24278663158281,-1.68915229473042,-1.28318495772057
"11588",-2.24544164406485,-1.68924021235928,-1.2823606117122
"11589",-2.2475165852269,-1.68930858505338,-1.28171578965923
"11590",-2.24998662448366,-1.6893895917248,-1.28094752009029
"11591",-2.25014368569183,-1.68939472849709,-1.28089864407609
"11592",-2.25095439561735,-1.68942121627473,-1.28064631209614
"11593",-2.25351674534033,-1.68950463744712,-1.27984827359644
"11594",-2.25394523384528,-1.68951854352699,-1.27971474582805
"11595",-2.25441019721156,-1.68953361908459,-1.2795698269638
"11596",-2.25547939509559,-1.68956822944957,-1.27923648427462
"11597",-2.25730300617788,-1.6896270791949,-1.27866762629947
"11598",-2.25847755470478,-1.68966486200262,-1.27830102837165
"11599",-2.25875390503481,-1.68967373783872,-1.27821475063637
"11600",-2.25961114124648,-1.68970123718724,-1.27794706024814
"11601",-2.26081254616055,-1.68973969209226,-1.27757174908115
"11602",-2.26176635956577,-1.68977015130688,-1.27727366193328
"11603",-2.26324384424745,-1.68981720991808,-1.27681170307603
"11604",-2.26495655203535,-1.6898715724503,-1.2762758736229
"11605",-2.26661381148715,-1.68992398273239,-1.27575705977685
"11606",-2.26698666769175,-1.68993574811911,-1.27564029020038
"11607",-2.26780154894059,-1.68996142816054,-1.27538503152417
"11608",-2.26849180015213,-1.68998314484011,-1.27516875102699
"11609",-2.26955554399297,-1.69001654805503,-1.27483533097268
"11610",-2.26970698969817,-1.69002129734434,-1.27478785086412
"11611",-2.2702038617177,-1.69003686799122,-1.27463205616578
"11612",-2.27158498509982,-1.69008005931719,-1.2741988493702
"11613",-2.27273072730451,-1.69011578984424,-1.27383930065887
"11614",-2.27291900491417,-1.69012165271171,-1.27378020176989
"11615",-2.27297918883667,-1.69012352629225,-1.27376130961131
"11616",-2.27653997167571,-1.69023393193018,-1.27264278738337
"11617",-2.27826481976036,-1.69028709794158,-1.27210043088631
"11618",-2.27863735786357,-1.69029855392717,-1.27198324448755
"11619",-2.27918881981923,-1.69031549443626,-1.27180974505452
"11620",-2.2798652804371,-1.69033624612589,-1.27159686939697
"11621",-2.28007179529502,-1.69034257505552,-1.27153187028958
"11622",-2.2825552774264,-1.69041845393825,-1.27074981350263
"11623",-2.28257789724979,-1.69041914309226,-1.27074268706596
"11624",-2.28269321131293,-1.6904226557949,-1.27070635610955
"11625",-2.28281735058355,-1.69042643630391,-1.27066724290286
"11626",-2.28299169389635,-1.69043174391648,-1.2706123085446
"11627",-2.28325872523524,-1.6904398691982,-1.27052816181075
"11628",-2.28607214195161,-1.69052517670136,-1.26964108304551
"11629",-2.2861135112429,-1.69052642700248,-1.26962803213956
"11630",-2.28662372178632,-1.690541837322,-1.2694670575589
"11631",-2.28674782405445,-1.69054558296368,-1.26942789782997
"11632",-2.28740909993385,-1.69056552355065,-1.26921920519398
"11633",-2.2897117124705,-1.69063472194309,-1.26849211444247
"11634",-2.29001542674145,-1.6906438217929,-1.26839616403083
"11635",-2.29011192576521,-1.69064671174729,-1.26836567543648
"11636",-2.29084253797779,-1.6906685712032,-1.26813480449474
"11637",-2.29266199699396,-1.69072284752348,-1.26755958469832
"11638",-2.29510132373178,-1.69079525505804,-1.26678777402911
"11639",-2.29561706997677,-1.69081051131747,-1.2666244992444
"11640",-2.29576275629363,-1.69081481751356,-1.26657837215817
"11641",-2.29942699228698,-1.69092264059083,-1.26541737029999
"11642",-2.29957852222926,-1.69092707941062,-1.26536932394061
"11643",-2.3069599584981,-1.69114137435237,-1.26302552859
"11644",-2.30765769483646,-1.69116143473714,-1.26280364201408
"11645",-2.30865337470526,-1.69119000251645,-1.26248690568093
"11646",-2.30908052128996,-1.69120223693589,-1.26235098941854
"11647",-2.31100687983662,-1.69125725422459,-1.26173775856392
"11648",-2.31203904570048,-1.69128662677901,-1.2614089991905
"11649",-2.31203920140101,-1.69128663120421,-1.26140894958805
"11650",-2.31242494732751,-1.69129758939328,-1.26128605128718
"11651",-2.31246623086643,-1.69129876155303,-1.26127289733262
"11652",-2.31406242121607,-1.69134399094127,-1.26076415500609
"11653",-2.31509433010445,-1.69137313639595,-1.26043509947413
"11654",-2.31608488059475,-1.69140104384877,-1.26011911218515
"11655",-2.31689652164945,-1.69142385973798,-1.25986010957433
"11656",-2.31856032240085,-1.6914704868047,-1.2593289273623
"11657",-2.32250773737751,-1.69158033744203,-1.25806735291567
"11658",-2.32348393176083,-1.6916073355329,-1.2577550773793
"11659",-2.32636585061587,-1.69168665045309,-1.25683251026178
"11660",-2.32699519795441,-1.69170389377461,-1.25663090920872
"11661",-2.32725004302026,-1.69171086832184,-1.25654926024492
"11662",-2.32744288744587,-1.69171614302677,-1.25648747027021
"11663",-2.32760286608721,-1.69172051680706,-1.25643620754615
"11664",-2.3300677163027,-1.69178767875133,-1.25564599473447
"11665",-2.33020454477744,-1.69179139457078,-1.25560210712494
"11666",-2.33122190628447,-1.69181898168738,-1.25527571870538
"11667",-2.33313098570168,-1.69187055314738,-1.25466291451174
"11668",-2.33442281482311,-1.69190530537552,-1.25424799546314
"11669",-2.33612099901962,-1.69195081109478,-1.25370225464018
"11670",-2.33655110738758,-1.69196230445761,-1.25356397676128
"11671",-2.33686755217762,-1.6919707522093,-1.25346222697516
"11672",-2.33726580329876,-1.69198137385726,-1.25333415600327
"11673",-2.33737508258972,-1.69198428646879,-1.25329901025018
"11674",-2.33814465382285,-1.69200477404004,-1.25305146459899
"11675",-2.33906420358429,-1.69202919980873,-1.25275558222185
"11676",-2.34010314974899,-1.69205672560553,-1.25242115918905
"11677",-2.3405605671156,-1.69206882035566,-1.25227388133119
"11678",-2.34124697847694,-1.69208694243513,-1.25205282534936
"11679",-2.34134365326696,-1.6920894921044,-1.25202168706298
"11680",-2.34231769814087,-1.69211514458532,-1.25170789100839
"11681",-2.34532399334426,-1.69219389769035,-1.25073866813298
"11682",-2.34591406329229,-1.69220928054092,-1.25054830285946
"11683",-2.34655898835791,-1.69222606540491,-1.25034019244516
"11684",-2.3513461679789,-1.69234974100326,-1.24879385067832
"11685",-2.35138789463264,-1.69235081190042,-1.24878036007673
"11686",-2.35334904459868,-1.6924010054776,-1.24814606530912
"11687",-2.35355415982025,-1.69240623951363,-1.24807969803167
"11688",-2.35585826472784,-1.69246483057691,-1.24733383006164
"11689",-2.35595423457018,-1.69246726286249,-1.24730274947697
"11690",-2.35624213911101,-1.69247455569048,-1.24720950265254
"11691",-2.35642036198189,-1.6924790672698,-1.24715177461698
"11692",-2.35652945647448,-1.69248182780878,-1.24711643600606
"11693",-2.35684040680521,-1.69248969151724,-1.24701570301275
"11694",-2.35688646977135,-1.69249085583546,-1.24700077982608
"11695",-2.35709209931781,-1.69249605163687,-1.24693415814273
"11696",-2.35958183056257,-1.69255872451779,-1.2461271068449
"11697",-2.35995622618347,-1.69256811111212,-1.24600568085911
"11698",-2.36006644471589,-1.69257087254845,-1.24596993096268
"11699",-2.36007230169512,-1.6925710192663,-1.24596803118292
"11700",-2.36138144803724,-1.69260375262419,-1.24554329000259
"11701",-2.36320381713784,-1.69264911653123,-1.24495169250953
"11702",-2.36447850372427,-1.69268070736718,-1.24453765055183
"11703",-2.36621817241157,-1.692723636281,-1.24397225590795
"11704",-2.36810820438955,-1.69277003261424,-1.24335757704888
"11705",-2.36936746291161,-1.69280080422793,-1.24294779868547
"11706",-2.37171515524188,-1.69285787285972,-1.24218331662644
"11707",-2.37191407521676,-1.69286269031552,-1.24211851131432
"11708",-2.37383048099982,-1.69290895808248,-1.24149392731163
"11709",-2.37472070262784,-1.69293036200126,-1.24120363964457
"11710",-2.37593870843982,-1.69295955576298,-1.2408063105788
"11711",-2.37864734941584,-1.69302409991576,-1.2399220709452
"11712",-2.3798922630828,-1.69305358998079,-1.23951536793072
"11713",-2.38251841137046,-1.69311543773203,-1.23865680865442
"11714",-2.38265575022635,-1.69311865865891,-1.23861188575722
"11715",-2.38383181733685,-1.69314618527683,-1.23822710570148
"11716",-2.38384491353528,-1.69314649124743,-1.23822282000154
"11717",-2.38608743125395,-1.69319870373962,-1.2374886534321
"11718",-2.38670305283998,-1.69321297455876,-1.2372870010382
"11719",-2.38723619514831,-1.69322531158624,-1.23711232816917
"11720",-2.38890321891907,-1.6932637561258,-1.23656593942253
"11721",-2.39063887977137,-1.69330357293917,-1.23599669405439
"11722",-2.39117239725947,-1.69331576886994,-1.23582164231195
"11723",-2.39155500360235,-1.69332450254222,-1.23569608446035
"11724",-2.39242947900371,-1.69334442476635,-1.23540904556535
"11725",-2.39380878150495,-1.69337573693193,-1.23495611197965
"11726",-2.39492894378843,-1.6934010662441,-1.23458810370358
"11727",-2.39518905368716,-1.69340693507007,-1.2345026275729
"11728",-2.39576273327993,-1.69341986183672,-1.23431407840216
"11729",-2.39580370916139,-1.6934207842494,-1.23430060947193
"11730",-2.39845271039208,-1.6934801614857,-1.2334294374873
"11731",-2.39852140831471,-1.69348169467038,-1.23340683353086
"11732",-2.39938121127987,-1.69350085500127,-1.23312388030283
"11733",-2.39939486507099,-1.69350115884335,-1.23311938623749
"11734",-2.4004056174124,-1.69352361438228,-1.23278663976257
"11735",-2.40043292221589,-1.69352421998945,-1.23277764910547
"11736",-2.4024805723384,-1.69356948377333,-1.23210315932614
"11737",-2.40420027721881,-1.69360726623971,-1.23153629761175
"11738",-2.40519647961922,-1.69362905618615,-1.23120775659816
"11739",-2.40878413929895,-1.69370693949349,-1.23002356360162
"11740",-2.41017109277324,-1.69373680087788,-1.22956534396167
"11741",-2.4105442538487,-1.69374481153337,-1.2294420193255
"11742",-2.41198926561708,-1.69377573728561,-1.22896430171045
"11743",-2.41273982856728,-1.69379174144127,-1.22871606631196
"11744",-2.41343521960006,-1.69380653304626,-1.22848601641293
"11745",-2.41900963065209,-1.69392384918412,-1.22663974099258
"11746",-2.4214491171958,-1.69397448573454,-1.22583056975717
"11747",-2.42165346742134,-1.69397870798097,-1.22576275414307
"11748",-2.42192592770616,-1.69398433282352,-1.2256723275604
"11749",-2.42324725163461,-1.69401153517131,-1.22523366522602
"11750",-2.42456781955681,-1.69403859617385,-1.2247950394435
"11751",-2.42462229584421,-1.6940397097974,-1.2247769405747
"11752",-2.42610665641441,-1.69406997121952,-1.2242836452293
"11753",-2.42612027334422,-1.69407024808972,-1.22427911868073
"11754",-2.42659685376562,-1.69407992986909,-1.22412067914017
"11755",-2.42710121744467,-1.69409015821102,-1.22395297259771
"11756",-2.42793172911,-1.69410696071303,-1.22367675000558
"11757",-2.42993225535173,-1.69414722984021,-1.22301103987323
"11758",-2.4306950454555,-1.694162508094,-1.22275707834365
"11759",-2.43240980581029,-1.69419670020899,-1.22218590843985
"11760",-2.43362083950519,-1.69422071994746,-1.22178230666435
"11761",-2.43600106013253,-1.69426762014277,-1.2209885225207
"11762",-2.43613708755179,-1.69427028805598,-1.22094313738256
"11763",-2.43667396394248,-1.69428080476035,-1.22076398791277
"11764",-2.43815063951829,-1.69430962320492,-1.22027105485579
"11765",-2.44006800815668,-1.69434680630147,-1.21963061127437
"11766",-2.44142703208231,-1.69437300011194,-1.21917639229698
"11767",-2.44243358306892,-1.69439231399481,-1.21883983132545
"11768",-2.44360197975824,-1.69441464118812,-1.21844899692631
"11769",-2.44373847190167,-1.69441724298684,-1.21840332863182
"11770",-2.44505676796543,-1.69444230257268,-1.21796212732172
"11771",-2.44535516236294,-1.69444795725444,-1.21786223222464
"11772",-2.44731238761226,-1.69448488698993,-1.21720672839927
"11773",-2.45032319010833,-1.69454115229988,-1.21619744047187
"11774",-2.45076212006847,-1.6945492998605,-1.21605020766283
"11775",-2.45145531694094,-1.69456213864519,-1.21581763603893
"11776",-2.45346498504331,-1.69459916219934,-1.21514304411823
"11777",-2.45451038144899,-1.69461830491998,-1.21479193455925
"11778",-2.45613875846369,-1.69464796418994,-1.21424475370745
"11779",-2.45780870524384,-1.69467817978047,-1.21368326264158
"11780",-2.4581402003619,-1.69468415356695,-1.21357176191241
"11781",-2.45831081438704,-1.6946872250318,-1.21351436936172
"11782",-2.45858163938419,-1.69469209617388,-1.21342325960006
"11783",-2.45901154809522,-1.69469981765097,-1.21327861289463
"11784",-2.45977569773446,-1.69471350903709,-1.21302145114613
"11785",-2.46012903130153,-1.69471982535416,-1.21290251814676
"11786",-2.46045464357637,-1.69472563804336,-1.21279290248054
"11787",-2.46186549464196,-1.69475073446005,-1.21231779471956
"11788",-2.46295061469434,-1.69476993775201,-1.2119522094763
"11789",-2.46361518621287,-1.69478165611108,-1.21172823799353
"11790",-2.46403072051203,-1.6947889667919,-1.21158816823503
"11791",-2.46563572446465,-1.69481708567287,-1.21104694625403
"11792",-2.46568996083573,-1.6948180325732,-1.21102865165859
"11793",-2.46630009740214,-1.69482866996275,-1.2108228198726
"11794",-2.46665260181466,-1.69483480325108,-1.21070388012023
"11795",-2.47184323145387,-1.69492406100448,-1.20895070054177
"11796",-2.4746750862479,-1.69497192322194,-1.20799280193596
"11797",-2.47658477648778,-1.69500386654778,-1.2073462684775
"11798",-2.4781690986614,-1.69503016362183,-1.20680954422841
"11799",-2.48122860328469,-1.69508042248569,-1.20577218188419
"11800",-2.48152580169966,-1.69508526779423,-1.2056713507994
"11801",-2.48439527990158,-1.69513171407657,-1.20469724914642
"11802",-2.48478765101794,-1.6951380178184,-1.20456397087761
"11803",-2.48555881151961,-1.69515037391623,-1.20430197154756
"11804",-2.48917017530012,-1.69520765199051,-1.20307403117065
"11805",-2.48942710616941,-1.69521169022628,-1.20298660695451
"11806",-2.48948119590229,-1.69521253974218,-1.20296820113424
"11807",-2.48962936913096,-1.69521486579201,-1.2029177784149
"11808",-2.4899409449141,-1.69521975165312,-1.20281174152255
"11809",-2.49599594293356,-1.69531326990452,-1.20074865886849
"11810",-2.4960229671111,-1.69531368117954,-1.20073944076755
"11811",-2.49732059802836,-1.69533336557643,-1.2002967034793
"11812",-2.49780694436591,-1.69534071090546,-1.20013071297984
"11813",-2.49929282999948,-1.69536304321262,-1.19962339449124
"11814",-2.50265537149214,-1.69541297317283,-1.19847431336883
"11815",-2.50358692300556,-1.69542665638264,-1.19815572255343
"11816",-2.50442388131746,-1.69543889485902,-1.19786938941792
"11817",-2.50463985702851,-1.69544204448012,-1.19779548730037
"11818",-2.50635396707673,-1.69546691803716,-1.19720874824352
"11819",-2.50663679817964,-1.69547100109318,-1.197111899694
"11820",-2.50898461472534,-1.69550466387813,-1.19630755824471
"11821",-2.50910660602551,-1.69550640169554,-1.19626574608534
"11822",-2.50974929603203,-1.69551553867066,-1.19604543496468
"11823",-2.51114351356045,-1.69553525348772,-1.19556732448952
"11824",-2.51203366079486,-1.69554776427912,-1.1952619433661
"11825",-2.51301753614158,-1.69556152320387,-1.19492429065869
"11826",-2.51568723933722,-1.69559849111703,-1.19400746823567
"11827",-2.51689594984197,-1.69561505215176,-1.19359207964377
"11828",-2.51839620153721,-1.69563545478716,-1.19307624210581
"11829",-2.51936656591405,-1.69564856096371,-1.19274244609011
"11830",-2.52024220060943,-1.69566032677801,-1.19244113381579
"11831",-2.52024277031287,-1.69566033441424,-1.19244093774507
"11832",-2.52052569688862,-1.69566412370305,-1.19234355986782
"11833",-2.52102416276137,-1.69567078506516,-1.19217197284095
"11834",-2.52301715259048,-1.69569723153283,-1.19148561079733
"11835",-2.52303119043883,-1.69569741674823,-1.19148077454293
"11836",-2.52323264334874,-1.69570007307932,-1.19141136816815
"11837",-2.52328708463864,-1.69570079040889,-1.19139261068019
"11838",-2.52346216551148,-1.6957030957929,-1.1913322848484
"11839",-2.52552188023177,-1.69573004328253,-1.19062229796301
"11840",-2.52622255782642,-1.69573913722698,-1.19038065057118
"11841",-2.52821427334271,-1.69576478441763,-1.18969341378842
"11842",-2.52973564815166,-1.69578417271655,-1.18916812745719
"11843",-2.53016626667646,-1.69578962864413,-1.18901939402493
"11844",-2.53086540371042,-1.69579845675587,-1.18877786546184
"11845",-2.53198268496802,-1.69581248788037,-1.1883917529406
"11846",-2.53717345732337,-1.69587643171648,-1.18659583041865
"11847",-2.53822222690865,-1.69588910243021,-1.18623255640174
"11848",-2.53866567905187,-1.69589443480623,-1.18607891074949
"11849",-2.53878665772741,-1.69589588693727,-1.18603699015286
"11850",-2.53916359241063,-1.69590040421038,-1.18590636568728
"11851",-2.53964262571928,-1.69590612943627,-1.18574033339916
"11852",-2.53984850254372,-1.69590858462568,-1.1856689677791
"11853",-2.54021194723187,-1.69591291100881,-1.18554296926816
"11854",-2.54222762424408,-1.69593672242683,-1.18484387105095
"11855",-2.54254239121249,-1.69594041281971,-1.18473465344348
"11856",-2.5429262723037,-1.69594490328393,-1.18460143754165
"11857",-2.54405472692545,-1.69595803826419,-1.18420972783982
"11858",-2.54600227399211,-1.69598047842434,-1.18353331155282
"11859",-2.54875487813834,-1.69601169980463,-1.18257645784755
"11860",-2.54918446558502,-1.69601652005539,-1.18242703820218
"11861",-2.55017722847272,-1.69602760539426,-1.18208164375944
"11862",-2.55079037486092,-1.69603441413394,-1.18186825951535
"11863",-2.55110389560941,-1.69603788451267,-1.18175913092832
"11864",-2.55129137078493,-1.69603995608342,-1.18169386957738
"11865",-2.55161330697164,-1.69604350713575,-1.18158179094948
"11866",-2.55170781426313,-1.69604454806947,-1.18154888672841
"11867",-2.55325094886561,-1.69606144766064,-1.18101145782836
"11868",-2.55735496578173,-1.69610550220176,-1.17958066156511
"11869",-2.55907126887854,-1.69612354148553,-1.17898166009301
"11870",-2.55947403893509,-1.69612774194039,-1.17884103575074
"11871",-2.55991643807001,-1.69613234127313,-1.17868655115464
"11872",-2.56102902622639,-1.69614384141803,-1.17829792707614
"11873",-2.56192645508334,-1.69615304801348,-1.17798434150656
"11874",-2.56259227337046,-1.69615983838087,-1.1777516198458
"11875",-2.56488831943207,-1.69618299203533,-1.17694865104089
"11876",-2.5671516502888,-1.69620541685627,-1.17615645802257
"11877",-2.56881219443384,-1.6962216171514,-1.17557482706239
"11878",-2.5689063386768,-1.69622252922564,-1.17554184093337
"11879",-2.57136967008085,-1.6962461498945,-1.17467833510569
"11880",-2.57288207838723,-1.6962604189768,-1.17414778065862
"11881",-2.57603975549194,-1.69628963777139,-1.17303910914183
"11882",-2.57709591183675,-1.69629923757841,-1.17266800042947
"11883",-2.5785943587806,-1.69631270850184,-1.17214123270829
"11884",-2.5796768952066,-1.69632233156767,-1.17176049376486
"11885",-2.58240457400131,-1.69634617358637,-1.17080046620779
"11886",-2.58276544041305,-1.69634928433529,-1.17067338400021
"11887",-2.58358066647706,-1.69635627431521,-1.17038623273065
"11888",-2.5881356923436,-1.69639437385397,-1.16878019871757
"11889",-2.58849627858101,-1.69639732051124,-1.16865294579392
"11890",-2.59476323008051,-1.69644690358543,-1.16643858868816
"11891",-2.59526414142112,-1.6964507335225,-1.16626137543409
"11892",-2.59537072850124,-1.69645154593333,-1.16622366263562
"11893",-2.59701219237406,-1.69646394430073,-1.16564268938035
"11894",-2.59802109323054,-1.69647145946939,-1.16528542762905
"11895",-2.60130612030835,-1.69649537307099,-1.16412124106773
"11896",-2.6033449432858,-1.69650978635466,-1.16339798555787
"11897",-2.6037319919702,-1.69651248545536,-1.16326062147556
"11898",-2.60489701688314,-1.69652053829522,-1.16284703356548
"11899",-2.60586338580289,-1.69652713649363,-1.16250383355353
"11900",-2.60942023690308,-1.69655078473859,-1.16123957878442
"11901",-2.61001464165427,-1.69655463887884,-1.16102813942717
"11902",-2.61467335797354,-1.6965838739952,-1.15936934101045
"11903",-2.61487717752344,-1.69658511362316,-1.15929670274035
"11904",-2.6156817317576,-1.69658997461203,-1.15900991777723
"11905",-2.61945290206659,-1.69661207175223,-1.15766453242831
"11906",-2.61970554414119,-1.69661351155421,-1.15757433353893
"11907",-2.61985236867957,-1.69661434596261,-1.15752190998879
"11908",-2.62126732987176,-1.69662229897096,-1.1570165527282
"11909",-2.62305607453189,-1.69663212385587,-1.15637731669351
"11910",-2.62354779953031,-1.69663477986124,-1.15620151642908
"11911",-2.62407879315233,-1.69663762623951,-1.15601164079848
"11912",-2.62421167569785,-1.69663833502189,-1.15596411805087
"11913",-2.62476975465735,-1.69664129632058,-1.1557645067491
"11914",-2.62490262399509,-1.69664199768023,-1.15571697649642
"11915",-2.62623132783548,-1.69664893353153,-1.15524154083103
"11916",-2.62736080956666,-1.69665471815038,-1.15483720556119
"11917",-2.6291536602643,-1.69666369000848,-1.15419504592176
"11918",-2.63222034661467,-1.69667843784116,-1.15309563100666
"11919",-2.63386540811574,-1.69668603725353,-1.15250535387793
"11920",-2.63415789328355,-1.69668736558048,-1.15240036709726
"11921",-2.6342640444048,-1.69668784596332,-1.15236226159812
"11922",-2.63491377321199,-1.69669076649965,-1.1521289929142
"11923",-2.63634636607147,-1.69669708577496,-1.15161445681255
"11924",-2.63650610207874,-1.69669778012555,-1.15155706830251
"11925",-2.63706318572099,-1.69670018558146,-1.15135689754186
"11926",-2.63789872587323,-1.69670374643783,-1.15105659399514
"11927",-2.63848165623519,-1.6967061973528,-1.15084702606441
"11928",-2.63865404177312,-1.69670691688454,-1.15078504340209
"11929",-2.63876068371253,-1.69670736080262,-1.15074669740273
"11930",-2.64134534116464,-1.69671783879509,-1.14981684646314
"11931",-2.64367838029488,-1.69672683253389,-1.14897674568806
"11932",-2.64513521049382,-1.69673222484522,-1.1484517860199
"11933",-2.64585110157322,-1.69673481156702,-1.1481937143216
"11934",-2.64676502489666,-1.69673805339276,-1.14786415350975
"11935",-2.64687097898725,-1.69673842484151,-1.1478259391688
"11936",-2.64695044345919,-1.69673870282596,-1.14779727781433
"11937",-2.64838064320766,-1.69674361828615,-1.14728128569998
"11938",-2.64944832549997,-1.6967471794254,-1.1468959037375
"11939",-2.65233858540716,-1.69675635415322,-1.14585188568348
"11940",-2.65249682408759,-1.69675683681644,-1.1457946941643
"11941",-2.65544769514335,-1.69676546355617,-1.1447275522844
"11942",-2.65632909317716,-1.69676790244638,-1.14440857787784
"11943",-2.65639942309848,-1.6967680943205,-1.14438312122155
"11944",-2.65733890932256,-1.69677061866501,-1.14404299990304
"11945",-2.65749758805461,-1.69677103790401,-1.14398554176277
"11946",-2.65762925829736,-1.69677138422211,-1.14393786089825
"11947",-2.6576821493097,-1.69677152293659,-1.14391870716688
"11948",-2.65884144285056,-1.69677450588825,-1.14349878998542
"11949",-2.66129096006892,-1.69678044691056,-1.14261092956866
"11950",-2.66135759589183,-1.69678060166089,-1.14258676511625
"11951",-2.66183292147899,-1.69678169496569,-1.14241437809943
"11952",-2.66388124019733,-1.69678619437802,-1.1416711594696
"11953",-2.66415864974783,-1.69678677727709,-1.14157045934494
"11954",-2.66860880497693,-1.69679526384733,-1.13995361153318
"11955",-2.67122202173444,-1.69679948809182,-1.13900290794266
"11956",-2.67145897691783,-1.69679984331095,-1.13891665612985
"11957",-2.67351761825718,-1.69680273459118,-1.13816698660765
"11958",-2.67391277095196,-1.69680324957391,-1.13802302252968
"11959",-2.67428263662848,-1.69680371992435,-1.1378882517969
"11960",-2.6771045086068,-1.69680693650209,-1.13685940882359
"11961",-2.67711713457164,-1.69680694941531,-1.13685480299855
"11962",-2.67798299186509,-1.69680780351984,-1.13653889486616
"11963",-2.67978019175261,-1.69680937832769,-1.13588285836536
"11964",-2.67983290341103,-1.69680942048052,-1.13586361020952
"11965",-2.68096554247947,-1.69681027063594,-1.13544992438643
"11966",-2.68163745988863,-1.6968107247426,-1.1352044296787
"11967",-2.68174340938183,-1.69681079293165,-1.13516571385076
"11968",-2.68450934133313,-1.69681224366322,-1.13415444795071
"11969",-2.68714245146045,-1.69681303455585,-1.13319076721022
"11970",-2.68852439961505,-1.69681321900431,-1.13268461243068
"11971",-2.68882651561634,-1.69681323816176,-1.13257392388888
"11972",-2.69187875463186,-1.69681300539976,-1.13145494705492
"11973",-2.69191876981042,-1.69681299719267,-1.13144026862788
"11974",-2.69235280262841,-1.69681289959434,-1.13128104189042
"11975",-2.69239225868451,-1.6968128899431,-1.13126656598546
"11976",-2.69277309846987,-1.69681279011156,-1.13112682987604
"11977",-2.69331227422883,-1.69681262808344,-1.13092896361692
"11978",-2.69349692855038,-1.69681256701653,-1.13086119011818
"11979",-2.69716462694761,-1.69681076409906,-1.12951406370397
"11980",-2.69895169305376,-1.69680947816419,-1.12885701077221
"11981",-2.69930641789648,-1.69680919111853,-1.12872653613754
"11982",-2.69935896802385,-1.69680914769862,-1.1287072057087
"11983",-2.69982716890781,-1.69680875063535,-1.12853496236939
"11984",-2.70163078529954,-1.6968070494116,-1.12787115852202
"11985",-2.70304895929607,-1.69680552021245,-1.12734889702007
"11986",-2.70327271632142,-1.69680526352663,-1.12726647008277
"11987",-2.70409980665806,-1.69680427824273,-1.12696172887004
"11988",-2.70538617422908,-1.69680263168862,-1.12648757880345
"11989",-2.70587177474365,-1.69680197397199,-1.12630852873604
"11990",-2.70673037316087,-1.6968007625449,-1.12599186732078
"11991",-2.70717089841554,-1.69680011693051,-1.12582935663931
"11992",-2.71000440982866,-1.69679557390602,-1.12478342490976
"11993",-2.71152557735635,-1.69679285599805,-1.12422145780767
"11994",-2.71156491294845,-1.69679278312869,-1.12420692174014
"11995",-2.71228602123384,-1.69679142414699,-1.12394040541785
"11996",-2.71412957747809,-1.6967877503366,-1.12325871196659
"11997",-2.71746242078246,-1.69678037994003,-1.12202512342825
"11998",-2.719793656731,-1.69677466595022,-1.121161341305
"11999",-2.72030376140158,-1.6967733542665,-1.12097223355149
"12000",-2.72594491067667,-1.69675737642444,-1.1188785058529
"12001",-2.72625136080292,-1.69675643101729,-1.11876463875674
"12002",-2.72784138795677,-1.69675139745174,-1.11817362450596
"12003",-2.72998565677884,-1.69674426838459,-1.11737603797733
"12004",-2.7315410849997,-1.69673885176495,-1.11679707483576
"12005",-2.73181553089298,-1.69673787461323,-1.11669488510926
"12006",-2.73530327663422,-1.69672489634835,-1.11539530550719
"12007",-2.7371535056225,-1.69671758924018,-1.11470519294806
"12008",-2.73839849397756,-1.6967125074557,-1.11424055698618
"12009",-2.73847681926939,-1.69671218330848,-1.11421131830635
"12010",-2.73983374348922,-1.69670648424869,-1.11370464420209
"12011",-2.7400561612924,-1.69670553503822,-1.11362156892156
"12012",-2.74080835485604,-1.69670229346547,-1.1133405655098
"12013",-2.7417264175866,-1.69669827128709,-1.11299748902889
"12014",-2.74190852193104,-1.69669746485965,-1.1129294232404
"12015",-2.74386520087721,-1.69668862019936,-1.11219777369914
"12016",-2.74424396968473,-1.69668687006077,-1.11205608057427
"12017",-2.74636881433765,-1.69667682320118,-1.11126082523311
"12018",-2.74707276608016,-1.69667340901693,-1.11099722017562
"12019",-2.74880676883229,-1.69666481694915,-1.11034759905927
"12020",-2.74918412128817,-1.69666291280835,-1.110206172718
"12021",-2.75119051572851,-1.69665258211175,-1.1094538666849
"12022",-2.75137343233137,-1.69665162301046,-1.10938525303253
"12023",-2.75203771730307,-1.69664811560707,-1.1091360340109
"12024",-2.75274656209588,-1.69664433088074,-1.10887002869562
"12025",-2.7537821872612,-1.69663872329496,-1.10848126601675
"12026",-2.75654205963744,-1.69662332628204,-1.10744449765144
"12027",-2.7597171478569,-1.69660479643834,-1.10625041456316
"12028",-2.7606666173882,-1.69659908542417,-1.105893061442
"12029",-2.7615769230287,-1.69659353645364,-1.10555032828133
"12030",-2.76208348206852,-1.69659041742432,-1.10535955610568
"12031",-2.76503011175337,-1.69657183165365,-1.10424912026569
"12032",-2.76617829671178,-1.69656438484484,-1.1038160929568
"12033",-2.76628224058636,-1.69656370502307,-1.1037768822251
"12034",-2.76752887286286,-1.69655547830695,-1.10330649544437
"12035",-2.76925629670584,-1.6965438546768,-1.10265432756579
"12036",-2.76956850661246,-1.6965417260573,-1.10253641114058
"12037",-2.77054233859216,-1.69653503185614,-1.10216852195371
"12038",-2.77198330957941,-1.69652497443479,-1.10162391142132
"12039",-2.77202224976425,-1.69652470012758,-1.10160918999099
"12040",-2.77204353560663,-1.69652455012718,-1.1016011427358
"12041",-2.77258036362001,-1.69652075401765,-1.10139816995294
"12042",-2.77386044606161,-1.69651160030405,-1.100914009462
"12043",-2.77411165523498,-1.69650978709723,-1.10081896818557
"12044",-2.77538254896391,-1.69650052915588,-1.1003380063734
"12045",-2.77588900175439,-1.69649680040744,-1.10014627826608
"12046",-2.77754909370816,-1.69648442028469,-1.09951755976218
"12047",-2.77763931787388,-1.69648374050992,-1.09948337833738
"12048",-2.77836599465718,-1.69647823945966,-1.0992080344787
"12049",-2.77885812433147,-1.69647448762807,-1.09902151965711
"12050",-2.78086317585228,-1.69645898178509,-1.09826125719506
"12051",-2.78154118185487,-1.69645365851688,-1.09800404538789
"12052",-2.78550569330981,-1.69642172133716,-1.09649873355543
"12053",-2.78645093977787,-1.69641390207415,-1.09613949502059
"12054",-2.78801737425803,-1.69640077055454,-1.09554389432954
"12055",-2.78944048591125,-1.69638865256711,-1.09500248467609
"12056",-2.79094196152063,-1.69637567312367,-1.09443094814616
"12057",-2.79151062886875,-1.69637070520795,-1.09421440077411
"12058",-2.79225675930574,-1.69636414352543,-1.09393020563391
"12059",-2.79283049955257,-1.69635906434743,-1.09371161836103
"12060",-2.79343832034078,-1.69635365163768,-1.09347999547042
"12061",-2.79442104211284,-1.69634483109712,-1.09310539681059
"12062",-2.79462736256736,-1.69634296836205,-1.09302673301768
"12063",-2.79482129370846,-1.69634121403855,-1.09295278734148
"12064",-2.79511918859476,-1.69633851274617,-1.09283918994454
"12065",-2.79881534860091,-1.69630434058751,-1.0914286620186
"12066",-2.80036492140852,-1.6962896528843,-1.0908367320608
"12067",-2.80095956728633,-1.696283959742,-1.09060948859996
"12068",-2.80106288260943,-1.69628296738896,-1.09057000156148
"12069",-2.80170856061655,-1.6962767440479,-1.09032318925303
"12070",-2.80254043855929,-1.69626867124811,-1.09000511336861
"12071",-2.80488422207441,-1.69624559447285,-1.08910841337479
"12072",-2.81122963470603,-1.69618065364256,-1.08667678843336
"12073",-2.81134565258951,-1.69617943271448,-1.0866322754212
"12074",-2.81315006617797,-1.69616028831396,-1.08593972048463
"12075",-2.81392375327058,-1.69615199015336,-1.08564262709319
"12076",-2.81602303913768,-1.69612920335319,-1.08483607460569
"12077",-2.8186499368397,-1.69610013112494,-1.08382591952026
"12078",-2.81993772441149,-1.69608565195557,-1.08333034733128
"12079",-2.82020800771018,-1.69608259405628,-1.08322630540961
"12080",-2.82251681665549,-1.69605620427249,-1.08233713203438
"12081",-2.82294816725845,-1.6960512205556,-1.08217092432396
"12082",-2.82417065520598,-1.69603700488155,-1.08169973060088
"12083",-2.82442787231887,-1.69603399663339,-1.08160056186496
"12084",-2.82688315162576,-1.69600497993641,-1.08065346198047
"12085",-2.82723022211684,-1.69600083419623,-1.08051951289654
"12086",-2.82782147731082,-1.69599374654678,-1.08029128271056
"12087",-2.82861828658418,-1.69598414469815,-1.07998362698928
"12088",-2.83005739310929,-1.69596665700468,-1.07942774225289
"12089",-2.83114932211624,-1.69595326270817,-1.07900576283277
"12090",-2.8319461948862,-1.69594341940276,-1.07869770031977
"12091",-2.83265197714534,-1.69593465309282,-1.07842477595546
"12092",-2.83317845172897,-1.69592808441668,-1.07822114266891
"12093",-2.83384610327143,-1.69591971805564,-1.07796284653187
"12094",-2.83616995587434,-1.6958902813789,-1.07706330994765
"12095",-2.84068078794015,-1.69583173629158,-1.07531499352635
"12096",-2.84071105079519,-1.69583133724209,-1.07530325427059
"12097",-2.84242167525156,-1.6958086445951,-1.07463947126841
"12098",-2.84394140385866,-1.69578825970259,-1.07404940789129
"12099",-2.84414644124295,-1.69578549323947,-1.07396977268866
"12100",-2.84487682439634,-1.69577560725855,-1.07368604717611
"12101",-2.84565781259925,-1.69576498222567,-1.07338257822862
"12102",-2.84618358203826,-1.69575779784072,-1.07317823007532
"12103",-2.8464264214676,-1.69575447099665,-1.07308383340288
"12104",-2.84652889446852,-1.69575306551693,-1.07304399748429
"12105",-2.8481129099697,-1.69573121717554,-1.07242802535491
"12106",-2.85070303048843,-1.69569499496562,-1.07142002947382
"12107",-2.85244398240113,-1.6956703013454,-1.07074195834313
"12108",-2.85246903147651,-1.69566994401319,-1.07073219895187
"12109",-2.85263536429191,-1.69566756976183,-1.07066739157912
"12110",-2.85309595163686,-1.69566098198954,-1.07048791446441
"12111",-2.85387223659661,-1.69564983455363,-1.07018534989209
"12112",-2.85402994510419,-1.6956475630728,-1.07012387080686
"12113",-2.85530878415088,-1.69562905918626,-1.06962521132283
"12114",-2.85610214311648,-1.69561750399255,-1.06931573664866
"12115",-2.85660079185131,-1.69561021147969,-1.06912117630375
"12116",-2.85679256758942,-1.69560740073105,-1.06904634058041
"12117",-2.85868384987222,-1.69557949922549,-1.06830802902555
"12118",-2.8610737863867,-1.69554376793577,-1.0673743127683
"12119",-2.86394732410862,-1.69550010563068,-1.06625056220929
"12120",-2.86595110974053,-1.69546920522729,-1.06546623440583
"12121",-2.86614240842646,-1.69546623569213,-1.06539132516995
"12122",-2.86818458186616,-1.69543432277482,-1.06459131380584
"12123",-2.86829886118089,-1.69543252546744,-1.0645465275162
"12124",-2.86928163818462,-1.69541701879208,-1.0641612967768
"12125",-2.87011065921984,-1.69540386813892,-1.06383622621482
"12126",-2.8712705332321,-1.69538536161277,-1.06338125560198
"12127",-2.8715770733446,-1.695380449593,-1.06326097983663
"12128",-2.8722904682163,-1.6953689841306,-1.06298101526387
"12129",-2.87467434309962,-1.69533032618824,-1.06204494934843
"12130",-2.87497960965565,-1.69532533746031,-1.06192502175002
"12131",-2.87817730697396,-1.69527255539205,-1.06066795043827
"12132",-2.87969187895336,-1.69524722075396,-1.0600720239595
"12133",-2.88158887591199,-1.69521518520316,-1.05932515450262
"12134",-2.8834083262364,-1.69518414119134,-1.05860832117686
"12135",-2.88455311264586,-1.69516444870568,-1.05815704575769
"12136",-2.88534159837469,-1.69515081341623,-1.05784611256571
"12137",-2.88799868655739,-1.69510443236773,-1.05679763933357
"12138",-2.88979050714086,-1.69507277843307,-1.05609001131396
"12139",-2.89027276700357,-1.69506420704896,-1.05589947612458
"12140",-2.89040034867272,-1.69506193580963,-1.05584906439579
"12141",-2.89109446372783,-1.69504955200176,-1.05557475472695
"12142",-2.89148010186573,-1.69504265205351,-1.05542232249708
"12143",-2.89339770110296,-1.69500813246998,-1.0546640232131
"12144",-2.8944387509533,-1.69498924593773,-1.05425212186666
"12145",-2.89512367000469,-1.69497676413326,-1.05398104010363
"12146",-2.89521305548682,-1.69497513190536,-1.05394565743645
"12147",-2.89735765782272,-1.69493574253486,-1.05309637767563
"12148",-2.89840333611155,-1.69491637810722,-1.05268203493789
"12149",-2.9017832549939,-1.69485307412693,-1.05134166277391
"12150",-2.90802937668963,-1.69473321475769,-1.04886020273284
"12151",-2.90882696625606,-1.69471764033185,-1.04854292078485
"12152",-2.90897431554071,-1.69471475637901,-1.04848429478077
"12153",-2.91365593254316,-1.69462204010744,-1.04661994028944
"12154",-2.91371054068859,-1.69462094618308,-1.04659817458025
"12155",-2.9139761227194,-1.69461562187824,-1.04649231261142
"12156",-2.91450778001355,-1.69460494295196,-1.04628036061734
"12157",-2.91489976355674,-1.69459705207297,-1.04612406448364
"12158",-2.91515210554043,-1.69459196442675,-1.04602343575066
"12159",-2.91578424225259,-1.69457919249672,-1.04577131127121
"12160",-2.91618930310615,-1.69457098821943,-1.04560972363336
"12161",-2.91747851612026,-1.69454477047368,-1.04509526609703
"12162",-2.91788290777187,-1.69453651358036,-1.04493384363285
"12163",-2.9200487283479,-1.69449202252803,-1.04406889140856
"12164",-2.92018227318327,-1.694489264343,-1.0440155354802
"12165",-2.92057381949487,-1.69448116753587,-1.04385908345535
"12166",-2.92068025634386,-1.69447896395541,-1.04381655003238
"12167",-2.92443660286987,-1.69440049212969,-1.04231438914143
"12168",-2.92490406956912,-1.69439063069062,-1.04212730235215
"12169",-2.92608960407749,-1.69436552600328,-1.04165268853278
"12170",-2.92654430246648,-1.69435586111179,-1.04147060012464
"12171",-2.93010051011416,-1.69427957712418,-1.04004541729852
"12172",-2.93045293840105,-1.69427195004783,-1.03990407553403
"12173",-2.9307055714326,-1.69426647522993,-1.03980274534474
"12174",-2.93075545693082,-1.69426539342314,-1.03978273532491
"12175",-2.93182726282703,-1.6942420917507,-1.03935272375733
"12176",-2.93187767002883,-1.6942409931062,-1.0393324960148
"12177",-2.93287257555786,-1.69421925792677,-1.03893317580707
"12178",-2.93404469968946,-1.69419352693431,-1.03846253619792
"12179",-2.93444776442813,-1.69418464760876,-1.03830064725327
"12180",-2.93760764288025,-1.69411448538186,-1.03703065443372
"12181",-2.93826213888994,-1.69409983044571,-1.03676741755221
"12182",-2.94046413731312,-1.6940502161152,-1.03588130662558
"12183",-2.94245192064348,-1.69400501872751,-1.03508077314646
"12184",-2.94338185312873,-1.69398374067548,-1.03470606060177
"12185",-2.94372183489846,-1.69397594017237,-1.03456903386099
"12186",-2.94424982216188,-1.69396380349155,-1.03435619865441
"12187",-2.94430010372427,-1.69396264625044,-1.03433592763263
"12188",-2.9474411551463,-1.6938898593022,-1.03306885780035
"12189",-2.9475039664111,-1.69388839384439,-1.03304350519117
"12190",-2.94785569470304,-1.69388018041342,-1.03290152556629
"12191",-2.94922521457395,-1.69384808322535,-1.03234852372583
"12192",-2.94945124948341,-1.69384276782903,-1.03225722534309
"12193",-2.95038039498937,-1.69382086503014,-1.03188185069079
"12194",-2.95187419308132,-1.69378547219011,-1.03127808345003
"12195",-2.95257646897623,-1.69376875650508,-1.03099411933829
"12196",-2.95304076809578,-1.69375767828578,-1.03080633985271
"12197",-2.95380666869704,-1.6937393570165,-1.03049651057648
"12198",-2.95383978890486,-1.69373856342583,-1.03048311048114
"12199",-2.95442085705384,-1.69372462275484,-1.03024798932165
"12200",-2.95449665388392,-1.69372280180275,-1.0302173154245
"12201",-2.954583932777,-1.69372070429631,-1.03018199382444
"12202",-2.95466508791808,-1.69371875327741,-1.030149149462
"12203",-2.95546246974114,-1.69369954888376,-1.02982638747747
"12204",-2.95738099243699,-1.6936530832161,-1.02904941932978
"12205",-2.95902305051625,-1.69361302208688,-1.02838397237481
"12206",-2.95923571339354,-1.6936078141045,-1.0282977605287
"12207",-2.95929876181659,-1.6936062692205,-1.02827219988218
"12208",-2.96121524775423,-1.69355911998032,-1.02749494460602
"12209",-2.96156599256087,-1.69355045127866,-1.02735263539649
"12210",-2.96298177119809,-1.69351533516277,-1.02677801605025
"12211",-2.96343791174007,-1.69350397864354,-1.02659281851158
"12212",-2.96403354799351,-1.69348911776859,-1.0263509368965
"12213",-2.96420882200946,-1.69348473799524,-1.02627974972816
"12214",-2.97361371705848,-1.69324520965531,-1.02245314121758
"12215",-2.97362224095115,-1.69324498853362,-1.0224496669785
"12216",-2.97383915136429,-1.69323935911281,-1.02236125311517
"12217",-2.97679943573478,-1.69316205780386,-1.02115391077936
"12218",-2.9795956707462,-1.69308822838147,-1.02001225230072
"12219",-2.98088036661098,-1.69305404352209,-1.01948733270263
"12220",-2.9813544399672,-1.69304138660186,-1.01929356554231
"12221",-2.98160446094418,-1.69303470232599,-1.01919136114037
"12222",-2.98217824673207,-1.69301933832534,-1.01895677112479
"12223",-2.98238975325303,-1.69301366650543,-1.01887028489493
"12224",-2.98503315415462,-1.69294239808243,-1.01778880871532
"12225",-2.98571870398445,-1.69292379937981,-1.0175081607436
"12226",-2.98854051022809,-1.69284674256029,-1.01635222575934
"12227",-2.98995446891685,-1.69280782642167,-1.01577255016487
"12228",-2.9909262002668,-1.69278096371593,-1.01537399619209
"12229",-2.99105069940508,-1.6927775150952,-1.01532292267338
"12230",-2.99142417732205,-1.69276716030532,-1.01516969593187
"12231",-2.99204657551708,-1.69274987256332,-1.01491429742095
"12232",-2.9925314634226,-1.69273637696183,-1.01471528472898
"12233",-2.99291779646574,-1.69272560723093,-1.0145566962611
"12234",-2.99391328246835,-1.69269778614603,-1.01414794750644
"12235",-2.99432333373265,-1.692686296957,-1.01397953556644
"12236",-2.99453535552545,-1.69268034960994,-1.01389244614009
"12237",-2.99478416197923,-1.69267336457994,-1.01379023840637
"12238",-2.99503295542071,-1.69266637359819,-1.01368802656759
"12239",-2.99689849137045,-1.69261375152322,-1.01292130705513
"12240",-2.99824653635438,-1.69257550523907,-1.01236694109832
"12241",-2.99829042168081,-1.6925742570161,-1.01234888916226
"12242",-2.99935935180642,-1.6925437927675,-1.01190910099685
"12243",-2.99950901119843,-1.69253951817961,-1.01184751294201
"12244",-3.00030378720971,-1.6925167792765,-1.01152038816739
"12245",-3.00042818159668,-1.69251321444213,-1.01146917948501
"12246",-3.00211809446162,-1.69246462865958,-1.01077326888924
"12247",-3.00286328281219,-1.69244311113197,-1.01046625957951
"12248",-3.00427829229029,-1.69240209551252,-1.00988305757805
"12249",-3.00522227139224,-1.6923746189133,-1.00949382229164
"12250",-3.00605331960606,-1.69235035363679,-1.00915103941242
"12251",-3.00609107556725,-1.69234924953742,-1.00913546368073
"12252",-3.00860523654408,-1.6922753978366,-1.00809778789205
"12253",-3.00927893191928,-1.69225549798047,-1.00781956745088
"12254",-3.0114245055008,-1.69219180957919,-1.00693303216039
"12255",-3.01303574841082,-1.69214366985378,-1.00626681433054
"12256",-3.01390258794351,-1.69211766005329,-1.00590822817331
"12257",-3.01711043903683,-1.69202073177719,-1.00458023102672
"12258",-3.01740364573279,-1.69201181914324,-1.00445876951755
"12259",-3.01761856776196,-1.69200528048113,-1.0043697292153
"12260",-3.01774236555399,-1.69200151195778,-1.00431843766113
"12261",-3.01922768359813,-1.69195617362196,-1.00370286128417
"12262",-3.02037402517454,-1.6919210259166,-1.00322753881914
"12263",-3.02281525416736,-1.69184572142691,-1.00221462726653
"12264",-3.02309914474569,-1.69183692407956,-1.00209677627647
"12265",-3.02355716589446,-1.69182271302064,-1.00190661263898
"12266",-3.02528783398671,-1.69176881843592,-1.00118777334728
"12267",-3.02590577386358,-1.69174949969566,-1.00093099810221
"12268",-3.03307969283995,-1.69152230529893,-0.997945683665897
"12269",-3.03356140614495,-1.69150685700373,-0.997744941982777
"12270",-3.03368478053542,-1.69150289654408,-0.997693523107927
"12271",-3.03379529300428,-1.6914993476139,-0.997647462716208
"12272",-3.03454830914834,-1.69147513166643,-0.997333563644436
"12273",-3.04021891265435,-1.69129086305722,-0.994966928957514
"12274",-3.04095804266069,-1.69126659591612,-0.994658086083451
"12275",-3.04586319113446,-1.69110409225506,-0.992606346662254
"12276",-3.04662076135135,-1.69107876837093,-0.992289136198642
"12277",-3.04698982651411,-1.69106640939209,-0.99213456872895
"12278",-3.04727223619927,-1.69105694255051,-0.992016279031194
"12279",-3.05078894772399,-1.69093835027286,-0.990542239912424
"12280",-3.05360859598786,-1.69084231883669,-0.989358992368186
"12281",-3.05620678783828,-1.6907530830141,-0.988267585974282
"12282",-3.0579124347157,-1.69069411192118,-0.987550535775199
"12283",-3.05851949927819,-1.69067304856982,-0.987295218167865
"12284",-3.05943004284859,-1.69064138183405,-0.986912156842821
"12285",-3.05992074332319,-1.69062427971628,-0.986705668081162
"12286",-3.06004341015198,-1.69062000046768,-0.986654043532185
"12287",-3.06185026541234,-1.69055678226688,-0.985893354295937
"12288",-3.06332180132519,-1.69050503890352,-0.985273459804096
"12289",-3.06479247896891,-1.69045309470185,-0.984653589968007
"12290",-3.06552712015277,-1.69042706067767,-0.984343822871868
"12291",-3.06601767783282,-1.69040964428983,-0.984136928610598
"12292",-3.06781759803282,-1.6903455207445,-0.983377485016846
"12293",-3.06809975189311,-1.6903354373519,-0.983258389489425
"12294",-3.07140459533417,-1.69021669622962,-0.981862508156524
"12295",-3.07544054206032,-1.69007009682731,-0.980155510368454
"12296",-3.07568502782225,-1.69006116000786,-0.980052023511588
"12297",-3.07588008992207,-1.69005402518438,-0.979969450168737
"12298",-3.07751824404436,-1.68999394443866,-0.97927575418798
"12299",-3.0780069743776,-1.68997596383525,-0.979068713934233
"12300",-3.08246364262328,-1.68981081226023,-0.977179009814568
"12301",-3.08269553793959,-1.68980216016292,-0.977080596731042
"12302",-3.08296403314297,-1.68979213524815,-0.976966640602795
"12303",-3.08484355955028,-1.68972174025429,-0.976168604429218
"12304",-3.08630717008476,-1.68966665795688,-0.975546778315688
"12305",-3.08789220063618,-1.68960674424615,-0.974872984983825
"12306",-3.09001229578555,-1.68952617913692,-0.973971116811875
"12307",-3.09097089276271,-1.68948959152443,-0.973563105721272
"12308",-3.09163253297051,-1.68946427986359,-0.973281404674507
"12309",-3.09206711996993,-1.68944762843249,-0.973096336511245
"12310",-3.09249722686962,-1.68943112843164,-0.972913146773687
"12311",-3.09387307822514,-1.68937821205076,-0.972326952000878
"12312",-3.09860662337574,-1.68919458013192,-0.97030788810167
"12313",-3.09970093787655,-1.68915177950583,-0.969840609169649
"12314",-3.10043032804979,-1.68912317902769,-0.96952904947663
"12315",-3.10067343092709,-1.689113633673,-0.969425189068847
"12316",-3.10120769550186,-1.68909263323159,-0.969196903156345
"12317",-3.10233780628506,-1.68904810881626,-0.968713868548826
"12318",-3.10352835733878,-1.6890010518687,-0.968204780604444
"12319",-3.10516838015408,-1.68893597496944,-0.967503125782469
"12320",-3.10528980058216,-1.68893114521864,-0.967451161156497
"12321",-3.1072641025732,-1.68885238613448,-0.966605883986366
"12322",-3.10747478532599,-1.68884395627357,-0.966515645608998
"12323",-3.10876046843227,-1.6887924076505,-0.965964815962896
"12324",-3.11123522225389,-1.6886926721051,-0.964903805358648
"12325",-3.1113680840828,-1.68868729853998,-0.964846815309948
"12326",-3.11157420023407,-1.68867895837207,-0.964758397801424
"12327",-3.11390192611369,-1.68858444545996,-0.963759402839699
"12328",-3.11402310055528,-1.68857950903336,-0.963707374396109
"12329",-3.11405508877802,-1.6885782056209,-0.963693639280259
"12330",-3.1146406616896,-1.68855432553429,-0.963442176781194
"12331",-3.11728089482258,-1.68844618447332,-0.962307699126206
"12332",-3.11753566828285,-1.688435708458,-0.96219816675444
"12333",-3.12092437382829,-1.6882956849707,-0.960740300713499
"12334",-3.12404960333791,-1.68816541977928,-0.959394148501099
"12335",-3.1246730093151,-1.6881393053173,-0.959125436248474
"12336",-3.12696892317394,-1.68804275680788,-0.958135267591219
"12337",-3.12890135787794,-1.68796103854114,-0.957301198751788
"12338",-3.13071221196804,-1.68788408374077,-0.956519058310448
"12339",-3.13155701088277,-1.6878480576129,-0.956153993038097
"12340",-3.13203967697928,-1.68782743871761,-0.955945365366342
"12341",-3.13289576275826,-1.68779080375833,-0.955575237928569
"12342",-3.13311290019606,-1.68778149864804,-0.955481340002618
"12343",-3.1334627091246,-1.68776649700398,-0.955330054155831
"12344",-3.13483753759053,-1.68770740449982,-0.954735274308954
"12345",-3.13517565565908,-1.68769283918588,-0.954588950334585
"12346",-3.13638117719987,-1.68764080399588,-0.954067097889255
"12347",-3.13901954722521,-1.68752635273538,-0.952924163198118
"12348",-3.13915255908365,-1.68752056205907,-0.95286651287406
"12349",-3.13963435088456,-1.6874995706017,-0.952657669414821
"12350",-3.13975479014121,-1.68749431904251,-0.952605456420624
"12351",-3.13985062978349,-1.68749013894542,-0.95256390619979
"12352",-3.13987522591994,-1.68748906600542,-0.952553242574947
"12353",-3.14046480177021,-1.68746332700717,-0.952297603233635
"12354",-3.14168134508259,-1.68741009310987,-0.951769932807679
"12355",-3.1427646405921,-1.68736254978073,-0.951299855199224
"12356",-3.1428849893427,-1.68735725980071,-0.951247620112069
"12357",-3.14408828517019,-1.68730427873916,-0.950725222632274
"12358",-3.14467088435565,-1.68727856830872,-0.950472208858787
"12359",-3.1447855283462,-1.68727350449967,-0.950422414235659
"12360",-3.14565204843416,-1.68723518249367,-0.950045979386077
"12361",-3.14663761044176,-1.68719149287595,-0.94961768120148
"12362",-3.14697477207737,-1.68717652145032,-0.949471123597832
"12363",-3.1500149240751,-1.68704094558509,-0.9481487895384
"12364",-3.15045992596857,-1.68702101298878,-0.94795510619656
"12365",-3.15070017298297,-1.68701024248887,-0.947850527223258
"12366",-3.1511806250058,-1.68698868377043,-0.947641359212707
"12367",-3.15284925248679,-1.6869136064394,-0.946914617319499
"12368",-3.15358204462935,-1.68688053584896,-0.946595318137648
"12369",-3.15395376750494,-1.68686373687437,-0.946433313836477
"12370",-3.15656298444469,-1.68674537919578,-0.945295526480171
"12371",-3.15733313405409,-1.6867102963211,-0.944959477749203
"12372",-3.15804444914114,-1.68667783364782,-0.944649014414965
"12373",-3.15898011228586,-1.68663504462979,-0.944240504585908
"12374",-3.15915941863562,-1.68662683335585,-0.944162203128469
"12375",-3.16005887318853,-1.68658558790296,-0.943769339663643
"12376",-3.16179577195763,-1.68650567972462,-0.943010320724835
"12377",-3.16213132139583,-1.68649020272165,-0.942863629481296
"12378",-3.16270611704609,-1.68646366079941,-0.942612304506692
"12379",-3.16341319869366,-1.68643095869421,-0.942303063801966
"12380",-3.16365268793993,-1.68641986952238,-0.942198304985489
"12381",-3.16380403664743,-1.68641285818271,-0.942132096252783
"12382",-3.16408322686957,-1.68639991762904,-0.942009952289728
"12383",-3.16449078954301,-1.68638101099051,-0.941831623104485
"12384",-3.16524442751837,-1.68634600009876,-0.941501796361441
"12385",-3.16628577058895,-1.68629751680905,-0.941045902337297
"12386",-3.16891789125768,-1.68617441636762,-0.939892776395898
"12387",-3.16915655111373,-1.68616321537195,-0.939788163438528
"12388",-3.17022066684146,-1.6861131939202,-0.939321609651533
"12389",-3.17118939450623,-1.68606754353777,-0.938896715110867
"12390",-3.17513161218019,-1.6858806589774,-0.937166011567473
"12391",-3.17606794938022,-1.68583600849353,-0.936754564092183
"12392",-3.17620609561099,-1.68582941226659,-0.936693847232149
"12393",-3.1770172332148,-1.68579063762613,-0.936337278972024
"12394",-3.17811558217906,-1.68573801270947,-0.935854281153423
"12395",-3.17930855204261,-1.68568069673166,-0.935329446696931
"12396",-3.17966637408898,-1.68566347325461,-0.935171980532903
"12397",-3.18145500705609,-1.6855771573199,-0.934384540284439
"12398",-3.1825278048881,-1.68552520894266,-0.933911988703622
"12399",-3.1827661654908,-1.68551364868535,-0.933806968347012
"12400",-3.1858448372442,-1.68536374547772,-0.932449671245976
"12401",-3.18643476201948,-1.68533489625081,-0.932189409944884
"12402",-3.18788749320686,-1.68526368103734,-0.931548250381418
"12403",-3.19074305967741,-1.68512298286168,-0.930286924262777
"12404",-3.19157554838247,-1.6850817865342,-0.929918950562012
"12405",-3.19335886714126,-1.68499326640583,-0.929130303601003
"12406",-3.19351288123282,-1.68498560411424,-0.929062168087854
"12407",-3.19395312920701,-1.68496368628775,-0.928867381365975
"12408",-3.19559232942082,-1.68488187986248,-0.92814183501792
"12409",-3.19597295598003,-1.68486283939304,-0.92797329674912
"12410",-3.19609173734065,-1.6848568940135,-0.927920696372262
"12411",-3.19953485019212,-1.68468383972149,-0.926394939955998
"12412",-3.19959368615855,-1.68468087053326,-0.926368850483682
"12413",-3.20044805169798,-1.68463770891104,-0.925989935849853
"12414",-3.20119597180265,-1.68459985471121,-0.925658129335405
"12415",-3.20261923495805,-1.68452763877983,-0.925026454063456
"12416",-3.20273781707246,-1.68452161125445,-0.924973809326156
"12417",-3.20478822253206,-1.6844171285898,-0.924063153258248
"12418",-3.20592597189066,-1.68435893948816,-0.923557533337076
"12419",-3.20653056324763,-1.68432795641291,-0.923288761816916
"12420",-3.20692098166104,-1.68430792609834,-0.923115168219911
"12421",-3.20751320968924,-1.68427750780821,-0.922851793884098
"12422",-3.20795153499566,-1.68425496779673,-0.922656824649111
"12423",-3.21126635972208,-1.68408377770609,-0.921181322113275
"12424",-3.21127769172489,-1.68408319025964,-0.921176274795181
"12425",-3.21315907852415,-1.68398545004375,-0.920337996077234
"12426",-3.21568865968146,-1.68385337707117,-0.919209958875764
"12427",-3.21570047864645,-1.68385275821253,-0.919204685796783
"12428",-3.21651590083166,-1.68381002162146,-0.918840824602544
"12429",-3.21791805421523,-1.68373635035119,-0.918214885484823
"12430",-3.21824122467165,-1.68371933749331,-0.918070570678921
"12431",-3.21835933539225,-1.68371311663401,-0.918017822793668
"12432",-3.21977638472001,-1.68363835221005,-0.917384787844151
"12433",-3.22101538066088,-1.68357278699385,-0.916831014128891
"12434",-3.22157007431577,-1.68354337470177,-0.916583007050938
"12435",-3.22249095389438,-1.68349446499656,-0.916171160108462
"12436",-3.22367060986834,-1.68343166405301,-0.915643368770155
"12437",-3.22414237183485,-1.68340650273839,-0.915432230704836
"12438",-3.22431876911589,-1.6833970878353,-0.915353273971915
"12439",-3.22650032051625,-1.68328034533986,-0.914376356145841
"12440",-3.22673603641877,-1.68326769744555,-0.914270751823728
"12441",-3.22909240535532,-1.68314089703122,-0.913214540291939
"12442",-3.23071696413072,-1.68305309097872,-0.912485799614611
"12443",-3.23116432333647,-1.68302885625721,-0.912285044901988
"12444",-3.2316827510481,-1.6830007416473,-0.912052354927826
"12445",-3.23180045268722,-1.6829943541518,-0.911999519560366
"12446",-3.232153536025,-1.68297518290327,-0.911841008893487
"12447",-3.23380083017229,-1.68288554331391,-0.911101202000258
"12448",-3.23450659746714,-1.68284703874644,-0.910784096351727
"12449",-3.23514131302241,-1.68281235961616,-0.91049884163401
"12450",-3.23521223517152,-1.68280848162603,-0.910466963407938
"12451",-3.23577615483306,-1.68277762531627,-0.910213460941783
"12452",-3.23622292605832,-1.68275315202828,-0.910012582175675
"12453",-3.23986569656254,-1.68255271437859,-0.908373426906888
"12454",-3.24010059519645,-1.68253973476914,-0.90826765007662
"12455",-3.24097009142121,-1.68249163198472,-0.907876025976818
"12456",-3.24202671710996,-1.68243305433485,-0.907399942934632
"12457",-3.24261360536081,-1.68240046014938,-0.907135426084623
"12458",-3.24310602569788,-1.68237308046453,-0.906913441166724
"12459",-3.24460835209996,-1.68228936722426,-0.906235928667994
"12460",-3.245176398913,-1.68225764341467,-0.905979652085615
"12461",-3.24578124645018,-1.68222382160991,-0.90570671155529
"12462",-3.24671930268383,-1.68217128015741,-0.905283284108766
"12463",-3.24696500853105,-1.6821575003768,-0.905172350322237
"12464",-3.25046922318662,-1.68196018158402,-0.903589097789402
"12465",-3.2521086539795,-1.68186735678294,-0.902847652225819
"12466",-3.2534191955875,-1.6817929195258,-0.902254615337623
"12467",-3.25365326174842,-1.68177960291876,-0.902148666145272
"12468",-3.25433246693719,-1.68174092361926,-0.901841172765164
"12469",-3.25623501703302,-1.68163227929116,-0.900979415337148
"12470",-3.25702271187009,-1.68158716959254,-0.900622446694565
"12471",-3.25854244250465,-1.6814999244767,-0.899933429479905
"12472",-3.26076249262404,-1.68137196992645,-0.89892618148923
"12473",-3.26122970595713,-1.68134496518709,-0.898714095630181
"12474",-3.26239748722861,-1.68127735149067,-0.898183829869202
"12475",-3.2646614625668,-1.68114579479776,-0.897155130742691
"12476",-3.26714614868528,-1.68100069185169,-0.896025121509632
"12477",-3.26721241005345,-1.68099681191964,-0.895994971853343
"12478",-3.2675131097324,-1.68097919770561,-0.895858140583082
"12479",-3.26753144694413,-1.68097812320072,-0.895849795855808
"12480",-3.26885997925029,-1.68090016565392,-0.895245064274718
"12481",-3.26893040785791,-1.68089602690554,-0.895212997474746
"12482",-3.27022349233993,-1.68081993050264,-0.894624090798575
"12483",-3.27181945805147,-1.68072572706635,-0.893896842572212
"12484",-3.27277487663121,-1.68066918288104,-0.893461266190243
"12485",-3.2728056153607,-1.68066736181984,-0.893447249731281
"12486",-3.27290246570425,-1.68066162333462,-0.893403086164576
"12487",-3.27393909294771,-1.68060012985079,-0.892930283879932
"12488",-3.2743863748452,-1.68057355595011,-0.892726222279294
"12489",-3.27463744988697,-1.68055862830019,-0.89261166006323
"12490",-3.27525003373969,-1.68052217461309,-0.892332100079436
"12491",-3.27661542387162,-1.6804407566041,-0.891708752612244
"12492",-3.27859235713941,-1.68032246520784,-0.890805638718598
"12493",-3.27944046464819,-1.68027157022917,-0.890417992463001
"12494",-3.27987099468109,-1.68024570011805,-0.890221161179306
"12495",-3.2814391448934,-1.68015127797685,-0.889503955019999
"12496",-3.28207852410754,-1.68011269216391,-0.889211406546689
"12497",-3.28289149671613,-1.68006355716066,-0.888839327154875
"12498",-3.28501551497208,-1.67993479812987,-0.887866666410466
"12499",-3.28602559525575,-1.67987337043428,-0.887403839303337
"12500",-3.28846141243293,-1.67972471632477,-0.88628699358396
"12501",-3.28927299856832,-1.6796750228342,-0.885914642836162
"12502",-3.28950484790977,-1.67966081164402,-0.885808250597037
"12503",-3.28996850337726,-1.67963237186472,-0.885595457710206
"12504",-3.29217007996362,-1.67949696614552,-0.884584538613764
"12505",-3.29228591640239,-1.67948982503303,-0.884531325358308
"12506",-3.29379146238516,-1.67939685868076,-0.883839489575756
"12507",-3.29460188889713,-1.67934669843222,-0.883466913859049
"12508",-3.29527819788157,-1.67930477647848,-0.883155907507724
"12509",-3.29544269228913,-1.67929457143207,-0.883080251240682
"12510",-3.29561997106244,-1.67928356947592,-0.882998709715685
"12511",-3.29587505973821,-1.67926773173587,-0.88288136890143
"12512",-3.29703210963086,-1.67919579170814,-0.882348982420154
"12513",-3.29714779481248,-1.67918858973792,-0.882295739959244
"12514",-3.29934512899573,-1.67905147710432,-0.881284001719303
"12515",-3.29946074214907,-1.67904424616721,-0.881230745426654
"12516",-3.29992266994578,-1.67901533854133,-0.881017938561855
"12517",-3.30154116306284,-1.67891384169022,-0.880272014234789
"12518",-3.30431324247593,-1.67873923941053,-0.878993359294113
"12519",-3.30654046353872,-1.67859825629376,-0.877965046606271
"12520",-3.30701366525253,-1.67856822226266,-0.877746455804282
"12521",-3.30765958289428,-1.67852718048854,-0.877448016902137
"12522",-3.31006972962918,-1.6783735752078,-0.87633378662226
"12523",-3.31284742818072,-1.67819563593638,-0.875048362789694
"12524",-3.31307780812774,-1.67818083403954,-0.874941689652096
"12525",-3.31388402449079,-1.67812898186361,-0.874568312385626
"12526",-3.31399918385038,-1.67812156862771,-0.874514970074915
"12527",-3.31487392071219,-1.67806520379364,-0.874109711688442
"12528",-3.3150354560124,-1.67805478446024,-0.874034858920954
"12529",-3.31581773701657,-1.67800427911579,-0.87367229767249
"12530",-3.31653177854192,-1.67795811176701,-0.87334126869601
"12531",-3.31656581527173,-1.67795590946193,-0.873325487048746
"12532",-3.31701458918272,-1.67792685836425,-0.873117387039762
"12533",-3.31733723855651,-1.67790595608515,-0.872967749961521
"12534",-3.31825754823504,-1.67784626289835,-0.872540831125473
"12535",-3.31871761668875,-1.67781638163016,-0.872327355612513
"12536",-3.31917762757272,-1.67778647724682,-0.872113869379693
"12537",-3.31975256024387,-1.67774906426359,-0.871846996525393
"12538",-3.32124696454059,-1.67765162149999,-0.871153048876699
"12539",-3.32182157371963,-1.67761407851685,-0.870886115888203
"12540",-3.32205139224854,-1.67759905121369,-0.870779338024398
"12541",-3.32308539789764,-1.67753135686232,-0.870298804656176
"12542",-3.32365971985726,-1.6774936983459,-0.870031818375954
"12543",-3.32367071971621,-1.67749297667106,-0.870026704278637
"12544",-3.32506020359623,-1.6774016920036,-0.869380527952092
"12545",-3.32618567133947,-1.67732757203465,-0.868856881465457
"12546",-3.32737866860223,-1.67724882842308,-0.868301570970892
"12547",-3.32769992467245,-1.67722759292926,-0.868151991268846
"12548",-3.33026896349143,-1.67705730161765,-0.866955167383158
"12549",-3.33114801340836,-1.67699883922273,-0.866545381331898
"12550",-3.33272212263101,-1.67689390394657,-0.865811238677772
"12551",-3.33352404445321,-1.67684032323496,-0.865437065083719
"12552",-3.3338671874053,-1.67681737083989,-0.865276921194507
"12553",-3.33670661117853,-1.67662686606751,-0.863950971186459
"12554",-3.33695838975453,-1.67660992361544,-0.863833327214661
"12555",-3.33821750800514,-1.67652507402385,-0.863244833954454
"12556",-3.34144186951617,-1.67630686112822,-0.861736537793073
"12557",-3.34163604768228,-1.6762936771522,-0.861645646226533
"12558",-3.34256220802261,-1.67623072747657,-0.861212034333288
"12559",-3.34313349740588,-1.67619184270828,-0.860944491180175
"12560",-3.34427581021053,-1.67611396508207,-0.860409356529249
"12561",-3.34507473543517,-1.67605939800345,-0.860034950286372
"12562",-3.34530358870369,-1.67604375200747,-0.859927680311368
"12563",-3.34655937281924,-1.67595777752825,-0.859338894262633
"12564",-3.34657030442204,-1.67595702822596,-0.859333767656239
"12565",-3.34849928785002,-1.67582456499189,-0.858428799627518
"12566",-3.34962805001869,-1.67574682971729,-0.857898944608318
"12567",-3.35046828185092,-1.67568885778635,-0.857504383253306
"12568",-3.35100776763226,-1.67565158767441,-0.857250982408607
"12569",-3.35112225281015,-1.67564367367163,-0.85719720118282
"12570",-3.35157822994695,-1.67561213654166,-0.856982975736844
"12571",-3.35283187600576,-1.67552529063613,-0.856393803309977
"12572",-3.35294582266849,-1.67551738691447,-0.856340238369472
"12573",-3.35556562329416,-1.67533520395904,-0.855108069822335
"12574",-3.35586117602742,-1.67531459503548,-0.85496898671712
"12575",-3.35897995644753,-1.67509642968912,-0.853500391316757
"12576",-3.35953684936172,-1.67505734061853,-0.853237976671377
"12577",-3.36107203537526,-1.6749493745627,-0.852514295196228
"12578",-3.36258385260947,-1.67484275160669,-0.851801223330141
"12579",-3.36398144749507,-1.67474391894572,-0.8511416675469
"12580",-3.36409553015983,-1.67473584018506,-0.85108781421707
"12581",-3.36750197148488,-1.67449382909175,-0.849478727914519
"12582",-3.3676154653238,-1.67448573976802,-0.849425082084817
"12583",-3.36863675264905,-1.67441287115918,-0.848942241760586
"12584",-3.36909056731523,-1.67438044773332,-0.848727629980167
"12585",-3.36954432611924,-1.67434800130739,-0.848513008314616
"12586",-3.37091612710843,-1.67424974524523,-0.84786394459371
"12587",-3.37184594038699,-1.67418300640238,-0.847423817473355
"12588",-3.37363649569862,-1.67405416654617,-0.84657582884152
"12589",-3.37364782636999,-1.67405334990336,-0.846570460952662
"12590",-3.37419213670272,-1.67401409959036,-0.846312568085827
"12591",-3.3754381141598,-1.67392410524009,-0.84572203056076
"12592",-3.37761142447121,-1.67376664245375,-0.844691324121295
"12593",-3.37815515017978,-1.67372715059221,-0.844433328564659
"12594",-3.37850547626578,-1.67370168507724,-0.844267072727219
"12595",-3.37883409657172,-1.67367778266353,-0.844111098249675
"12596",-3.37930880632082,-1.67364322918777,-0.843885751122465
"12597",-3.38142378254666,-1.67348892150252,-0.842881278853232
"12598",-3.38195516350714,-1.67345005933267,-0.842628784612659
"12599",-3.38256606981422,-1.67340533501932,-0.842338441181825
"12600",-3.3831872206384,-1.67335981011663,-0.84204316149947
"12601",-3.38411394607068,-1.67329179440798,-0.841602492959337
"12602",-3.38448712933594,-1.67326437305148,-0.841424997348707
"12603",-3.38471307060449,-1.67324776201858,-0.841317521924201
"12604",-3.38516491164764,-1.67321452272988,-0.841102563858201
"12605",-3.38527786326527,-1.6732062093197,-0.841048822838848
"12606",-3.38764904909177,-1.67303129620637,-0.839920122805985
"12607",-3.38956746547227,-1.67288923641981,-0.839006219915256
"12608",-3.389905906078,-1.67286412400688,-0.838844925025737
"12609",-3.39131526459965,-1.67275938547146,-0.838173032660405
"12610",-3.39272456203294,-1.67265438742177,-0.837500820043548
"12611",-3.39340131036634,-1.67260387317061,-0.837177897629307
"12612",-3.39397556746166,-1.6725609613149,-0.836903817548834
"12613",-3.39403190908451,-1.67255674877319,-0.836876923827186
"12614",-3.39430281335361,-1.67253648794143,-0.836747604457214
"12615",-3.39578933612604,-1.67242513741226,-0.836037765477851
"12616",-3.39710685782637,-1.67232619992904,-0.835408302475221
"12617",-3.39858147382011,-1.67221519093843,-0.834703423456425
"12618",-3.39948218857777,-1.67214724231534,-0.834272685800253
"12619",-3.39996192492276,-1.67211100744189,-0.834043209112772
"12620",-3.40038220763244,-1.67207923786164,-0.833842138106817
"12621",-3.40092692023729,-1.67203802735167,-0.833581491226668
"12622",-3.40094460791614,-1.67203668851591,-0.833573026734039
"12623",-3.40108676794259,-1.67202592645843,-0.833504993617245
"12624",-3.40330527614123,-1.67185762634341,-0.832442826728618
"12625",-3.4042048362193,-1.67178919616664,-0.83201189214904
"12626",-3.40488976557927,-1.67173702033841,-0.831683680688151
"12627",-3.40521604383923,-1.67171214332558,-0.831527302196933
"12628",-3.40833732004845,-1.6714734398393,-0.830030387498787
"12629",-3.40877505121668,-1.67143985911191,-0.829820320797274
"12630",-3.41116528908508,-1.67125603615731,-0.828672649982078
"12631",-3.41295939126158,-1.67111755372515,-0.827810548233684
"12632",-3.41385611251826,-1.67104817522959,-0.827379441919575
"12633",-3.41576091506338,-1.6709004421234,-0.826463218522989
"12634",-3.41587293134818,-1.67089173907563,-0.826409317848152
"12635",-3.41656688205706,-1.67083778511984,-0.82607534876591
"12636",-3.41775907582964,-1.67074494118651,-0.825501396620245
"12637",-3.41904109436356,-1.67064488731126,-0.824883918602265
"12638",-3.4196794405239,-1.67059498517935,-0.824576353237772
"12639",-3.4211669035076,-1.67047848975679,-0.823859388442758
"12640",-3.42247581002222,-1.67037573023575,-0.823228162864551
"12641",-3.4229230298214,-1.67034056661903,-0.823012419295651
"12642",-3.42303482617953,-1.67033177214539,-0.822958481978369
"12643",-3.42783881834373,-1.6699522594614,-0.820638639340994
"12644",-3.42817374343595,-1.66992568336824,-0.820476750703203
"12645",-3.42869792523102,-1.669884059171,-0.820223343125707
"12646",-3.42984790487658,-1.66979261032226,-0.819667231139901
"12647",-3.42986974996969,-1.66979087140666,-0.819656664908816
"12648",-3.43061728769874,-1.66973132655584,-0.819295037686554
"12649",-3.43096358284334,-1.6697037166717,-0.819127480810235
"12650",-3.43475431669412,-1.66940041175124,-0.817291908307418
"12651",-3.43503241912026,-1.66937808272222,-0.817157142429191
"12652",-3.4354053359716,-1.66934812434664,-0.816976408578587
"12653",-3.43650293163113,-1.66925983807733,-0.816444314928236
"12654",-3.43709366703572,-1.66921225325659,-0.816157848049826
"12655",-3.43847381507491,-1.66910089313563,-0.815488324970824
"12656",-3.43987663108565,-1.66898743588276,-0.814807454682786
"12657",-3.44098921502778,-1.66889725970142,-0.814267199717372
"12658",-3.44148929530883,-1.66885667215458,-0.814024295288912
"12659",-3.4441354942027,-1.66864132789004,-0.812738205325344
"12660",-3.44530231569391,-1.66854606677836,-0.812170712821832
"12661",-3.44643590607601,-1.66845333874391,-0.811619147394362
"12662",-3.44750157613156,-1.66836600474308,-0.811100418178707
"12663",-3.44815665059559,-1.66831224204718,-0.810781450137086
"12664",-3.44987750779669,-1.66817072655748,-0.809943163218364
"12665",-3.45009943312965,-1.66815244658378,-0.809835017031114
"12666",-3.45619698865417,-1.66764751927987,-0.806860137317947
"12667",-3.45635159499491,-1.66763464948055,-0.806784620302193
"12668",-3.45651186486696,-1.66762130472515,-0.806706332374425
"12669",-3.45664004137391,-1.66761062962867,-0.806643717920346
"12670",-3.46051440498009,-1.66728687594154,-0.804749676838971
"12671",-3.46060244478917,-1.66727949474959,-0.804706605564984
"12672",-3.46213991346112,-1.66715042009299,-0.803954210266046
"12673",-3.46445039584593,-1.66695582773537,-0.802822714240344
"12674",-3.46526856833348,-1.66688674096904,-0.802421803395418
"12675",-3.46537905458349,-1.66687740429044,-0.802367654930722
"12676",-3.46548953739296,-1.66686806619339,-0.802313505927581
"12677",-3.46648372785244,-1.66678395949332,-0.801826140682928
"12678",-3.46754342359638,-1.66669415866287,-0.801306465437497
"12679",-3.46913307320915,-1.66655915308209,-0.800526516341732
"12680",-3.46999383550667,-1.66648590231611,-0.800103997523323
"12681",-3.47282845565043,-1.6662439403233,-0.798711622094168
"12682",-3.4728840475579,-1.66623918371925,-0.798684300460921
"12683",-3.47579299703718,-1.66598967814755,-0.797253856053578
"12684",-3.4771812018557,-1.66587018880189,-0.796570674909803
"12685",-3.4812531503617,-1.66551812598988,-0.794564695686758
"12686",-3.48334231983857,-1.66533658414666,-0.793534317848787
"12687",-3.48356216013042,-1.6653174447718,-0.793425845988826
"12688",-3.48466115505584,-1.66522166303503,-0.792883455211832
"12689",-3.48597949458117,-1.66510653827919,-0.792232517116678
"12690",-3.48685811220501,-1.66502967532708,-0.791798516535712
"12691",-3.48707773218611,-1.66501044545147,-0.791690011165158
"12692",-3.48731895820294,-1.66498931584959,-0.791570820875904
"12693",-3.49005188569825,-1.6647493532055,-0.790219725830658
"12694",-3.49074288682287,-1.66468851181437,-0.78987789275565
"12695",-3.49235498100794,-1.66454630501818,-0.789080058842771
"12696",-3.49291410515438,-1.66449689664595,-0.788803233142928
"12697",-3.49311188522396,-1.66447940863458,-0.788705297207662
"12698",-3.49420788500518,-1.66438239736314,-0.788162453299107
"12699",-3.49541308708534,-1.6642755218713,-0.787565265306453
"12700",-3.49563216997809,-1.66425607160954,-0.787456678960505
"12701",-3.49771277065865,-1.66407101251586,-0.786425005851447
"12702",-3.49793170896678,-1.66405150297284,-0.78631639787107
"12703",-3.49978072533818,-1.66388646334444,-0.78539880803851
"12704",-3.49984636925396,-1.66388059507786,-0.785366220037253
"12705",-3.50415427472597,-1.66349413425086,-0.783225871268554
"12706",-3.50472243179075,-1.66344296577746,-0.782943329468402
"12707",-3.50525818733648,-1.66339467280121,-0.782676845778959
"12708",-3.5054107748897,-1.66338091100007,-0.782600939277345
"12709",-3.50557449297012,-1.66336614161013,-0.782519490943676
"12710",-3.50591353636451,-1.66333554342936,-0.782350803915889
"12711",-3.50622978223061,-1.66330698775431,-0.782193440242067
"12712",-3.50644830801278,-1.6632872473671,-0.782084691121436
"12713",-3.507758432446,-1.66316875365131,-0.781432522637373
"12714",-3.50787884046031,-1.66315785096398,-0.781372568539214
"12715",-3.51158804130883,-1.66282096453013,-0.779524342609184
"12716",-3.51213317676047,-1.66277128513006,-0.779252495409908
"12717",-3.51485756479862,-1.66252236035933,-0.777893070537157
"12718",-3.51551109823563,-1.66246248755797,-0.777566761812483
"12719",-3.51553984973382,-1.6624598520952,-0.777552404378344
"12720",-3.51583781855193,-1.66243253216621,-0.777403600674909
"12721",-3.51660004566038,-1.66236258702111,-0.777022873802874
"12722",-3.51681779390201,-1.66234259003553,-0.776914090186234
"12723",-3.51736210436264,-1.66229257296024,-0.776642122380829
"12724",-3.51866809893769,-1.66217238854838,-0.775989348617229
"12725",-3.51964727013809,-1.66208211737725,-0.775499721079362
"12726",-3.51977746837596,-1.66207010370701,-0.775434602853654
"12727",-3.52203916844671,-1.66186101778985,-0.774302913866933
"12728",-3.52247442364003,-1.66182069448272,-0.774085014743389
"12729",-3.52282176093254,-1.66178849632043,-0.773911103914698
"12730",-3.52551645349625,-1.66153809999845,-0.772561109261137
"12731",-3.52630520193611,-1.6614646071487,-0.772165701776261
"12732",-3.52659092495125,-1.66143796201732,-0.772022437115959
"12733",-3.5268188972746,-1.6614166938668,-0.771908118278355
"12734",-3.52757915457123,-1.66134571244738,-0.771526809557665
"12735",-3.52779620888785,-1.66132543164589,-0.771417925537743
"12736",-3.52833878459049,-1.66127470507941,-0.771145706860545
"12737",-3.53004145579064,-1.6611152386261,-0.770291090453447
"12738",-3.53039978944862,-1.66108162416329,-0.770111163637033
"12739",-3.53061666523295,-1.66106127039101,-0.770002254025562
"12740",-3.53365148451553,-1.66077572846122,-0.768477313498739
"12741",-3.53422172891926,-1.66072192390866,-0.768190582390212
"12742",-3.53592583316727,-1.66056085058478,-0.767333356470001
"12743",-3.53863141807192,-1.66030423771686,-0.765971222735801
"12744",-3.53917227774251,-1.66025281006455,-0.765698759548854
"12745",-3.5398211961429,-1.66019105065802,-0.765371787721435
"12746",-3.54046999105395,-1.66012924083117,-0.765044798451849
"12747",-3.54111866248231,-1.66006738058995,-0.764717791756768
"12748",-3.54204775255265,-1.65997867000369,-0.764249282287589
"12749",-3.54263174897553,-1.65992284400452,-0.763954708462734
"12750",-3.54608770844419,-1.65959144449822,-0.762210163298658
"12751",-3.54796495666379,-1.65941068869856,-0.761261590991068
"12752",-3.54921663920346,-1.65928987628181,-0.760628744590396
"12753",-3.54943232126824,-1.65926903512273,-0.760519666398178
"12754",-3.55155572325697,-1.65906348326266,-0.759445313153223
"12755",-3.55183579201054,-1.65903632163722,-0.759303545949221
"12756",-3.5522883587988,-1.65899240611102,-0.759074430896342
"12757",-3.55352767586971,-1.65887199078046,-0.758446818446652
"12758",-3.55367800742517,-1.65885736859265,-0.758370667946138
"12759",-3.55383384575019,-1.65884220722333,-0.758291723444008
"12760",-3.55538662441096,-1.65869094082615,-0.757504864753447
"12761",-3.55867677100553,-1.65836923558234,-0.755836088419309
"12762",-3.55971473250941,-1.65826740927988,-0.75530920103717
"12763",-3.55976848729754,-1.65826213142203,-0.755281908561351
"12764",-3.56146669764347,-1.65809517143587,-0.754419405824755
"12765",-3.56147744308795,-1.65809411361792,-0.754413946573494
"12766",-3.56213330473638,-1.65802951557755,-0.75408069252372
"12767",-3.56234816463463,-1.65800833925902,-0.753971500791735
"12768",-3.56363703643252,-1.6578811641905,-0.753316311077976
"12769",-3.56471026574804,-1.6577750764783,-0.752770499129238
"12770",-3.5661059961553,-1.65763685073338,-0.752060342759188
"12771",-3.5662986889689,-1.65761774442943,-0.751962270113959
"12772",-3.56665276219502,-1.65758262200545,-0.751782042975545
"12773",-3.56878759440077,-1.65737045632283,-0.75069488043086
"12774",-3.57232402934664,-1.65701748250443,-0.748892026551522
"12775",-3.57243113588034,-1.65700676265461,-0.74883738676144
"12776",-3.57350201307226,-1.65689948758776,-0.748290963511763
"12777",-3.57522495416261,-1.65672652776874,-0.747411356487711
"12778",-3.57574974180555,-1.65667375689586,-0.747143324936251
"12779",-3.5774612847087,-1.65650135974268,-0.746268797819248
"12780",-3.58031502091597,-1.65621292491197,-0.744809401246767
"12781",-3.58184311805649,-1.65605796698313,-0.744027288253441
"12782",-3.58323128004559,-1.65591689112281,-0.743316405996083
"12783",-3.58333803782613,-1.6559060294074,-0.743261719571792
"12784",-3.58477848254788,-1.65575930630467,-0.742523639830616
"12785",-3.5848322883457,-1.6557538195395,-0.742496062128112
"12786",-3.58652241188948,-1.65558124692323,-0.741629519056378
"12787",-3.58931103157107,-1.65529555730989,-0.740198560087911
"12788",-3.58935320680038,-1.65529122740436,-0.740176906663152
"12789",-3.59005690516734,-1.65521894232828,-0.739815566207733
"12790",-3.59122865587112,-1.65509841008348,-0.739213674512385
"12791",-3.59154815293078,-1.65506550854045,-0.739049512877914
"12792",-3.59197410148952,-1.65502162041144,-0.738830624471442
"12793",-3.59259118029458,-1.65495798967827,-0.738513455060871
"12794",-3.59335805942296,-1.65487883086179,-0.738119188077004
"12795",-3.59491121779633,-1.65471823465955,-0.737320332471867
"12796",-3.59651727271479,-1.65455177999658,-0.73649378044772
"12797",-3.59697493456957,-1.65450427457791,-0.736258154855008
"12798",-3.59888816781259,-1.65430533226581,-0.73527269602062
"12799",-3.59963190744317,-1.65422784476369,-0.734889423703005
"12800",-3.60120339223019,-1.6540638378779,-0.734079237637532
"12801",-3.60278520159608,-1.6538983698265,-0.733263247917724
"12802",-3.60557587925468,-1.65360550638707,-0.731822477469982
"12803",-3.60589400855179,-1.65357204457849,-0.731658138466909
"12804",-3.60621165927644,-1.65353861753581,-0.731494027231414
"12805",-3.60655816396566,-1.65350213638333,-0.731314986702598
"12806",-3.60780214969821,-1.65337101284427,-0.730672023135727
"12807",-3.60924268751749,-1.6532188730543,-0.729927097726598
"12808",-3.61002694082123,-1.65313591081055,-0.729521379669907
"12809",-3.61188994240366,-1.65293845200639,-0.728557117627305
"12810",-3.6126735762168,-1.65285523458072,-0.728151320759881
"12811",-3.61383743374367,-1.65273146417578,-0.727548410777162
"12812",-3.61478938023319,-1.65263007350726,-0.727055082722015
"12813",-3.61510618849923,-1.65259629950915,-0.726890864233142
"12814",-3.61575118200416,-1.65252749058184,-0.726556470298381
"12815",-3.6158467815263,-1.65251728638696,-0.726506900353396
"12816",-3.61793900578609,-1.65229360961778,-0.725421607021608
"12817",-3.61819257417798,-1.6522664548384,-0.725290017041832
"12818",-3.61870010011522,-1.6522120736287,-0.725026597993889
"12819",-3.61933384130273,-1.6521441123617,-0.724697600447517
"12820",-3.62281727906627,-1.65176944061236,-0.722887845887505
"12821",-3.62435683718076,-1.65160324742441,-0.722087254449688
"12822",-3.62450491759492,-1.65158724289684,-0.72201022659029
"12823",-3.62513756331445,-1.65151882810617,-0.721681092113513
"12824",-3.62619170794415,-1.65140469361454,-0.721132501722685
"12825",-3.62653570801431,-1.65136741051956,-0.72095343349308
"12826",-3.62861453989407,-1.65114171185475,-0.719870820149286
"12827",-3.62903624632722,-1.65109584496446,-0.719651102810659
"12828",-3.63117288722387,-1.65086302658591,-0.718537346415827
"12829",-3.6315096437956,-1.6508262669674,-0.718361727049906
"12830",-3.63166793176982,-1.65080898247243,-0.718279171972589
"12831",-3.63258283017239,-1.65070900202475,-0.717801912629468
"12832",-3.63321395621059,-1.65063995605428,-0.717472590369145
"12833",-3.63403424291469,-1.6505501225654,-0.717044449703942
"12834",-3.63492836172998,-1.65045208344703,-0.716577626123344
"12835",-3.63534883209142,-1.65040593608713,-0.716358043610641
"12836",-3.63724029827207,-1.65019800192831,-0.715369842875657
"12837",-3.63797558122988,-1.65011701890162,-0.714985507577401
"12838",-3.6385006849443,-1.65005913284025,-0.714710970391403
"12839",-3.63853174451849,-1.65005570755956,-0.714694730024405
"12840",-3.6391307012152,-1.64998962442818,-0.714381512618608
"12841",-3.63955064652107,-1.64994325813429,-0.714161866144395
"12842",-3.64131832877769,-1.64974778432749,-0.713236934526007
"12843",-3.64133482953358,-1.64974595733013,-0.713228297762365
"12844",-3.64143975202025,-1.64973433909788,-0.713173378408968
"12845",-3.641502260292,-1.64972741663661,-0.713140658835647
"12846",-3.64353751515968,-1.64950168750177,-0.712074908406719
"12847",-3.64467980270743,-1.64937471165023,-0.711476408214053
"12848",-3.64521478498419,-1.64931517283776,-0.711196019037094
"12849",-3.64848976023645,-1.64894971479697,-0.709478380675752
"12850",-3.64898559072381,-1.64889423725833,-0.709218151853864
"12851",-3.65038764882241,-1.64873715383307,-0.708482049399758
"12852",-3.65118328009549,-1.64864787518431,-0.708064163422706
"12853",-3.65173394193857,-1.64858602632039,-0.707774870847335
"12854",-3.65181092824314,-1.64857737561086,-0.707734421143639
"12855",-3.65243845956026,-1.64850682698282,-0.707404664995337
"12856",-3.65255305210296,-1.64849393749014,-0.707344440601436
"12857",-3.65369317192859,-1.64836558259845,-0.706745111181187
"12858",-3.65422584137521,-1.6483055441808,-0.70646501651106
"12859",-3.65506192497552,-1.64821121679443,-0.70602526768587
"12860",-3.65546988241865,-1.64816515069868,-0.705810648817905
"12861",-3.65641011514342,-1.64805888042088,-0.705315888768814
"12862",-3.65693235346198,-1.64799979374703,-0.705041008746709
"12863",-3.65797658769468,-1.64788151835835,-0.704491220204754
"12864",-3.65874867168679,-1.64779395708262,-0.704084584769635
"12865",-3.66048143258928,-1.64759710253824,-0.703171573223114
"12866",-3.66050185733489,-1.64759477929695,-0.703160807776447
"12867",-3.66131552709556,-1.64750217347811,-0.702731875145149
"12868",-3.66152456982367,-1.64747836484079,-0.702621656192161
"12869",-3.66194173454261,-1.64743083171087,-0.702401678852497
"12870",-3.66284844916399,-1.64732742240337,-0.701923439968844
"12871",-3.66363028445982,-1.64723815059722,-0.701510941840257
"12872",-3.66553732201155,-1.64701999331132,-0.700504295996426
"12873",-3.66590223356232,-1.64697818305247,-0.700311595421939
"12874",-3.66652715173013,-1.64690653299647,-0.699981533041156
"12875",-3.66676292311406,-1.6468794844706,-0.699856986600551
"12876",-3.66808862004094,-1.64672723119845,-0.699156489065187
"12877",-3.66819271381247,-1.64671526442548,-0.699101471813459
"12878",-3.66857771518256,-1.64667098911729,-0.698897967017462
"12879",-3.67027423969898,-1.64647560701504,-0.698000878860786
"12880",-3.67055466437304,-1.64644326745128,-0.697852543205863
"12881",-3.67058630995218,-1.64643961718462,-0.697835802771136
"12882",-3.67089835146222,-1.6464036151541,-0.697670723374371
"12883",-3.67557553047233,-1.64586212138291,-0.695194137326173
"12884",-3.67612223427974,-1.6457985996109,-0.694904384192715
"12885",-3.67670703851041,-1.64573059807701,-0.694594375038615
"12886",-3.67679021981111,-1.64572092124538,-0.694550274729142
"12887",-3.6783575510417,-1.64553838024324,-0.69371907586186
"12888",-3.68252741025269,-1.64505081914957,-0.69150541704531
"12889",-3.68284828219564,-1.64501318579619,-0.691334938819201
"12890",-3.68294199837463,-1.6450021912137,-0.691285144037448
"12891",-3.68418545966991,-1.64485617771699,-0.690624290855734
"12892",-3.68511775754382,-1.64474653996177,-0.690128617420399
"12893",-3.68522133043518,-1.64473435123731,-0.690073540822677
"12894",-3.68687806834521,-1.64453914804595,-0.689192267185136
"12895",-3.68701220518177,-1.64452332425019,-0.689120892651973
"12896",-3.68820730110143,-1.64438221413371,-0.688484829062931
"12897",-3.68843052859141,-1.64435583127354,-0.68836599120195
"12898",-3.69031984883745,-1.64413221512716,-0.687359811547292
"12899",-3.69153332938502,-1.64398828727646,-0.686713202635517
"12900",-3.69312468477055,-1.64379918151069,-0.685864819971555
"12901",-3.69391023348447,-1.64370568196753,-0.685445852415586
"12902",-3.69415772611668,-1.64367620368934,-0.685313829631652
"12903",-3.69535623485472,-1.64353331244525,-0.684674332177971
"12904",-3.69721448057059,-1.64331130672399,-0.683682278382925
"12905",-3.69750786061199,-1.64327620552699,-0.68352559333815
"12906",-3.69781744345685,-1.64323915069973,-0.683360237302104
"12907",-3.69998373899783,-1.64297942788933,-0.682202658933958
"12908",-3.70278316693245,-1.64264267427798,-0.680705452704987
"12909",-3.70525523434209,-1.64234424623423,-0.679382102092015
"12910",-3.70528241610147,-1.64234095935331,-0.679367544731255
"12911",-3.70535819846397,-1.64233179494384,-0.679326958281488
"12912",-3.70590014955669,-1.64226622934371,-0.679036676309709
"12913",-3.70628473644198,-1.64221967291095,-0.678830648909636
"12914",-3.70844568554047,-1.64195763202263,-0.677672488480203
"12915",-3.70906284970032,-1.64188265451148,-0.677341558534639
"12916",-3.7105637178425,-1.64170006047405,-0.676536479051448
"12917",-3.71062551750448,-1.6416925341563,-0.676503320089869
"12918",-3.71276350734407,-1.64143177564817,-0.675355728700455
"12919",-3.71360555983493,-1.64132887146021,-0.674903511986656
"12920",-3.71379076095751,-1.64130622324138,-0.674804033576466
"12921",-3.71438599324184,-1.64123339461232,-0.674484268693931
"12922",-3.71492038563605,-1.64116796086837,-0.674197131122661
"12923",-3.71646018546828,-1.64097916013312,-0.673369473243825
"12924",-3.71717852306001,-1.64089095004052,-0.672983207858238
"12925",-3.71729107327783,-1.6408771215387,-0.672922678471062
"12926",-3.71742434188735,-1.64086074480138,-0.67285100369229
"12927",-3.71841943390387,-1.6407383713205,-0.672315716447026
"12928",-3.71893225568122,-1.64067524303633,-0.672039783305675
"12929",-3.71994785123417,-1.64055009691712,-0.671493178525608
"12930",-3.72035793286226,-1.64049951722491,-0.671272413447563
"12931",-3.72145434414151,-1.64036415060699,-0.670682012554786
"12932",-3.726021888933,-1.6397981153301,-0.66822004551228
"12933",-3.72670797321545,-1.63971279761937,-0.667849901080655
"12934",-3.72786037891251,-1.63956931751956,-0.667227977631501
"12935",-3.7301853045162,-1.63927919172733,-0.665972523273765
"12936",-3.73437391581542,-1.63875426387431,-0.663708146928972
"12937",-3.73468020085669,-1.6387157665778,-0.663542440432432
"12938",-3.73508853882821,-1.63866441820341,-0.663321494126428
"12939",-3.7386692135293,-1.63821297716376,-0.661382713545672
"12940",-3.73937318852449,-1.63812397432097,-0.661001261990848
"12941",-3.7425322811456,-1.63772357010526,-0.65928836585804
"12942",-3.74375438564269,-1.63756823200341,-0.658625231588549
"12943",-3.74568807693135,-1.63732194368297,-0.657575414586784
"12944",-3.74640080767959,-1.63723100994758,-0.657188292980479
"12945",-3.74811947450733,-1.63701138936934,-0.65625440887599
"12946",-3.74843514982681,-1.63697099769822,-0.656082818914851
"12947",-3.74984249821826,-1.63679072286114,-0.655317610445336
"12948",-3.75016340795504,-1.63674957002707,-0.655143073146951
"12949",-3.75170751988101,-1.63655131832256,-0.654302991802799
"12950",-3.75453106726819,-1.63618777794582,-0.652765691181426
"12951",-3.75483558379609,-1.63614849170997,-0.652599807197379
"12952",-3.75489616956052,-1.63614067359841,-0.652566801341295
"12953",-3.75503858005534,-1.63612229426237,-0.652489216421171
"12954",-3.75593119430178,-1.63600701799054,-0.652002837033923
"12955",-3.75615484849528,-1.63597811359277,-0.651880946390147
"12956",-3.75828491566502,-1.63570241463843,-0.650719606270326
"12957",-3.75934903341283,-1.6355644018633,-0.650139122317539
"12958",-3.76103136881542,-1.635345824715,-0.649220970370347
"12959",-3.76123400512346,-1.63531946550948,-0.649110344311118
"12960",-3.7620140451367,-1.63521793316732,-0.648684423276078
"12961",-3.76375627119983,-1.63499079456132,-0.647732720049339
"12962",-3.76547696226494,-1.6347659678821,-0.646792231384038
"12963",-3.76632644547498,-1.63465479206633,-0.646327722947616
"12964",-3.76707975571376,-1.63455610228121,-0.645915691879693
"12965",-3.76709566219648,-1.63455401738276,-0.645906990531878
"12966",-3.7704585395042,-1.63411229004745,-0.644066343556007
"12967",-3.7707951931502,-1.63406796532799,-0.643881963814093
"12968",-3.77124016037942,-1.63400935071053,-0.643638230432129
"12969",-3.77194726654937,-1.63391613702692,-0.643250833860802
"12970",-3.77212864364657,-1.63389221367832,-0.643151449400218
"12971",-3.7726542296586,-1.63382285867426,-0.642863423552675
"12972",-3.77308800913298,-1.63376558344552,-0.642625670165986
"12973",-3.77487518309083,-1.63352927724087,-0.64164575910343
"12974",-3.77537974846111,-1.63346246514909,-0.641368998356369
"12975",-3.77610576806382,-1.6333662543742,-0.640970684729529
"12976",-3.77840561212355,-1.63306090036733,-0.639708288053732
"12977",-3.77873466711669,-1.6330171386995,-0.639527588311742
"12978",-3.78054875828549,-1.63277555303619,-0.638531026405426
"12979",-3.78072366859194,-1.6327522307328,-0.63843490825222
"12980",-3.78243602751701,-1.63252363573488,-0.637493620937393
"12981",-3.78289891575249,-1.63246175689608,-0.637239077536856
"12982",-3.78676312443124,-1.6319437837534,-0.635112599169821
"12983",-3.78771848341186,-1.63181533622158,-0.634586439909814
"12984",-3.7886000199574,-1.6316966776271,-0.634100788837722
"12985",-3.78947809758928,-1.63157835435588,-0.633616901015126
"12986",-3.79068388765308,-1.63141565902036,-0.63295218718377
"12987",-3.7907738803545,-1.6314035066081,-0.632902566320451
"12988",-3.79118617758356,-1.63134781343557,-0.632675211650346
"12989",-3.79279302109799,-1.63113048680058,-0.631788844846566
"12990",-3.79282283140929,-1.63112645081513,-0.631772396393268
"12991",-3.79309422214861,-1.63108970061222,-0.631622643434452
"12992",-3.79373627333088,-1.63100270809645,-0.631268306647876
"12993",-3.79580386598464,-1.63072209299594,-0.630126722587982
"12994",-3.79630542181219,-1.63065391246798,-0.629849678905622
"12995",-3.79733478950466,-1.63051384879726,-0.629280943417453
"12996",-3.79821067900152,-1.63039452720147,-0.628796852435143
"12997",-3.79911280756414,-1.63027149515624,-0.628298111822661
"12998",-3.80039501107953,-1.63009639112241,-0.627588989386978
"12999",-3.80111670613783,-1.62999771020282,-0.627189722906344
"13000",-3.80194438138248,-1.62988442924945,-0.626731706485355
"13001",-3.80251875333217,-1.62980574863812,-0.626413788136707
"13002",-3.80324599345041,-1.62970604690748,-0.6260111691893
"13003",-3.80341934989284,-1.62968226716361,-0.625915180204524
"13004",-3.80382015206096,-1.6296272685554,-0.625693231339409
"13005",-3.80394666123903,-1.6296099031275,-0.625623169268763
"13006",-3.80401990114864,-1.62959984852352,-0.625582606914536
"13007",-3.80432056134622,-1.62955856339448,-0.625416082359611
"13008",-3.80550082096772,-1.62939634752399,-0.624762219346973
"13009",-3.81201785525253,-1.62849636940557,-0.62114716985436
"13010",-3.81344518467757,-1.62829829343776,-0.620354375657577
"13011",-3.81411418751514,-1.62820533355944,-0.619982656459263
"13012",-3.81423351811862,-1.62818874418857,-0.619916343935392
"13013",-3.81431377286856,-1.62817758578388,-0.619871744555815
"13014",-3.81597944562602,-1.62794574649932,-0.618945824980708
"13015",-3.81600978999466,-1.62794151856944,-0.618928952320004
"13016",-3.81637839278463,-1.62789014796731,-0.61872398116425
"13017",-3.81639833895163,-1.62788736749184,-0.618712888867032
"13018",-3.81681718226389,-1.62782896543256,-0.618479948286061
"13019",-3.81760529269533,-1.62771899263588,-0.618041551525375
"13020",-3.81767465781664,-1.62770930834685,-0.618002960795865
"13021",-3.81910041780879,-1.62751007082423,-0.61720955456781
"13022",-3.81989755746279,-1.62739852569996,-0.616765799697763
"13023",-3.81992385895072,-1.62739484343124,-0.616751156088998
"13024",-3.82009681408711,-1.62737062636067,-0.616654858468028
"13025",-3.82064429027672,-1.62729393527032,-0.616349999475999
"13026",-3.82129211632128,-1.62720312065401,-0.615989190024647
"13027",-3.82185943391667,-1.62712353287078,-0.615673156696308
"13028",-3.8225865678815,-1.62702144402025,-0.615268008549749
"13029",-3.82288521969564,-1.62697948732157,-0.615101576063896
"13030",-3.82321328645519,-1.6269333805533,-0.614918732330352
"13031",-3.82338291626541,-1.62690953339316,-0.614824183603
"13032",-3.82407957295921,-1.62681154309469,-0.614435823703238
"13033",-3.82419856517011,-1.62679479755819,-0.61436948109944
"13034",-3.82557194358836,-1.62660134863912,-0.61360358293824
"13035",-3.82616871440239,-1.6265171886868,-0.613270671021629
"13036",-3.82636761549225,-1.62648912493654,-0.613159698404241
"13037",-3.8264670618169,-1.62647509110536,-0.613104211724847
"13038",-3.82706368069825,-1.62639086073521,-0.612771286462644
"13039",-3.82815721914902,-1.62623631648344,-0.612160900427083
"13040",-3.82875313118285,-1.62615201260549,-0.611828184688417
"13041",-3.82974721400532,-1.62601124327828,-0.611273013079501
"13042",-3.83126339898955,-1.62579621263276,-0.61042591066029
"13043",-3.83142544664919,-1.62577320703073,-0.6103353486363
"13044",-3.83193228507847,-1.62570122290317,-0.610052065611658
"13045",-3.8353558407625,-1.62521382889759,-0.608137332680172
"13046",-3.83543508304855,-1.62520252362063,-0.608092988473159
"13047",-3.83609960707571,-1.62510767512958,-0.60772107369942
"13048",-3.83719076468612,-1.6249517670736,-0.607110209157074
"13049",-3.83819165716975,-1.62480857538334,-0.606549686282038
"13050",-3.83959554369571,-1.62460743775984,-0.605763168653072
"13051",-3.84065905672152,-1.62445483904636,-0.605167102984737
"13052",-3.8409557618521,-1.62441223121842,-0.605000772186001
"13053",-3.84164937271881,-1.62431256694165,-0.604611876073332
"13054",-3.8419464134736,-1.62426985995317,-0.604445303363456
"13055",-3.84382709295844,-1.62399911063757,-0.603390293311649
"13056",-3.84395531610126,-1.62398062884738,-0.603318340097379
"13057",-3.84396521141408,-1.62397920244114,-0.60331278715628
"13058",-3.84412395106434,-1.62395631784881,-0.603223704969472
"13059",-3.8442073376605,-1.62394429472666,-0.603176907884797
"13060",-3.84521221801844,-1.62379931088453,-0.602612862882411
"13061",-3.84573288398704,-1.62372412043703,-0.602320537672889
"13062",-3.85148754965769,-1.62288994057623,-0.599086318716702
"13063",-3.85341294241625,-1.62260955512674,-0.598002869130973
"13064",-3.85380768037667,-1.62255199163569,-0.597780660404263
"13065",-3.8549517557632,-1.62238500106052,-0.597136469212274
"13066",-3.85521809350499,-1.62234609335714,-0.596986469052108
"13067",-3.85597795689022,-1.62223502143769,-0.596558446719919
"13068",-3.85923089439491,-1.62175838936852,-0.594724918861505
"13069",-3.85962498824937,-1.62170051986231,-0.594502656243734
"13070",-3.85971323679353,-1.62168755755713,-0.594452881617791
"13071",-3.8597230883384,-1.62168611043772,-0.594447324985643
"13072",-3.86425233520169,-1.62101900042557,-0.591890800188988
"13073",-3.86522585219429,-1.62087514306404,-0.591340815121938
"13074",-3.86659746408594,-1.62067217722949,-0.590565636631942
"13075",-3.8685788984856,-1.62037839003111,-0.589445210747773
"13076",-3.86877543628654,-1.62034921185023,-0.589334037394621
"13077",-3.86933509443398,-1.62026608737244,-0.589017423551729
"13078",-3.86956147971845,-1.6202324473818,-0.58888933515964
"13079",-3.86994419801641,-1.62017555644813,-0.588672772769201
"13080",-3.87005266934367,-1.62015942755024,-0.588611389104611
"13081",-3.87086748031773,-1.62003820505649,-0.588150221589932
"13082",-3.87166288405246,-1.61991975741687,-0.587699922577163
"13083",-3.87221310485685,-1.61983775620506,-0.587388361261304
"13084",-3.87260577159845,-1.61977920327147,-0.587165981179931
"13085",-3.87263168507314,-1.61977533820227,-0.587151304548986
"13086",-3.8733187435868,-1.61967281841063,-0.586762130602221
"13087",-3.87532339655386,-1.61937321878388,-0.585626138606471
"13088",-3.87773241440211,-1.6190122506767,-0.584260044136186
"13089",-3.88045011148593,-1.6186038030833,-0.582717651375207
"13090",-3.88113567861231,-1.61850056233979,-0.582328357095224
"13091",-3.88123360613092,-1.61848580849943,-0.582272742774477
"13092",-3.88170780569413,-1.6184143412772,-0.582003414252987
"13093",-3.88182111539763,-1.6183972583554,-0.581939052382131
"13094",-3.88217327181441,-1.6183441517039,-0.581739006723541
"13095",-3.88328947004637,-1.61817567975913,-0.581104792963285
"13096",-3.88641996537838,-1.61770200870201,-0.579324880701775
"13097",-3.88690886037258,-1.6176278783165,-0.579046749972178
"13098",-3.88755368721191,-1.61753003959904,-0.578679844622391
"13099",-3.88886377976661,-1.61733103450305,-0.577934174809275
"13100",-3.88947894757325,-1.61723748477746,-0.577583931614259
"13101",-3.89140359767483,-1.61694436691761,-0.576487702754864
"13102",-3.89345369043725,-1.61663142278781,-0.575319296468313
"13103",-3.89370701819712,-1.61659270090126,-0.57517486561512
"13104",-3.89403921847388,-1.61654190587476,-0.574985449457923
"13105",-3.894136797296,-1.61652698188305,-0.574929807572402
"13106",-3.89452708635465,-1.61646727304226,-0.574707237983666
"13107",-3.89520999126505,-1.61636273300982,-0.574317733333222
"13108",-3.89706294338675,-1.61607866358967,-0.573260456085418
"13109",-3.89747865407335,-1.61601484876226,-0.573023171312837
"13110",-3.89945058144027,-1.61571172436308,-0.571897189211061
"13111",-3.90322589381129,-1.61512945499913,-0.569739531742659
"13112",-3.90451356954632,-1.61493027563265,-0.569003022601632
"13113",-3.90533079564371,-1.61480371283645,-0.568535442710463
"13114",-3.90592455410962,-1.6147116835579,-0.568195646518165
"13115",-3.90634234606691,-1.61464689045518,-0.567956514955339
"13116",-3.90673132936605,-1.61458653716218,-0.567733844756245
"13117",-3.90765956463745,-1.6144424064156,-0.567202375878725
"13118",-3.91224113694317,-1.61372875566932,-0.564576922449567
"13119",-3.91321195369441,-1.61357705469565,-0.564020122748725
"13120",-3.91447363212897,-1.61337965165073,-0.563296254331816
"13121",-3.91456066255412,-1.61336602432158,-0.563246311619718
"13122",-3.91692432078124,-1.61299540189884,-0.561889407503189
"13123",-3.91757746032126,-1.61289281314125,-0.561514286451002
"13124",-3.91825607435149,-1.612786142224,-0.561124454970742
"13125",-3.91862855485451,-1.6127275572019,-0.560910448201095
"13126",-3.91893456356996,-1.61267940850552,-0.560734614200342
"13127",-3.91928315218313,-1.61262453967903,-0.560534293536741
"13128",-3.92041362450655,-1.61244645042657,-0.559884507017683
"13129",-3.92067867781568,-1.61240466205323,-0.559732123991473
"13130",-3.92096928349695,-1.61235883061979,-0.559565036355887
"13131",-3.92119165614876,-1.61232374999964,-0.55943717020327
"13132",-3.92203464231512,-1.61219068339591,-0.558952367236189
"13133",-3.92300288422978,-1.61203768780046,-0.558395375647449
"13134",-3.92339011011285,-1.61197645370544,-0.558172573782939
"13135",-3.92348691025896,-1.61196114198046,-0.558116872850695
"13136",-3.92477062726167,-1.61175792629964,-0.557378038660932
"13137",-3.92551912959535,-1.61163930000783,-0.556947110325236
"13138",-3.92560579075073,-1.61162555903178,-0.556897211367118
"13139",-3.92624424348431,-1.61152428454098,-0.556529553742188
"13140",-3.92764692833063,-1.61130152680352,-0.555721557300467
"13141",-3.92858440789263,-1.61115245043227,-0.555181344087099
"13142",-3.93006340414289,-1.61091694193655,-0.554328775506062
"13143",-3.9303532758625,-1.6108707380311,-0.554161634019207
"13144",-3.93151253733082,-1.61068580731894,-0.553493051705414
"13145",-3.93199545659329,-1.61060869851369,-0.553214468029917
"13146",-3.93278690061636,-1.61048223615256,-0.552757816616496
"13147",-3.93440911627745,-1.61022267511843,-0.551821481928238
"13148",-3.93460214171086,-1.61019175873872,-0.551710038181389
"13149",-3.93498816268947,-1.61012991064513,-0.551487148535769
"13150",-3.93576008516851,-1.61000615312642,-0.551041360650388
"13151",-3.93608769608393,-1.60995359687422,-0.550852132967882
"13152",-3.93617145381238,-1.609940157124,-0.550803751613283
"13153",-3.93718731447859,-1.60977705168548,-0.550216858586465
"13154",-3.9373034528106,-1.60975839280306,-0.550149750611507
"13155",-3.93759276347731,-1.60971190133856,-0.549982568658066
"13156",-3.93867882838928,-1.60953723895182,-0.54935484248359
"13157",-3.94086001725036,-1.60918581484682,-0.548093537630869
"13158",-3.94173710079535,-1.6090442608619,-0.54758611925115
"13159",-3.94340277869932,-1.60877505212356,-0.546622110547701
"13160",-3.94635795269338,-1.60829620063753,-0.544910631198878
"13161",-3.94722373281694,-1.60815561220244,-0.544408932873303
"13162",-3.94945420157258,-1.60779279649388,-0.543115837884235
"13163",-3.95010823626471,-1.60768623835102,-0.542736505076986
"13164",-3.95049267079216,-1.60762356850906,-0.542513503134035
"13165",-3.95547168686899,-1.60680948063682,-0.539623001594908
"13166",-3.95682033778799,-1.60658819808622,-0.538839331577852
"13167",-3.95759770178575,-1.60646050074006,-0.538387482427824
"13168",-3.95973581178109,-1.60610870872926,-0.537144158138203
"13169",-3.96057020149488,-1.60597119814533,-0.536658744501361
"13170",-3.96248671811049,-1.60565487039506,-0.535543346452704
"13171",-3.96258251877856,-1.60563904065693,-0.535487574847165
"13172",-3.96337412289594,-1.6055081752029,-0.535026672691884
"13173",-3.96358798469655,-1.60547280072435,-0.534902135969938
"13174",-3.96430652175142,-1.60535388799638,-0.534483658345611
"13175",-3.9672990845032,-1.60485763102306,-0.532739843984593
"13176",-3.9693632278172,-1.60451438479858,-0.531536153632542
"13177",-3.97071685954855,-1.60428886853365,-0.530746403347488
"13178",-3.97195942315234,-1.6040815626616,-0.530021182312741
"13179",-3.97237959676512,-1.60401139844383,-0.529775889694455
"13180",-3.97313127171366,-1.6038857970456,-0.529336996382404
"13181",-3.97408652913002,-1.6037260294247,-0.528779097093073
"13182",-3.97492085034369,-1.60358635244183,-0.528291703050068
"13183",-3.97578019589945,-1.60344235338696,-0.527789568376405
"13184",-3.97759374556315,-1.60313801805528,-0.526729465535295
"13185",-3.97778459631184,-1.60310595613085,-0.526617872557969
"13186",-3.97857612346537,-1.60297291279338,-0.526154991146211
"13187",-3.978824272918,-1.60293117921439,-0.526009852960956
"13188",-3.98003552541891,-1.60272731042853,-0.525301265551748
"13189",-3.98600099709803,-1.60171933859098,-0.521807879354247
"13190",-3.98722928251615,-1.60151099066309,-0.521087861076521
"13191",-3.98826704038908,-1.60133474593295,-0.520479335074335
"13192",-3.98998879330704,-1.60104190218314,-0.519469331847938
"13193",-3.99145345959005,-1.60079235784792,-0.518609754028272
"13194",-3.99161511017545,-1.60076479236461,-0.518514863478584
"13195",-3.99679393556382,-1.59987913950654,-0.515472566192091
"13196",-4.00052459695078,-1.59923809672969,-0.513278268043796
"13197",-4.0011028792605,-1.59913850140707,-0.512937930807984
"13198",-4.00118865277765,-1.59912372374006,-0.512887445765948
"13199",-4.00156806356111,-1.59905833997691,-0.512664115730385
"13200",-4.00299053274378,-1.59881297102778,-0.511826608623276
"13201",-4.00352105722775,-1.5987213630782,-0.511514167554626
"13202",-4.00393816348244,-1.59864930326921,-0.511268489656734
"13203",-4.00431771407392,-1.59858370387461,-0.511044907736076
"13204",-4.00438366080955,-1.59857230331455,-0.51100605810232
"13205",-4.00450727550023,-1.59855093124035,-0.510933234017825
"13206",-4.00544507193533,-1.59838870175315,-0.510380677297279
"13207",-4.00640239731819,-1.59822292743579,-0.50981646727735
"13208",-4.01028461057522,-1.59754894316782,-0.507526929264037
"13209",-4.01264998682357,-1.59713693768322,-0.506130761489122
"13210",-4.01282940617177,-1.59710564417938,-0.506024822400827
"13211",-4.01416310558172,-1.59687284112801,-0.505237171790296
"13212",-4.01484987516793,-1.59675283509423,-0.50483147183832
"13213",-4.0159210012219,-1.59656549376599,-0.504198568860513
"13214",-4.01614822259226,-1.59652572536641,-0.504064285736058
"13215",-4.01643173207709,-1.59647609209656,-0.503896726024843
"13216",-4.01777945591819,-1.59623994770583,-0.503100020541669
"13217",-4.01821198203571,-1.59616409098509,-0.502844272318863
"13218",-4.01882148332087,-1.59605713791814,-0.502483830371317
"13219",-4.01945461468466,-1.5959459660831,-0.502109352218161
"13220",-4.01991189064885,-1.59586562699167,-0.501838847966792
"13221",-4.02011557414947,-1.59582982935079,-0.501718347213786
"13222",-4.02236164592116,-1.59543457400351,-0.500389121333883
"13223",-4.02624801782338,-1.59474847598508,-0.498087300907724
"13224",-4.02785039729673,-1.59446478502996,-0.497137559016816
"13225",-4.02832156853673,-1.59438127747108,-0.496858216677858
"13226",-4.03001734658376,-1.594080390476,-0.495852560027275
"13227",-4.03058245377474,-1.59398000446886,-0.4955173327639
"13228",-4.03491242815034,-1.59320887842234,-0.492947119808
"13229",-4.03539182002819,-1.59312329168311,-0.492662382908585
"13230",-4.03557094911355,-1.59309130059552,-0.492555979406629
"13231",-4.03613531441027,-1.59299047072632,-0.492220711835262
"13232",-4.03707575688055,-1.59282232070354,-0.491661923627555
"13233",-4.03716978970548,-1.59280549881048,-0.491606044195545
"13234",-4.03735784913138,-1.59277185126607,-0.491494284999015
"13235",-4.03754590026185,-1.59273819871078,-0.491382525359605
"13236",-4.03824121986537,-1.59261371188434,-0.49096924714411
"13237",-4.0383823361577,-1.59258843623268,-0.49088536267667
"13238",-4.03871123488125,-1.59252951225814,-0.490689842038267
"13239",-4.03923798777678,-1.59243510025614,-0.490376668766536
"13240",-4.04045963487696,-1.59221594348493,-0.489650194727849
"13241",-4.04092940647936,-1.59213159608044,-0.489370776747977
"13242",-4.04187779125368,-1.59196119027151,-0.488806580504703
"13243",-4.04412249361194,-1.59155720395878,-0.4874706632614
"13244",-4.04646845005364,-1.59113400584722,-0.486073679184145
"13245",-4.04787605008841,-1.59087959720713,-0.485235079332961
"13246",-4.0479550967103,-1.59086529958851,-0.485187977330523
"13247",-4.0489867381346,-1.59067859546875,-0.484573161726043
"13248",-4.0493765660055,-1.59060799444145,-0.484340799378798
"13249",-4.0505953557829,-1.59038708164936,-0.483614177699673
"13250",-4.05068909478705,-1.59037007961236,-0.48355828301559
"13251",-4.05181341027208,-1.59016602969681,-0.482887775311872
"13252",-4.05284453932632,-1.5899786880313,-0.482272677571181
"13253",-4.05325636869114,-1.58990380988373,-0.482026966010152
"13254",-4.05481163230826,-1.58962075362404,-0.481098817998565
"13255",-4.05546713528005,-1.58950131982842,-0.480707521851854
"13256",-4.05631874818361,-1.58934603669058,-0.480199066107206
"13257",-4.05635619536362,-1.58933920551526,-0.480176705829927
"13258",-4.05659062891668,-1.58929643391823,-0.480036717369011
"13259",-4.05733946660429,-1.58915974349729,-0.479589506648812
"13260",-4.06117528481086,-1.58845795230448,-0.477297456038939
"13261",-4.06129348700761,-1.58843628347157,-0.477226791863278
"13262",-4.0623997870127,-1.58823335225537,-0.476565321077549
"13263",-4.06285826426881,-1.5881491868987,-0.476291140164472
"13264",-4.06313869956477,-1.58809768674532,-0.476123417945596
"13265",-4.06332564672014,-1.58806334708015,-0.476011602674317
"13266",-4.06399819704822,-1.58793975566994,-0.475609301077522
"13267",-4.06463405967634,-1.58782282989862,-0.475228885549628
"13268",-4.06642744351881,-1.58749265359028,-0.474155652499202
"13269",-4.06808989789812,-1.58718605576137,-0.473160364180725
"13270",-4.06858167658826,-1.58709526246393,-0.472865867988803
"13271",-4.06939722561709,-1.5869445962329,-0.472377410107459
"13272",-4.07061056913979,-1.58672021501063,-0.471650526834302
"13273",-4.07115579098895,-1.58661930034885,-0.471323830729765
"13274",-4.07217781715535,-1.58642998760455,-0.47071132161395
"13275",-4.07274674437918,-1.58632452070696,-0.470370295101272
"13276",-4.07350263084348,-1.58618430383782,-0.469917131301298
"13277",-4.07405245520063,-1.58608224570615,-0.469587454227196
"13278",-4.07499459699934,-1.58590723704767,-0.469022443811457
"13279",-4.07532050614908,-1.58584665955852,-0.468826964536385
"13280",-4.07720329296351,-1.58549632061736,-0.467697385399434
"13281",-4.08075677391797,-1.58483333572367,-0.465564124294193
"13282",-4.08093873539439,-1.58479932412866,-0.465454839838903
"13283",-4.08125520266519,-1.58474015668568,-0.465264761345497
"13284",-4.08251207249277,-1.58450498756983,-0.464509713986814
"13285",-4.08336329642329,-1.58434555250927,-0.463998226991985
"13286",-4.08412237867913,-1.58420326312186,-0.463542020646342
"13287",-4.08477367053012,-1.58408109434139,-0.463150531487434
"13288",-4.08495973692698,-1.58404617780389,-0.463038676698896
"13289",-4.08542447653394,-1.58395893859252,-0.462759274774053
"13290",-4.08610052994185,-1.58383196121402,-0.462352776494992
"13291",-4.08691297800359,-1.58367925442131,-0.461864181481571
"13292",-4.08765685066094,-1.58353933012775,-0.461416745156948
"13293",-4.08781451487608,-1.58350965997312,-0.461321900757844
"13294",-4.08812170963037,-1.5834518371165,-0.46113709477183
"13295",-4.08821467575149,-1.58343433479189,-0.461081164447236
"13296",-4.08905128573009,-1.58327675803791,-0.460577787812575
"13297",-4.08932053956211,-1.58322601615248,-0.460415760475692
"13298",-4.08978019541778,-1.58313936132148,-0.460139132318804
"13299",-4.09090987026096,-1.58292622770484,-0.459459149142438
"13300",-4.09325655040825,-1.58248272878064,-0.458046038194089
"13301",-4.09434625418837,-1.5822764387171,-0.457389580630759
"13302",-4.09453193072798,-1.58224126662789,-0.457277708846937
"13303",-4.09553841953099,-1.58205049945744,-0.456671204960536
"13304",-4.09569184468048,-1.58202140314999,-0.45657873925776
"13305",-4.09623940632457,-1.58191752519741,-0.456248709497783
"13306",-4.09750172280452,-1.58167783881703,-0.455487715468426
"13307",-4.0981511055666,-1.58155441979358,-0.455096143168701
"13308",-4.09919880619457,-1.58135513272608,-0.454464261624253
"13309",-4.09972779019176,-1.58125443507716,-0.454145165063762
"13310",-4.10036227255923,-1.5811335859742,-0.453762376417376
"13311",-4.10067946963456,-1.58107314170752,-0.453570987104322
"13312",-4.10093311929648,-1.58102479338399,-0.453417930451815
"13313",-4.1012112264937,-1.58097176941342,-0.453250105103408
"13314",-4.10337021715752,-1.58055964523782,-0.451946872896194
"13315",-4.10464867705341,-1.58031519320173,-0.451174840284896
"13316",-4.10538077720427,-1.58017507214383,-0.450732635966663
"13317",-4.1060657802312,-1.58004387455651,-0.450318809467276
"13318",-4.10743594168754,-1.5797811862509,-0.449490859714506
"13319",-4.10862109083449,-1.57955368517921,-0.448774489210663
"13320",-4.10899126342612,-1.57948257297386,-0.448550694594191
"13321",-4.10955532650127,-1.57937416395215,-0.448209641852825
"13322",-4.11040650019586,-1.57921046132832,-0.44769490463042
"13323",-4.11102666595257,-1.57909110190022,-0.447319800686433
"13324",-4.11139663968783,-1.57901986099509,-0.447095997518935
"13325",-4.11306114255739,-1.57869903195142,-0.446088866990313
"13326",-4.11372648370378,-1.5785706433693,-0.445686180614992
"13327",-4.11447215388321,-1.57842665505612,-0.445234800019869
"13328",-4.11472502495962,-1.57837780210671,-0.445081709835601
"13329",-4.11526988277597,-1.57827249843844,-0.444751816912235
"13330",-4.11564913577742,-1.57819916792601,-0.44452216658062
"13331",-4.11574153631432,-1.57818129770613,-0.444466211803308
"13332",-4.11643408855984,-1.57804730724626,-0.444046784963137
"13333",-4.11657305484332,-1.57802041008013,-0.443962615111275
"13334",-4.11707150078176,-1.57792390507046,-0.443660690512998
"13335",-4.11762580251658,-1.57781653073253,-0.443324889720562
"13336",-4.1181432769324,-1.57771623796977,-0.443011358765052
"13337",-4.11895548942645,-1.57755871957381,-0.442519171011141
"13338",-4.1208848253072,-1.57718404994712,-0.441349637657989
"13339",-4.12146662097279,-1.57707092947006,-0.440996855236866
"13340",-4.12215828059354,-1.57693636452169,-0.440577390242651
"13341",-4.1230254969008,-1.57676751652077,-0.440051357693569
"13342",-4.12416629316593,-1.57654518542029,-0.439359209914882
"13343",-4.12469526044172,-1.57644201074642,-0.43903820817593
"13344",-4.12580167953387,-1.57622603308722,-0.438366648908751
"13345",-4.12637911910396,-1.57611322228193,-0.43801609086148
"13346",-4.12919268153528,-1.57556264856308,-0.436307300200935
"13347",-4.12950577092609,-1.57550128849305,-0.436117075993818
"13348",-4.13011377548216,-1.57538207694674,-0.435747628294151
"13349",-4.13123753369366,-1.57516155641278,-0.435064644131122
"13350",-4.13160582287915,-1.57508923294781,-0.434840769074561
"13351",-4.1317899558746,-1.57505306380975,-0.434728831054735
"13352",-4.13192766126353,-1.5750260102001,-0.434645113990945
"13353",-4.13237874025103,-1.57493736590187,-0.434370863857142
"13354",-4.13427499420536,-1.57456429729231,-0.433217635719444
"13355",-4.13524062805134,-1.57437405516671,-0.432630169200519
"13356",-4.13553499259415,-1.57431602622072,-0.432451057861005
"13357",-4.13611485373872,-1.57420166809532,-0.432098193279587
"13358",-4.13859743475267,-1.57371133599796,-0.43058689404724
"13359",-4.1415834626676,-1.57312000614366,-0.428767895153088
"13360",-4.14207028378764,-1.57302343785916,-0.428471211617963
"13361",-4.14246521176143,-1.57294506456321,-0.428230504420428
"13362",-4.1453942917316,-1.57236285519208,-0.426444508960698
"13363",-4.14720164590473,-1.57200278691536,-0.42534183676509
"13364",-4.15016408022801,-1.57141123689637,-0.42353337523103
"13365",-4.1506224343166,-1.57131955956697,-0.423253446720317
"13366",-4.15098908214586,-1.57124619552717,-0.423029502409216
"13367",-4.15218046969471,-1.57100762626237,-0.422301674149371
"13368",-4.15325204563439,-1.57079281360487,-0.421646853325787
"13369",-4.15408990913657,-1.57062469666008,-0.421134726587434
"13370",-4.1560272812872,-1.57023544113068,-0.419950131631101
"13371",-4.15706127090531,-1.57002739349596,-0.41931766588499
"13372",-4.15776635258163,-1.56988540541523,-0.418886289293487
"13373",-4.15785786267068,-1.56986697016468,-0.418830296734531
"13374",-4.15868136339243,-1.56970099747927,-0.418326359834139
"13375",-4.16041933141614,-1.56935028305025,-0.417262470090707
"13376",-4.16069368109742,-1.56929486644057,-0.417094484641514
"13377",-4.16105945248714,-1.56922096038373,-0.416870502826317
"13378",-4.16115089029881,-1.56920248079026,-0.416814507155124
"13379",-4.16179089853518,-1.56907308914865,-0.416422535018486
"13380",-4.16190645425217,-1.5690497184742,-0.416351756175993
"13381",-4.16261362095943,-1.56890663978595,-0.415918564560407
"13382",-4.16297922282846,-1.56883263026833,-0.415694575416177
"13383",-4.17156149307819,-1.56708773404618,-0.410430422632762
"13384",-4.17183509725404,-1.56703186669066,-0.41026240472103
"13385",-4.17192629452273,-1.56701324177607,-0.410206398569261
"13386",-4.17238224992376,-1.56692009873262,-0.409926366450074
"13387",-4.17398641662799,-1.56659206920559,-0.408940872137455
"13388",-4.1740232616996,-1.56658452888785,-0.408918231997517
"13389",-4.17481579159508,-1.56642227270827,-0.408431193247476
"13390",-4.17484351604678,-1.56641659436067,-0.408414153682817
"13391",-4.17529914029671,-1.56632325430612,-0.408134106968977
"13392",-4.17657461178361,-1.5660617383958,-0.407349963950502
"13393",-4.17803179357284,-1.56576256757508,-0.406453778364101
"13394",-4.1781953080674,-1.5657289702503,-0.406353192851956
"13395",-4.1793304193273,-1.56549559123997,-0.405654809489026
"13396",-4.17957946319652,-1.56544435323083,-0.405501555171148
"13397",-4.18003454495871,-1.56535069306343,-0.405221484405251
"13398",-4.18017067443476,-1.56532266824077,-0.405137699578131
"13399",-4.18056198930413,-1.56524208796213,-0.404896836251185
"13400",-4.18130849471401,-1.56508828085622,-0.404437273828381
"13401",-4.18385515627605,-1.56456273257092,-0.402868797427294
"13402",-4.18655424022261,-1.5640043008095,-0.401205247850501
"13403",-4.18699034214147,-1.56391393445028,-0.400936345176999
"13404",-4.18821699975996,-1.56365954732744,-0.400179807677792
"13405",-4.18948827997135,-1.5633955840844,-0.399395477422433
"13406",-4.18985104204248,-1.56332020148816,-0.399171616491042
"13407",-4.19065410529351,-1.56315322832664,-0.398675964566784
"13408",-4.19447852504935,-1.56235625018785,-0.39631399592959
"13409",-4.19628209585822,-1.56197936324141,-0.39519922385826
"13410",-4.19851092183196,-1.56151269025688,-0.393820816882132
"13411",-4.20052127187026,-1.56109088557905,-0.392576773486801
"13412",-4.20441182106578,-1.56027221480686,-0.390167185152943
"13413",-4.20534354598854,-1.56007569103048,-0.389589724723567
"13414",-4.20543395511656,-1.56005661192782,-0.389533683035253
"13415",-4.20697057185641,-1.55973207894117,-0.388580958703966
"13416",-4.20832587821987,-1.55944543103256,-0.387740294989302
"13417",-4.20841621421103,-1.55942631132978,-0.387684249918989
"13418",-4.20895818345956,-1.55931156727777,-0.387347977332892
"13419",-4.21002344070135,-1.5590858557189,-0.386686867398295
"13420",-4.21096239067173,-1.55888671019644,-0.386103973410632
"13421",-4.21175707969378,-1.55871801747797,-0.385610509643839
"13422",-4.21202782667895,-1.55866051443543,-0.385442362312649
"13423",-4.21329104598656,-1.55839202051705,-0.384657662349435
"13424",-4.21500471113597,-1.55802725027542,-0.383592679569944
"13425",-4.21527521558951,-1.55796961438172,-0.383424520926332
"13426",-4.21647096179837,-1.55771465440777,-0.382681024718063
"13427",-4.21905986454987,-1.55716160917408,-0.381070373603179
"13428",-4.22032089766461,-1.55689171240489,-0.380285384652993
"13429",-4.22086108438859,-1.55677599413839,-0.379949028804755
"13430",-4.22140118909531,-1.55666023159628,-0.379612669095497
"13431",-4.22176121329198,-1.55658303197094,-0.379388427141042
"13432",-4.22311097859893,-1.55629335812367,-0.378547504468769
"13433",-4.22381649730687,-1.55614179224932,-0.378107819126892
"13434",-4.22410919497785,-1.55607888121285,-0.377925379684032
"13435",-4.22859470578936,-1.5551125005457,-0.375127500787246
"13436",-4.22876022914794,-1.5550767570566,-0.375024180258621
"13437",-4.22958266145658,-1.5548990720594,-0.374510735496577
"13438",-4.22976225965365,-1.55486025089503,-0.374398594920992
"13439",-4.23015696338432,-1.55477490912644,-0.374152121197445
"13440",-4.23030099860365,-1.55474375789151,-0.374062170546192
"13441",-4.23254484415028,-1.55425789391832,-0.372660359431917
"13442",-4.23335227234544,-1.55408279476933,-0.372155690435021
"13443",-4.2336450520098,-1.55401926773853,-0.371972662163495
"13444",-4.2366037503214,-1.55337625307617,-0.370122119645791
"13445",-4.23666971008911,-1.55336189643499,-0.370080844963297
"13446",-4.23738657185885,-1.5532058052286,-0.369632209500617
"13447",-4.23953625284976,-1.55273705947992,-0.368286259695957
"13448",-4.24365266326861,-1.55183665027486,-0.365706339273514
"13449",-4.24431402015723,-1.55169164175338,-0.365291523120124
"13450",-4.24440343378236,-1.55167202963965,-0.365235434349738
"13451",-4.2446985829403,-1.55160727874197,-0.365050277129561
"13452",-4.24553021849696,-1.55142472860923,-0.364528468778523
"13453",-4.24571753805035,-1.55138358961385,-0.364410916107628
"13454",-4.24615545778692,-1.55128738386368,-0.364136071141769
"13455",-4.24657544912487,-1.55119507712363,-0.363872441724
"13456",-4.24682563151926,-1.5511400729559,-0.36371538468281
"13457",-4.24815664217519,-1.55084720996208,-0.362879601532547
"13458",-4.24946071252467,-1.55055989532964,-0.362060383935547
"13459",-4.24954998771101,-1.55054021234217,-0.362004288475932
"13460",-4.2511565272572,-1.55018570812623,-0.360994550165108
"13461",-4.25212861710658,-1.54997092566452,-0.360383316232127
"13462",-4.25220889966007,-1.54995317791705,-0.36033282716378
"13463",-4.25286902685805,-1.54980719187135,-0.359917627729164
"13464",-4.25296702659273,-1.54978551112865,-0.359855981249334
"13465",-4.25338652771533,-1.54969267961844,-0.359592072622535
"13466",-4.25418895529906,-1.54951500102485,-0.359087162630939
"13467",-4.25454552630941,-1.54943600075434,-0.358862755108505
"13468",-4.25623870409533,-1.54906048047045,-0.357796793408238
"13469",-4.25641688188062,-1.54902092616459,-0.357684584412342
"13470",-4.25729361730014,-1.54882619309434,-0.357132355652662
"13471",-4.25807308815059,-1.54865291895797,-0.356641255104796
"13472",-4.26069019527741,-1.54807014516794,-0.354991424755947
"13473",-4.26104604786984,-1.54799078533894,-0.354766982269314
"13474",-4.26157975238878,-1.54787170864461,-0.354430314911684
"13475",-4.26318032952353,-1.54751421249869,-0.353420286658624
"13476",-4.26382884684973,-1.54736919826127,-0.353010890148765
"13477",-4.26433580030273,-1.54725577261464,-0.352690797311475
"13478",-4.26660967952754,-1.54674629781168,-0.351254377897509
"13479",-4.26664547519296,-1.54673826820408,-0.351231756686969
"13480",-4.26724001074309,-1.54660486058768,-0.350855997011118
"13481",-4.26826691848918,-1.54637424338952,-0.350206787739617
"13482",-4.26956529538684,-1.54608231656637,-0.349385627389173
"13483",-4.26984068512197,-1.54602034844827,-0.349211409429547
"13484",-4.27161438870949,-1.54562081395253,-0.34808892499769
"13485",-4.27312123954072,-1.54528082195285,-0.347134774086488
"13486",-4.27338707815652,-1.54522078638086,-0.346966390767908
"13487",-4.2735642911768,-1.54518075650192,-0.346854134596745
"13488",-4.27364365906118,-1.54516282609068,-0.346803856495317
"13489",-4.27462735531542,-1.54494047366446,-0.346180587047979
"13490",-4.27515874965273,-1.54482026566594,-0.345843806498711
"13491",-4.27604420247855,-1.54461982035873,-0.345282495523863
"13492",-4.27675238050212,-1.54445937532941,-0.344833437673139
"13493",-4.27772585740376,-1.54423863454612,-0.344215969932565
"13494",-4.27984872749005,-1.54375650030282,-0.342868714371927
"13495",-4.28013129085434,-1.54369224708427,-0.34268931214415
"13496",-4.28152827951377,-1.54337430682582,-0.341802085070706
"13497",-4.28197011170004,-1.54327365557946,-0.341521385485241
"13498",-4.28303024454385,-1.54303196675141,-0.340847693414223
"13499",-4.28305636958161,-1.54302600745252,-0.340831088271746
"13500",-4.28373679208043,-1.54287074216493,-0.340398555098986
"13501",-4.28601804385512,-1.54234939202362,-0.338947628369216
"13502",-4.28605811952136,-1.542340222327,-0.33892212867661
"13503",-4.28761982190311,-1.54198259530794,-0.337928146797622
"13504",-4.28879218606495,-1.54171374801473,-0.337181597772045
"13505",-4.28929501815294,-1.54159833871262,-0.336861301946913
"13506",-4.28982383035407,-1.54147690194942,-0.336524393792907
"13507",-4.29000008002512,-1.54143641315306,-0.336412090029519
"13508",-4.29369888304539,-1.54058500770333,-0.33405358979166
"13509",-4.29449087570465,-1.54040228031458,-0.333548166656233
"13510",-4.29537061495569,-1.54019913256982,-0.332986572823942
"13511",-4.29709375910434,-1.53980069077665,-0.331886047899731
"13512",-4.29781864511668,-1.53963286302561,-0.331422871945196
"13513",-4.29923829704077,-1.53930381525527,-0.330515402008781
"13514",-4.29942238992,-1.53926111057948,-0.330397690801254
"13515",-4.29994095479262,-1.53914077336274,-0.330066070439359
"13516",-4.30002877491952,-1.539120387567,-0.330009903389668
"13517",-4.30051136626423,-1.53900832984025,-0.329701219722532
"13518",-4.30204789478827,-1.53865117327791,-0.328718024142333
"13519",-4.30373195663232,-1.53825906721522,-0.327639768702207
"13520",-4.30387639988541,-1.53822540395962,-0.327547253860782
"13521",-4.30505320549653,-1.53795095439817,-0.326793329195681
"13522",-4.30555600261633,-1.53783359152064,-0.326471107424092
"13523",-4.30573129407473,-1.53779266052823,-0.32635875588734
"13524",-4.30581856513722,-1.53777227972701,-0.326302817455388
"13525",-4.30634472848436,-1.53764936312206,-0.32596552121754
"13526",-4.30678281423902,-1.53754697075196,-0.325684635219493
"13527",-4.30746572157172,-1.53738726359791,-0.325246683796621
"13528",-4.30883177881652,-1.53706745045779,-0.324370280878413
"13529",-4.30887565074707,-1.53705717185445,-0.324342126925945
"13530",-4.30954956765638,-1.53689922292155,-0.323909594165488
"13531",-4.31048313691931,-1.53668023410917,-0.323310225903605
"13532",-4.31063502463058,-1.53664458534046,-0.323212690840658
"13533",-4.31134323399859,-1.53647829043266,-0.322757836940359
"13534",-4.3114045597633,-1.53646388470942,-0.322718444055353
"13535",-4.31194706646854,-1.53633640695496,-0.32236992171494
"13536",-4.31235767619616,-1.53623987411139,-0.322106085257551
"13537",-4.31247134067498,-1.53621314467702,-0.322033042964019
"13538",-4.31264656973048,-1.53617193143502,-0.321920432163261
"13539",-4.31317108187498,-1.53604852288465,-0.321583309200994
"13540",-4.31326686210766,-1.53602598015114,-0.321521740375181
"13541",-4.31499708959141,-1.53561836614665,-0.320409132705038
"13542",-4.31771270714385,-1.53497711850147,-0.318661368038255
"13543",-4.31814900942948,-1.53487392276482,-0.318380392367527
"13544",-4.31884694964642,-1.53470874533821,-0.317930824051496
"13545",-4.31963192125375,-1.53452282621829,-0.317425049029956
"13546",-4.32141009189987,-1.53410110314635,-0.316278757825089
"13547",-4.32172408482734,-1.53402655268001,-0.316076260324288
"13548",-4.32433704800671,-1.53340521019447,-0.314390160975565
"13549",-4.32459820716541,-1.53334301480659,-0.314221544088788
"13550",-4.32477229940486,-1.53330154503936,-0.314109132127616
"13551",-4.32565972771498,-1.53309003664378,-0.313535996447717
"13552",-4.32701672623251,-1.53276622996603,-0.312659204997118
"13553",-4.32998990009134,-1.53205515507253,-0.310736510893741
"13554",-4.33025051721705,-1.53199271888773,-0.310567866461675
"13555",-4.33225606159313,-1.53151167622413,-0.309269499238619
"13556",-4.33242135077008,-1.53147198524311,-0.309162446479876
"13557",-4.33302887163374,-1.53132604155768,-0.308768912951534
"13558",-4.33346273131868,-1.53122175903526,-0.308487813299245
"13559",-4.33476389115283,-1.53090872631275,-0.307644492942273
"13560",-4.33511076084409,-1.53082520401607,-0.30741960208662
"13561",-4.33579533038406,-1.53066027780915,-0.306975673669541
"13562",-4.33647142508752,-1.53049727651854,-0.306537121106776
"13563",-4.33684443752024,-1.53040729631732,-0.306295113472635
"13564",-4.33745095964447,-1.53026091199436,-0.305901528919526
"13565",-4.34013533397338,-1.52961191171682,-0.30415842701596
"13566",-4.34056804485028,-1.5295071231979,-0.303877268596656
"13567",-4.3415425975072,-1.5292709428221,-0.303243862285175
"13568",-4.3417183478934,-1.52922832428831,-0.303129607437098
"13569",-4.3430241431777,-1.52891142802414,-0.302280458127955
"13570",-4.34416510703054,-1.52863417569937,-0.301538128396278
"13571",-4.34506406758044,-1.52841549418409,-0.300953006951965
"13572",-4.3463595807074,-1.52809998131917,-0.300109397121211
"13573",-4.34868990238846,-1.52753135883199,-0.298590816924361
"13574",-4.34981117357332,-1.52725725698513,-0.297859610759676
"13575",-4.35104091510826,-1.52695626444234,-0.29705728101392
"13576",-4.35144909328924,-1.52685627171973,-0.296790880374017
"13577",-4.35179352118934,-1.52677186246257,-0.296566051981022
"13578",-4.35248304139645,-1.52660278852219,-0.296115865512291
"13579",-4.35398117585255,-1.52623501196872,-0.295137294284949
"13580",-4.35418779781778,-1.52618424255085,-0.295002282641674
"13581",-4.35497109065266,-1.52599167733503,-0.29449035579233
"13582",-4.35533253097532,-1.52590276665035,-0.29425407774799
"13583",-4.35541033979996,-1.52588362200188,-0.294203208516715
"13584",-4.35575451171494,-1.52579892048391,-0.293978178857107
"13585",-4.35672345417003,-1.52556029525958,-0.293344483236139
"13586",-4.35747468782063,-1.52537511705492,-0.292852995135692
"13587",-4.35773225239246,-1.52531159368623,-0.292684450379865
"13588",-4.36039636931379,-1.52465351975718,-0.290940046978353
"13589",-4.36107439486833,-1.52448574040738,-0.290495781218928
"13590",-4.36168429671051,-1.52433471510647,-0.290096044724842
"13591",-4.36209996551048,-1.52423173010176,-0.289823552200101
"13592",-4.36271417521735,-1.52407947176104,-0.289420818818758
"13593",-4.36279997982026,-1.52405819347301,-0.289364549024996
"13594",-4.36333739380884,-1.52392487846542,-0.289012072229408
"13595",-4.36346879471007,-1.52389227055774,-0.288925877459078
"13596",-4.36614412385898,-1.52322737921958,-0.287169910620996
"13597",-4.36682956270364,-1.52305672417217,-0.286719700260476
"13598",-4.36856495542906,-1.52262410240002,-0.285579275040418
"13599",-4.36862796457659,-1.52260837958236,-0.285537852381666
"13600",-4.36879917479793,-1.52256565176723,-0.285425291985757
"13601",-4.36922714998839,-1.52245881067475,-0.28514388836403
"13602",-4.37059618685142,-1.52211671226252,-0.284243371483324
"13603",-4.37615030359535,-1.52072369565361,-0.2805846239207
"13604",-4.37627797043563,-1.5206915785048,-0.280500421760898
"13605",-4.37666237547036,-1.52059484724538,-0.280246861077946
"13606",-4.37734497576296,-1.52042298042649,-0.279796502101347
"13607",-4.37760090306038,-1.52035851005697,-0.279627614973115
"13608",-4.37870961981722,-1.52007901043133,-0.278895754901727
"13609",-4.37939130291618,-1.51990699824998,-0.27844560472049
"13610",-4.37981784625169,-1.51979930277674,-0.278163869044657
"13611",-4.3799030741169,-1.51977777818713,-0.278107569063337
"13612",-4.38008177924557,-1.51973263921619,-0.277989512972703
"13613",-4.38032916988254,-1.51967013677671,-0.277826066864305
"13614",-4.38271396498203,-1.51906677631649,-0.276249583997051
"13615",-4.38330980828897,-1.51891578547158,-0.275855444590111
"13616",-4.38376900190668,-1.51879935688702,-0.275551627181424
"13617",-4.38441599739034,-1.51863521397635,-0.27512345159305
"13618",-4.38537407060754,-1.51839194170032,-0.274489187587278
"13619",-4.38569176059081,-1.51831121933127,-0.274278812309072
"13620",-4.39002412120998,-1.51720765973446,-0.271407021052913
"13621",-4.39053371686417,-1.51707751657351,-0.271068871148832
"13622",-4.39063519287996,-1.51705159263568,-0.271001526287925
"13623",-4.39115278903971,-1.51691931927077,-0.270657975965124
"13624",-4.39199259311353,-1.5167045487847,-0.270100398692189
"13625",-4.39265441589497,-1.51653515906022,-0.269660846775706
"13626",-4.39344249642726,-1.51633329795488,-0.26913727573925
"13627",-4.39638245947357,-1.51557874506857,-0.26718249433587
"13628",-4.39775906415205,-1.51522461810304,-0.266266331777269
"13629",-4.39782134295229,-1.51520858476523,-0.266224870825372
"13630",-4.39917482463775,-1.51485987451108,-0.265323538338549
"13631",-4.39991011298688,-1.51467022367834,-0.264833660844237
"13632",-4.40027398498702,-1.51457631607163,-0.264591177325993
"13633",-4.40119495154041,-1.51433847100333,-0.263977275685298
"13634",-4.40323084244487,-1.51381185879525,-0.262619309915044
"13635",-4.40685872554467,-1.51287061147549,-0.260196478487382
"13636",-4.40768444497054,-1.51265587014604,-0.259644497860051
"13637",-4.41022872796839,-1.5119929974804,-0.257942433574455
"13638",-4.41060720969262,-1.51189423610362,-0.257689076875992
"13639",-4.41090217698233,-1.51181723938696,-0.257491595940927
"13640",-4.41302198519137,-1.51126318195281,-0.256071633392996
"13641",-4.4148549813262,-1.51078307727109,-0.254842732398918
"13642",-4.41519074242567,-1.51069503173868,-0.254617520368367
"13643",-4.41619041773829,-1.51043270328654,-0.253946791504924
"13644",-4.41628280421465,-1.51040844568435,-0.253884790296743
"13645",-4.41790053563003,-1.50998329568412,-0.252798713193352
"13646",-4.41823623653063,-1.50989497939468,-0.252573241315964
"13647",-4.41978253630332,-1.50948776975741,-0.251534248589741
"13648",-4.42033332973375,-1.50934255897628,-0.251163988415346
"13649",-4.42045337880031,-1.50931089800131,-0.251083275905317
"13650",-4.42063338208073,-1.50926341748654,-0.250962246462865
"13651",-4.42123335754909,-1.50910509260822,-0.250558769890847
"13652",-4.42310141762241,-1.50861148915223,-0.249301841349969
"13653",-4.42502433370817,-1.50810236276503,-0.248006926817669
"13654",-4.42548723344824,-1.50797964580684,-0.247695041434802
"13655",-4.42573823704165,-1.50791307821058,-0.247525897641397
"13656",-4.42631544782271,-1.50775993098617,-0.247136861889865
"13657",-4.42760322540861,-1.5074179142517,-0.246268553942048
"13658",-4.42806298202574,-1.50729569517293,-0.245958435512521
"13659",-4.43004312852495,-1.50676861923087,-0.244622056199687
"13660",-4.43054152371735,-1.50663578092877,-0.244285511428944
"13661",-4.43101173066166,-1.50651039099256,-0.243967933337758
"13662",-4.43285637686674,-1.50601787255172,-0.242721423492072
"13663",-4.43335684995408,-1.50588407975096,-0.242383056928928
"13664",-4.43419074410452,-1.50566099406569,-0.241819100959242
"13665",-4.43485730212599,-1.50548253200976,-0.241368164138598
"13666",-4.43510769907885,-1.50541545879665,-0.241198732514749
"13667",-4.43519104155634,-1.50539313008377,-0.241142334507119
"13668",-4.43694057679068,-1.50492394514809,-0.239957942635368
"13669",-4.4370238567242,-1.50490158958268,-0.239901541417997
"13670",-4.43773959481022,-1.5047093759216,-0.239416723430435
"13671",-4.43777324825369,-1.50470033457825,-0.239393923902901
"13672",-4.43802299428846,-1.50463322761166,-0.239224715441854
"13673",-4.43902172278507,-1.50436468993085,-0.238547868491746
"13674",-4.43918813777518,-1.50431991656969,-0.238435058628859
"13675",-4.43927134101101,-1.50429752805911,-0.238378653479147
"13676",-4.43967864406467,-1.50418790142063,-0.238102504655418
"13677",-4.44058522372644,-1.50394372244101,-0.237487671329808
"13678",-4.44301254927146,-1.50328878264281,-0.235840271311874
"13679",-4.4439258421261,-1.5030419197987,-0.235219971732607
"13680",-4.44417530938688,-1.50297444710646,-0.23505049247467
"13681",-4.4455034979579,-1.50261491392023,-0.234147853319445
"13682",-4.44588486708796,-1.50251158546171,-0.23388857626248
"13683",-4.4470797801185,-1.50218756300949,-0.233075921208489
"13684",-4.44790899181262,-1.50196246478458,-0.232511725453814
"13685",-4.44807480019079,-1.50191743051865,-0.232398884569596
"13686",-4.44823195714013,-1.5018747386808,-0.232291923770528
"13687",-4.4485111528841,-1.50179887727168,-0.232101885187867
"13688",-4.44874585793219,-1.50173508716736,-0.231942111662744
"13689",-4.44882079783665,-1.50171471601587,-0.23189109344445
"13690",-4.44946679343654,-1.50153904560198,-0.231451236932992
"13691",-4.45033397063686,-1.50130303766267,-0.230860580655265
"13692",-4.45039492937676,-1.50128643914867,-0.230819051584072
"13693",-4.45047775012915,-1.50126388608091,-0.230762626886637
"13694",-4.45075068839266,-1.50118954770175,-0.230576662957298
"13695",-4.45320924949959,-1.50051895176833,-0.228900531100475
"13696",-4.45331644123875,-1.50048967427763,-0.22882741121806
"13697",-4.45568976152822,-1.49984058874517,-0.22720758090516
"13698",-4.45798575267854,-1.49921109122362,-0.225638903804206
"13699",-4.45802440984734,-1.49920047933319,-0.225612478583873
"13700",-4.45832423714552,-1.49911815807035,-0.22540750758642
"13701",-4.45908359074709,-1.49890955081219,-0.224888268296194
"13702",-4.45977670519503,-1.49871899352538,-0.224414169678858
"13703",-4.46015618358672,-1.49861460441303,-0.22415453997254
"13704",-4.46258013715826,-1.49794681505803,-0.222495096150001
"13705",-4.46426921653198,-1.4974804627468,-0.221337689354158
"13706",-4.4645162486514,-1.49741218737896,-0.221168342659923
"13707",-4.46484558540763,-1.49732113657861,-0.220942545075635
"13708",-4.46533950611642,-1.49718452400378,-0.220603844432075
"13709",-4.46624441641268,-1.49693405062012,-0.219983118667928
"13710",-4.46772536182348,-1.4965236147669,-0.218966719205878
"13711",-4.469780236031,-1.49595304770067,-0.217555308581481
"13712",-4.470294829276,-1.49580996809227,-0.217201652249107
"13713",-4.47074105947145,-1.49568583314487,-0.216894912858063
"13714",-4.47111050951659,-1.49558301285622,-0.216640905972376
"13715",-4.47115977761441,-1.49556929818553,-0.216607029653962
"13716",-4.47411786540122,-1.4947445453955,-0.214571705536942
"13717",-4.47437678318365,-1.49467223252331,-0.214393427863273
"13718",-4.4762017929347,-1.49416196372953,-0.213136232054781
"13719",-4.47857948002176,-1.49349568422466,-0.211496769921905
"13720",-4.48079682398694,-1.49287282088222,-0.209966291155822
"13721",-4.48120570328968,-1.49275780461341,-0.209683903743735
"13722",-4.48223611433079,-1.49246773252901,-0.20897203310633
"13723",-4.4826663202636,-1.4923465310389,-0.208674723148655
"13724",-4.4835434933878,-1.49209923466546,-0.20806834162312
"13725",-4.48403357587395,-1.49196096840612,-0.207729448086002
"13726",-4.48501343876404,-1.49168430573582,-0.207051645919615
"13727",-4.48705352662847,-1.49110736801806,-0.205639493512511
"13728",-4.48789059845459,-1.49087028278494,-0.205059695574788
"13729",-4.48799112795342,-1.49084179550912,-0.204990049097911
"13730",-4.48827648842545,-1.4907609157284,-0.20479233520102
"13731",-4.48909186792405,-1.49052967779308,-0.204227253998523
"13732",-4.49112846378799,-1.48995123555015,-0.202814927543331
"13733",-4.49194261366743,-1.48971964819754,-0.202249972654833
"13734",-4.49535899717231,-1.48874566895234,-0.199877010748293
"13735",-4.49544027969297,-1.48872245314353,-0.199820508678939
"13736",-4.49944380249958,-1.48757649763202,-0.197034960434011
"13737",-4.50136638069452,-1.48702445780644,-0.19569548481271
"13738",-4.50208752083484,-1.48681710347934,-0.195192759714568
"13739",-4.5025981920297,-1.48667017106077,-0.19483665845476
"13740",-4.50347346528824,-1.48641814924242,-0.194226121047868
"13741",-4.50476919863335,-1.48604463382225,-0.193321851071764
"13742",-4.50487153040564,-1.48601511328261,-0.193250412834565
"13743",-4.50498744116757,-1.48598167163606,-0.193169491040149
"13744",-4.5054977360234,-1.48583439670684,-0.192813183788254
"13745",-4.50569972537541,-1.48577607911359,-0.192672124344623
"13746",-4.50873295828701,-1.48489883687883,-0.190552306188751
"13747",-4.50894275226148,-1.48483805826801,-0.190405580592275
"13748",-4.51139025912185,-1.48412800416862,-0.188692809627814
"13749",-4.51188302494927,-1.48398482413002,-0.188347740184369
"13750",-4.51220552895907,-1.48389107569924,-0.188121858172763
"13751",-4.51279460734511,-1.48371975451773,-0.187709181646093
"13752",-4.51312539481948,-1.48362350512589,-0.187477401240063
"13753",-4.51358519269247,-1.48348966164927,-0.187155166146579
"13754",-4.5153512880848,-1.48297496077771,-0.185916824880726
"13755",-4.51588283202437,-1.48281986259871,-0.185543924486379
"13756",-4.51631826141703,-1.48269274462254,-0.185238385104951
"13757",-4.51707510486763,-1.48247165485941,-0.184707166054431
"13758",-4.51785619806466,-1.48224329593003,-0.184158733958933
"13759",-4.51833150902901,-1.48210424273473,-0.183824906238072
"13760",-4.51843325206351,-1.48207446853522,-0.183753439086862
"13761",-4.51881443113624,-1.48196289141421,-0.183485658722937
"13762",-4.51905585484814,-1.48189219966508,-0.183316033139836
"13763",-4.52018216974308,-1.48156216304393,-0.182524431003285
"13764",-4.52026260006907,-1.48153858006451,-0.182467886980434
"13765",-4.52034302763038,-1.48151499589392,-0.182411342822557
"13766",-4.52174981356127,-1.48110215322911,-0.18142197334414
"13767",-4.52179025105844,-1.48109027716831,-0.18139352490389
"13768",-4.52217568626522,-1.48097705352859,-0.181122338522798
"13769",-4.52299558665016,-1.48073605022107,-0.180545309933971
"13770",-4.52307592025599,-1.48071242556921,-0.180488761191614
"13771",-4.52395940763605,-1.4804524758606,-0.179866716140952
"13772",-4.52593365843296,-1.47987071296541,-0.178475777457285
"13773",-4.52604632251334,-1.47983747709037,-0.1783963631533
"13774",-4.5278985622055,-1.47929050027953,-0.177090174081664
"13775",-4.52813137201591,-1.47922167461104,-0.176925919406012
"13776",-4.52877230243473,-1.47903210874838,-0.176473632112154
"13777",-4.53007552195531,-1.47864626451532,-0.175553574936332
"13778",-4.53075883518594,-1.47844374397812,-0.175070944058161
"13779",-4.53117539923007,-1.47832021102746,-0.174776646434119
"13780",-4.53280767200887,-1.47783563401031,-0.173622921694657
"13781",-4.53477502285417,-1.47725047251559,-0.172231204838304
"13782",-4.53482264218211,-1.47723629375764,-0.172197502984873
"13783",-4.5351957336356,-1.477125180344,-0.171933427604833
"13784",-4.53580554860608,-1.4769434722981,-0.171501700762832
"13785",-4.53675609415488,-1.47666000302605,-0.17082850695176
"13786",-4.53715536673124,-1.47654084829266,-0.170545646743243
"13787",-4.53860847523046,-1.47610677447889,-0.16951576803299
"13788",-4.53935811311818,-1.47588258211815,-0.168984198028709
"13789",-4.53965324947855,-1.47579426784393,-0.168774865609386
"13790",-4.54052282345595,-1.47553390377243,-0.168157933690565
"13791",-4.5412613371244,-1.47531259393259,-0.167633789526607
"13792",-4.54251525112656,-1.47493644013608,-0.166743440633295
"13793",-4.54325312777302,-1.47471485698464,-0.166219265337741
"13794",-4.54417504299909,-1.47443776541045,-0.165564100147173
"13795",-4.54426716557865,-1.47441006219663,-0.16549861723121
"13796",-4.54498347428188,-1.47419456131691,-0.164989352525736
"13797",-4.54530176222605,-1.47409875251283,-0.164763009157187
"13798",-4.54538132733948,-1.47407479736668,-0.164706422978511
"13799",-4.54713106440709,-1.47354748621551,-0.16346149297909
"13800",-4.54752854640574,-1.47342756331411,-0.163178545250478
"13801",-4.54943550376735,-1.47285152402719,-0.161820349249126
"13802",-4.55366202486277,-1.47157068333737,-0.158805782573997
"13803",-4.55435448753556,-1.47136029042107,-0.158311316538826
"13804",-4.55463944665914,-1.4712736659876,-0.158107789645843
"13805",-4.55617658817922,-1.47080594419388,-0.157009446543458
"13806",-4.55657250490918,-1.47068535213332,-0.156726421860647
"13807",-4.55739545729742,-1.47043452892546,-0.156137959047657
"13808",-4.55888295417324,-1.46998061211017,-0.155073729515459
"13809",-4.56031163727729,-1.4695439742399,-0.154050879552919
"13810",-4.56075257689956,-1.46940908072996,-0.153735055232885
"13811",-4.56079628367091,-1.46939570642581,-0.153703746567517
"13812",-4.56234507935408,-1.46892137723161,-0.152593876029318
"13813",-4.5631347049916,-1.46867925190544,-0.152027717615724
"13814",-4.56315016087501,-1.4686745106169,-0.152016633712447
"13815",-4.56347391526495,-1.46857517715551,-0.151784440675372
"13816",-4.56516245199174,-1.46805655712062,-0.15057286765922
"13817",-4.56520727170647,-1.46804277858695,-0.150540695123046
"13818",-4.56526532516688,-1.46802493075457,-0.150499022115995
"13819",-4.56578559535858,-1.46786493142672,-0.150125501300546
"13820",-4.56589623639148,-1.46783089458482,-0.150046056293169
"13821",-4.56591705265426,-1.46782449037187,-0.150031108860831
"13822",-4.56621162624761,-1.46773384853189,-0.149819570121768
"13823",-4.5677091294892,-1.46727262526515,-0.14874373111751
"13824",-4.56818181981486,-1.46712688848576,-0.148403982290081
"13825",-4.56918956337841,-1.46681594612115,-0.147679407877135
"13826",-4.57188868209049,-1.46598150316043,-0.145737023343994
"13827",-4.57226197423897,-1.46586591232743,-0.145468193473466
"13828",-4.57229759679522,-1.46585487934891,-0.145442537070603
"13829",-4.57307599184929,-1.46561369273045,-0.144881806253415
"13830",-4.57423926328524,-1.46525288443708,-0.144043437475072
"13831",-4.57556208652138,-1.46484205314472,-0.143089518011417
"13832",-4.57565261713066,-1.46481391606671,-0.143024212342733
"13833",-4.57671238883096,-1.4644843383451,-0.142259520792267
"13834",-4.57842243942873,-1.4639517578812,-0.141024800593373
"13835",-4.57996705431601,-1.46346987945629,-0.139908668063144
"13836",-4.5822384346126,-1.46275985087705,-0.138265886388437
"13837",-4.58231638606777,-1.46273545340519,-0.138209476236752
"13838",-4.58259818036758,-1.46264723998141,-0.138005536202106
"13839",-4.58294287845501,-1.46253929960485,-0.137756034202978
"13840",-4.58382421644429,-1.46226313591794,-0.137117910836681
"13841",-4.5847421184781,-1.46197524375131,-0.136453028246772
"13842",-4.58646177868227,-1.46143514106641,-0.135206606927025
"13843",-4.58773222610766,-1.46103549951135,-0.134285119579614
"13844",-4.5883047057357,-1.4608552420746,-0.1338697026178
"13845",-4.59064563502449,-1.46011702476065,-0.132169833144626
"13846",-4.59331129895115,-1.45927419480857,-0.130231831187217
"13847",-4.59387241412238,-1.45909648141355,-0.129823570661938
"13848",-4.59472889720003,-1.45882501928403,-0.12920019163278
"13849",-4.59558505034127,-1.45855341833749,-0.128576795958388
"13850",-4.59602823458433,-1.45841272954374,-0.128253996750748
"13851",-4.59682977512088,-1.45815811474364,-0.127670008887187
"13852",-4.59784060018622,-1.45783671455738,-0.126933218438069
"13853",-4.59939481634004,-1.45734187482465,-0.125799649208638
"13854",-4.60261601022023,-1.45631372741556,-0.123447556802318
"13855",-4.60555397782818,-1.45537295431376,-0.121299074757329
"13856",-4.60582098890903,-1.45528731068098,-0.121103662726524
"13857",-4.60657630970569,-1.45504491243673,-0.120550744171196
"13858",-4.60660728205711,-1.45503496867304,-0.120528067110699
"13859",-4.60668503843377,-1.45501000334204,-0.120471134636795
"13860",-4.6069173089925,-1.45493541586835,-0.120301055561221
"13861",-4.60753625012637,-1.45473657097864,-0.119847745006357
"13862",-4.60761397370463,-1.45471159191667,-0.119790810865649
"13863",-4.60812439381601,-1.45454750092281,-0.119416864036799
"13864",-4.60919967062581,-1.45420153159891,-0.118628784740201
"13865",-4.60931600322571,-1.45416407834526,-0.118543498866905
"13866",-4.609800375388,-1.45400808579799,-0.118188343455753
"13867",-4.61241461662981,-1.45316479940417,-0.116270056565529
"13868",-4.61247230067335,-1.45314616597439,-0.116227701299772
"13869",-4.61331796860792,-1.45287286413304,-0.115606621030068
"13870",-4.6144141678568,-1.45251823516197,-0.11480116045659
"13871",-4.6154169478309,-1.45219347085745,-0.114063961933842
"13872",-4.61564829286842,-1.45211849803077,-0.113893835863348
"13873",-4.62011611194576,-1.4506670194334,-0.110604485794582
"13874",-4.6206547067088,-1.45049158353161,-0.110207463596695
"13875",-4.62080856617744,-1.45044144881372,-0.110094027428842
"13876",-4.62343753448802,-1.44958355195707,-0.108154422496868
"13877",-4.62495860875936,-1.44908610374067,-0.107031040006362
"13878",-4.62511215967583,-1.44903584258283,-0.106917588210532
"13879",-4.62526569955366,-1.44898557691524,-0.106804135855868
"13880",-4.62559300891533,-1.44887839571811,-0.106562254158796
"13881",-4.6256952279299,-1.44884491536336,-0.106486706160237
"13882",-4.62613266794792,-1.44870159752459,-0.106163359425525
"13883",-4.62634016950724,-1.44863359100349,-0.106009953721831
"13884",-4.62703061432521,-1.44840719773222,-0.105499393595532
"13885",-4.62864078145211,-1.44787859209191,-0.104308042571416
"13886",-4.62933047959965,-1.44765189490448,-0.103797444666566
"13887",-4.62985877240261,-1.447478138599,-0.103406218494312
"13888",-4.63093857920994,-1.44712268724302,-0.102606245347389
"13889",-4.63287472297972,-1.44648433166171,-0.101170762668241
"13890",-4.63417226156786,-1.4460557964899,-0.10020796203222
"13891",-4.63501299049971,-1.44577781714984,-0.0995837849152245
"13892",-4.6372840260815,-1.44502568428571,-0.0978963782422532
"13893",-4.6378182807906,-1.44484848462688,-0.0974991365084858
"13894",-4.63926738977061,-1.44436734495132,-0.0964211141627567
"13895",-4.63963340267088,-1.44424570295869,-0.0961487030111026
"13896",-4.63980113709695,-1.44418994177217,-0.0960238468154938
"13897",-4.64096736626242,-1.44380196978275,-0.0951554456540509
"13898",-4.64348787380897,-1.44296182814059,-0.0932768379198168
"13899",-4.64378466037458,-1.44286275477072,-0.0930554736439416
"13900",-4.64444689091846,-1.44264157637415,-0.0925614132740155
"13901",-4.64505535557349,-1.44243821827893,-0.0921073161547014
"13902",-4.64652981609106,-1.44194488645968,-0.0910063331214222
"13903",-4.64738075602223,-1.44165982351741,-0.090370551257083
"13904",-4.64779122596499,-1.44152222491505,-0.0900637671903212
"13905",-4.64862646082486,-1.44124205044335,-0.0894393128910381
"13906",-4.64877828518648,-1.44119109517725,-0.0893257739058287
"13907",-4.64915779690917,-1.44106368756133,-0.0890419239654143
"13908",-4.654539269576,-1.43925150428223,-0.0850108724494997
"13909",-4.65506906768604,-1.43907253564732,-0.0846134061004547
"13910",-4.65575003336814,-1.43884235339684,-0.0841023677091585
"13911",-4.65711095841819,-1.4383818282354,-0.0830804965065209
"13912",-4.65779155689225,-1.43815126889395,-0.0825691834530822
"13913",-4.65841600137484,-1.43793958499429,-0.0820998953664057
"13914",-4.66012511653001,-1.43735948072641,-0.0808146521145174
"13915",-4.66059307711446,-1.43720046188074,-0.0804625456699714
"13916",-4.66073678166891,-1.4371516133301,-0.0803544008401327
"13917",-4.66247168768211,-1.43656128594778,-0.079048145409801
"13918",-4.66292402488512,-1.43640719158161,-0.0787073707168982
"13919",-4.66465703648589,-1.43581612912019,-0.0774010201337853
"13920",-4.66478475050089,-1.43577252750439,-0.0773047009668524
"13921",-4.66480766206442,-1.43576470485712,-0.0772874208616232
"13922",-4.66623803734582,-1.43527595484042,-0.0762081992757584
"13923",-4.6665913902891,-1.43515510110041,-0.0759414661692099
"13924",-4.66781778229892,-1.43473529561332,-0.0750153153818773
"13925",-4.67207649132001,-1.43327320628795,-0.0717944538083545
"13926",-4.67442397368576,-1.4324644127292,-0.0700158770531089
"13927",-4.67451870044008,-1.43243173305697,-0.0699440594381309
"13928",-4.67464879422749,-1.43238684673001,-0.0698454220787054
"13929",-4.6760720584574,-1.43189536683361,-0.0687658438869439
"13930",-4.67863100691262,-1.43100981858245,-0.0668227126586742
"13931",-4.67863610847431,-1.43100805070101,-0.0668188360825853
"13932",-4.67906501717926,-1.43085938308662,-0.0664928780542531
"13933",-4.6801861910174,-1.43047043902046,-0.0656404565042951
"13934",-4.68115735120034,-1.4301331557585,-0.0649016649448346
"13935",-4.68170963235616,-1.42994119128219,-0.0644813514942472
"13936",-4.68362041699544,-1.42927614855031,-0.0630261615639958
"13937",-4.68384417632873,-1.42919818003849,-0.0628556534664033
"13938",-4.68421705082519,-1.42906821076779,-0.0625714704168401
"13939",-4.68459699320942,-1.42893572405767,-0.0622818403265374
"13940",-4.68526793727387,-1.42870163159259,-0.0617702308101349
"13941",-4.68619176522513,-1.42837903001166,-0.0610654803309647
"13942",-4.68631848024631,-1.42833475587583,-0.0609687864547447
"13943",-4.68734634515152,-1.42797539632658,-0.0601841902334212
"13944",-4.68749523193382,-1.427923309766,-0.0600705038648454
"13945",-4.68822429514434,-1.42766813305727,-0.0595136726683859
"13946",-4.68844751852324,-1.42758996319631,-0.0593431377840793
"13947",-4.69113933818747,-1.42664583385789,-0.0572850074028478
"13948",-4.69128792930089,-1.42659363670136,-0.0571713063162891
"13949",-4.69215672457217,-1.42628827738949,-0.0565063195021872
"13950",-4.69232774181012,-1.4262281352825,-0.0563753825917492
"13951",-4.69381220002968,-1.42570562223415,-0.0552382998184836
"13952",-4.69411605657328,-1.42559856411993,-0.0550054311714603
"13953",-4.69469065385525,-1.42539601893784,-0.0545649641527859
"13954",-4.69485062832708,-1.42533960551417,-0.0544423077075849
"13955",-4.69553745658816,-1.42509729071917,-0.0539155734952608
"13956",-4.69566582242077,-1.42505198283531,-0.0538171060486787
"13957",-4.69759229676624,-1.42437125522182,-0.0523384790899548
"13958",-4.69811054151666,-1.42418788736584,-0.0519404354318175
"13959",-4.69867273229291,-1.42398885315046,-0.0515085062757322
"13960",-4.69914628879656,-1.42382110371391,-0.0511445675818733
"13961",-4.70010814447124,-1.42348011561197,-0.0504050586592549
"13962",-4.70107627114162,-1.42313654267084,-0.0496603196274014
"13963",-4.70187430129927,-1.42285306101475,-0.0490461196866328
"13964",-4.7020589818015,-1.4227874223287,-0.0489039414098226
"13965",-4.70313715004646,-1.4224039577953,-0.0480736025328925
"13966",-4.70339552215438,-1.42231199721759,-0.0478745441936878
"13967",-4.70403760568673,-1.4220833522977,-0.0473797345045366
"13968",-4.70424451799453,-1.42200963691524,-0.0472202426260877
"13969",-4.70505593911281,-1.42172039565587,-0.046594601440845
"13970",-4.70901173018152,-1.420306613605,-0.0435403296742945
"13971",-4.70984343566675,-1.42000858386624,-0.0428972814423837
"13972",-4.71021118906455,-1.41987671781301,-0.0426128475181122
"13973",-4.71131400656051,-1.41948095846289,-0.0417595246319362
"13974",-4.71142394099894,-1.41944148083825,-0.0416744311599423
"13975",-4.71299215446359,-1.4188778124364,-0.0404599818718476
"13976",-4.71351764734351,-1.4186887147864,-0.0400527839887685
"13977",-4.71373755465559,-1.41860954902921,-0.0398823435531376
"13978",-4.71498526201342,-1.41816001568251,-0.0389148867527411
"13979",-4.71557197614536,-1.41794841590397,-0.0384597121736418
"13980",-4.71564530207517,-1.41792196110619,-0.0384028147216066
"13981",-4.71608519539683,-1.41776320980426,-0.0380614270723201
"13982",-4.71630510202691,-1.41768381968072,-0.0378907313601178
"13983",-4.71767494167164,-1.41718884912065,-0.0368269403498473
"13984",-4.72022197360923,-1.41626652210078,-0.0348466875250003
"13985",-4.72062450136265,-1.41612052122118,-0.0345334604710395
"13986",-4.72223247450595,-1.41553664270935,-0.0332814727297633
"13987",-4.72225176066857,-1.4155296333001,-0.033266449059773
"13988",-4.7224516318315,-1.4154569828105,-0.0331107419219852
"13989",-4.72447360760069,-1.41472111438112,-0.031534509182144
"13990",-4.72462682820018,-1.41466528457832,-0.0314149888158329
"13991",-4.72556045933994,-1.41432488679903,-0.0306864705360568
"13992",-4.72623849354416,-1.4140774568191,-0.0301571422695551
"13993",-4.7282859131307,-1.41332917242818,-0.0285574608534859
"13994",-4.72834727076918,-1.41330672127443,-0.0285094909379885
"13995",-4.7285913761209,-1.41321738634614,-0.0283186298824674
"13996",-4.72872271239046,-1.41316931131375,-0.0282159291578091
"13997",-4.72879550177775,-1.41314266406293,-0.0281590067266287
"13998",-4.7299597241964,-1.4127161630804,-0.0272482291153956
"13999",-4.73042489063816,-1.41254559908008,-0.0268841489254304
"14000",-4.73158077042742,-1.41212138516854,-0.0259790148508582
"14001",-4.73221321867739,-1.41188904127491,-0.0254834974029942
"14002",-4.73352037400717,-1.41140830747784,-0.0244587540012734
"14003",-4.73642167114962,-1.41033877628916,-0.0221813878033813
"14004",-4.73767237973585,-1.40987664154869,-0.0211984096976209
"14005",-4.73844940179407,-1.4095892060414,-0.0205873423837356
"14006",-4.73917343276419,-1.40932114689962,-0.0200176878280622
"14007",-4.73980983652269,-1.4090853497803,-0.019516768818275
"14008",-4.74127052431563,-1.40854350386204,-0.0183663110640574
"14009",-4.7419494192854,-1.4082913623493,-0.0178312535443377
"14010",-4.74306879271287,-1.40787520547413,-0.0169485546636203
"14011",-4.74326370582392,-1.40780268759689,-0.0167947908898889
"14012",-4.74413693358965,-1.40747760522666,-0.0161056892846647
"14013",-4.74423103007409,-1.40744255615974,-0.0160314115786145
"14014",-4.74554818365579,-1.40695155129411,-0.0149912267511368
"14015",-4.745673327657,-1.40690486241774,-0.0148923538072139
"14016",-4.74617784457564,-1.40671656959071,-0.0144936708465306
"14017",-4.74697035573229,-1.4064205761249,-0.0138671557193093
"14018",-4.74797847362647,-1.40604367208929,-0.0130697492867888
"14019",-4.74863312583629,-1.40579868725863,-0.0125516618349882
"14020",-4.74905793737669,-1.40563961640808,-0.012215356026856
"14021",-4.74963337091063,-1.40542402282592,-0.0117596672737241
"14022",-4.75094635314345,-1.40493156962129,-0.0107192982920657
"14023",-4.75128665450829,-1.40480381473919,-0.0104495143282949
"14024",-4.75150218111029,-1.40472287685507,-0.0102786195921367
"14025",-4.75200496957322,-1.40453398485133,-0.00987986052655401
"14026",-4.75222040449894,-1.40445301530585,-0.00970896177872371
"14027",-4.75350115239147,-1.40397124638094,-0.00869250317230241
"14028",-4.75353137808415,-1.40395986813961,-0.00866850487412182
"14029",-4.75415808113875,-1.40372386218764,-0.00817081902586452
"14030",-4.75552029677203,-1.40321029376039,-0.0070883642065341
"14031",-4.75695301799374,-1.4026692846296,-0.0059488865285265
"14032",-4.75807654713141,-1.4022444119829,-0.00505460059619784
"14033",-4.7585276028683,-1.40207368833915,-0.00469540030823282
"14034",-4.75927828712443,-1.40178936158551,-0.00409736410795561
"14035",-4.76274307868185,-1.4004738957036,-0.00133346637024639
"14036",-4.76281443619701,-1.40044674907321,-0.00127648055022227
"14037",-4.76345651712325,-1.40020238218986,-0.000763602369211699
"14038",-4.76395574331116,-1.40001226032102,-0.000364689908542458
"14039",-4.76402704919173,-1.39998509585943,-0.000307701899963344
"14040",-4.76445482071956,-1.3998220870721,3.42288479908577e-05
"14041",-4.76466866550345,-1.39974056852594,0.000205195953996212
"14042",-4.76673442399308,-1.39895206972289,0.00185793732447207
"14043",-4.76676259836372,-1.39894130275609,0.00188049351209958
"14044",-4.76723267328173,-1.39876161046559,0.00225689096061199
"14045",-4.76751732048729,-1.39865275357542,0.00248486726257392
"14046",-4.76913858348871,-1.3980320648168,0.00378412988575797
"14047",-4.76938026078318,-1.39793944222032,0.00397792114384888
"14048",-4.77532614864959,-1.39565263602602,0.00875500436274943
"14049",-4.77539697034959,-1.3956253043099,0.00881201252441214
"14050",-4.77891977986091,-1.3942629832839,0.0116509333674644
"14051",-4.77999391744831,-1.3938465092779,0.012517806343621
"14052",-4.78021960160875,-1.39375894018451,0.0127000176450934
"14053",-4.78057271795684,-1.3936218801272,0.0129851665075229
"14054",-4.78140580453872,-1.39329830364421,0.0136581541722569
"14055",-4.78204076149245,-1.39305147554013,0.0141713264686659
"14056",-4.78280922076008,-1.39275251165945,0.0147926716029149
"14057",-4.78309848239963,-1.39263990848108,0.0150266353029465
"14058",-4.78429641620043,-1.39217318355853,0.0159960179495053
"14059",-4.78450772626538,-1.39209078921982,0.0161670890637482
"14060",-4.78697101651054,-1.39112883266251,0.018162997889057
"14061",-4.78895755013393,-1.39035108591525,0.0197748850155393
"14062",-4.78921995661789,-1.390248219401,0.0199879556357706
"14063",-4.78939522907474,-1.39017949331727,0.0201302943695913
"14064",-4.78966205881063,-1.3900748403105,0.020347017209726
"14065",-4.78990076460394,-1.38998119075366,0.0205409285522747
"14066",-4.78992212206818,-1.38997281050501,0.0205582796058108
"14067",-4.79048363915173,-1.38975240895009,0.0210145472038431
"14068",-4.79281860314718,-1.38883439367827,0.0229135999618565
"14069",-4.79442738827484,-1.38820045780333,0.0242236866929634
"14070",-4.79493360529321,-1.38800074387701,0.0246361936670873
"14071",-4.79532549222008,-1.38784605643094,0.0249556265401694
"14072",-4.79615823738791,-1.38751712142394,0.0256346745215752
"14073",-4.79630480071446,-1.38745919641362,0.0257542244240366
"14074",-4.79685744844294,-1.38724069079919,0.0262051128886403
"14075",-4.79901583455391,-1.38638598661639,0.0279675980128516
"14076",-4.80132535424802,-1.38546909780205,0.0298561866699666
"14077",-4.80181329299165,-1.38527507434663,0.0302555508024163
"14078",-4.80494657095871,-1.38402657969833,0.0328230217691235
"14079",-4.80571127640553,-1.38372119367731,0.0334504185598268
"14080",-4.8064250605642,-1.38343590215062,0.0340363145991831
"14081",-4.80876798676527,-1.38249782285545,0.0359613445829774
"14082",-4.80937828967962,-1.38225305210291,0.0364632655202661
"14083",-4.80956566435341,-1.38217786851652,0.036617404266861
"14084",-4.81015537463173,-1.38194114367923,0.0371026345023351
"14085",-4.81029404843198,-1.3818854532681,0.0372167658708101
"14086",-4.81105654322716,-1.38157908293461,0.0378444960964444
"14087",-4.81161086057108,-1.38135619049671,0.03830103533649
"14088",-4.81166598898675,-1.38133401549089,0.038346448326023
"14089",-4.81344539576638,-1.38061751047015,0.0398131291496643
"14090",-4.8135494846431,-1.38057555233971,0.0398989765876255
"14091",-4.81401965204746,-1.38038596602108,0.0402868193101833
"14092",-4.81465623231684,-1.38012911421767,0.0408121233343129
"14093",-4.81714365890757,-1.37912367436588,0.0428668023402266
"14094",-4.81781991783132,-1.37884982931257,0.0434259784009082
"14095",-4.81813037043382,-1.3787240432784,0.0436827628697577
"14096",-4.81873085269495,-1.37848061909323,0.044179585032353
"14097",-4.81895816137283,-1.37838842877585,0.0443677039702133
"14098",-4.82093653766899,-1.37758503845616,0.0460061566823003
"14099",-4.82171222308522,-1.37726954675159,0.0466491344440333
"14100",-4.82203825346187,-1.37713685793951,0.0469194820976772
"14101",-4.82458309786444,-1.37609944528409,0.0490316473370712
"14102",-4.82476835521896,-1.37602380648979,0.0491855423649902
"14103",-4.82616300832669,-1.37545386749665,0.0503446848933742
"14104",-4.82657490444855,-1.37528536776001,0.0506872251925794
"14105",-4.82767248967551,-1.3748359757606,0.0516004422208605
"14106",-4.82780281270596,-1.37478257914541,0.051708917110536
"14107",-4.82858235068621,-1.37446301632869,0.0523579594746601
"14108",-4.82986599779702,-1.37393617719028,0.0534274356487945
"14109",-4.83000328246429,-1.37387978642489,0.0535418675374039
"14110",-4.8315094583207,-1.37326052995366,0.0547979885872997
"14111",-4.83151601200069,-1.37325783310714,0.0548034568995479
"14112",-4.8332121889219,-1.37255917404576,0.0562195046596599
"14113",-4.83424406857429,-1.37213347712423,0.0570817239998001
"14114",-4.83461292503756,-1.37198118538472,0.0573900726128057
"14115",-4.8348590712996,-1.37187952196752,0.0575958813472001
"14116",-4.8364289448245,-1.37123045984765,0.0589092566496749
"14117",-4.84172086960504,-1.36903394944287,0.0633462997029831
"14118",-4.84337271441367,-1.36834561106141,0.0647343743909202
"14119",-4.84376956792378,-1.36818004644897,0.0650680752528569
"14120",-4.84391607026972,-1.36811890783096,0.0651912854951732
"14121",-4.84411978196451,-1.36803387763289,0.0653626285892099
"14122",-4.84416023413824,-1.36801699037347,0.0653966557922043
"14123",-4.84452712891509,-1.36786379026727,0.0657053171080275
"14124",-4.84568722244243,-1.36737896404453,0.0666817548157654
"14125",-4.84574855905517,-1.36735331252428,0.0667334011939362
"14126",-4.84601986374006,-1.36723982912114,0.0669618680740598
"14127",-4.84605348687915,-1.36722576255049,0.0669901850102061
"14128",-4.84658239036602,-1.36700442016404,0.0674356996477355
"14129",-4.84818867913735,-1.36633138772957,0.0687896515838665
"14130",-4.84820193878526,-1.3663258268737,0.0688008339689637
"14131",-4.84920432114198,-1.36590520478805,0.0696464544070332
"14132",-4.85042225989016,-1.36539348985272,0.070674642098659
"14133",-4.85150411228748,-1.3649383618438,0.0715886087053541
"14134",-4.85157170435867,-1.36490990790233,0.0716457322995805
"14135",-4.85217990767005,-1.36465377776392,0.0721598482311755
"14136",-4.85238259200757,-1.36456838318947,0.0723312216371236
"14137",-4.85337509814963,-1.3641499411767,0.0731707200267076
"14138",-4.85474539599961,-1.36357145385414,0.0743306302002061
"14139",-4.8552069435056,-1.36337640561606,0.0747215391958227
"14140",-4.85624664380049,-1.36293666188313,0.0756025311902771
"14141",-4.85717217282921,-1.36254477555947,0.0763872630758837
"14142",-4.85771097153751,-1.3623164508432,0.0768443058709768
"14143",-4.85851883981892,-1.36197384526987,0.0775298789752309
"14144",-4.8590571991266,-1.36174536259723,0.0779869336077498
"14145",-4.86107448617258,-1.36088799054251,0.0797009299221226
"14146",-4.86233040153326,-1.36035323445518,0.0807691119506332
"14147",-4.86335777720907,-1.35991523089814,0.081643536618385
"14148",-4.86342488525112,-1.35988660311016,0.0817006733339334
"14149",-4.86362619309658,-1.35980071384985,0.0818720838958537
"14150",-4.86436411308605,-1.35948571091403,0.0825005945958063
"14151",-4.86453819907022,-1.35941135943438,0.082648911274974
"14152",-4.86498745176122,-1.35921941870551,0.0830317366752035
"14153",-4.86697773835174,-1.35836792541592,0.0847290168714254
"14154",-4.86704470044182,-1.35833924463965,0.0847861572408466
"14155",-4.8685171862057,-1.35770801979503,0.0860432619643101
"14156",-4.86878448842651,-1.35759332213006,0.0862715882168632
"14157",-4.86958726923322,-1.35724864969247,0.0869575396499633
"14158",-4.87056952163702,-1.35682650431996,0.0877973050294348
"14159",-4.87084345909374,-1.35670869157273,0.0880315951292397
"14160",-4.87125790322644,-1.35653038299328,0.0883861311088126
"14161",-4.87152504989624,-1.35641540368179,0.0886147093766489
"14162",-4.87279341496464,-1.35586903877465,0.0897004696312161
"14163",-4.87418055969333,-1.35527063120579,0.0908888749152544
"14164",-4.87426085049511,-1.35523596609256,0.0909576931387387
"14165",-4.87436057430618,-1.35519290661051,0.0910431723325377
"14166",-4.87511688925246,-1.35486618523223,0.0916916242508634
"14167",-4.87550688149676,-1.35469760558999,0.0920261141539034
"14168",-4.87587992919529,-1.35453628269109,0.0923461454684605
"14169",-4.8763328045166,-1.35434034961118,0.0927347573700078
"14170",-4.8764792969179,-1.35427694987493,0.0928604853219095
"14171",-4.87696536936725,-1.35406651171733,0.0932777401776554
"14172",-4.87716497825786,-1.3539800612921,0.093449124427654
"14173",-4.87719188246438,-1.35396840765394,0.0934722259790181
"14174",-4.87735798382925,-1.35389645271242,0.093614858860694
"14175",-4.87984518852172,-1.35281742642912,0.0957523684687221
"14176",-4.87991848976038,-1.35278558138026,0.0958154126717218
"14177",-4.88084851934238,-1.35238131629727,0.0966155463740269
"14178",-4.88091493046648,-1.352352432958,0.0966726991854091
"14179",-4.88118054890855,-1.35223688992192,0.096901310965922
"14180",-4.88146576153966,-1.35211278605848,0.0971468279083756
"14181",-4.88184441277738,-1.35194796459867,0.097472844141056
"14182",-4.88250110133359,-1.3516619554912,0.0980384255012817
"14183",-4.88721216342519,-1.34960410993056,0.102102451929816
"14184",-4.88780753663569,-1.3493432912378,0.102616872763498
"14185",-4.89111139342134,-1.34789288057696,0.105474834884659
"14186",-4.89130942219187,-1.34780577960651,0.10564631621097
"14187",-4.89177140040025,-1.3476025104436,0.106046440848249
"14188",-4.89190337132302,-1.34754442491089,0.106160762567687
"14189",-4.89368398669385,-1.34675989512277,0.107704122659418
"14190",-4.89414532675015,-1.34655638457771,0.108104258098658
"14191",-4.89427711547715,-1.34649823009698,0.10821858288496
"14192",-4.89539691257745,-1.34600376257569,0.109190350215506
"14193",-4.89542297354338,-1.34599224774692,0.109212973756383
"14194",-4.89774584684443,-1.3449646054449,0.111230857230114
"14195",-4.89954043898007,-1.34416891862219,0.112791703292911
"14196",-4.89967181803411,-1.34411060767715,0.11290603429697
"14197",-4.90032856536806,-1.34381899588355,0.113477691313782
"14198",-4.90162136115353,-1.34324436600904,0.11460362331544
"14199",-4.90177254456198,-1.34317711539793,0.114735348041414
"14200",-4.90177882797252,-1.34317432012702,0.114740822968005
"14201",-4.90301866531524,-1.34262239432403,0.115821517916863
"14202",-4.90347754105007,-1.34241793711285,0.116221688366694
"14203",-4.90552764454573,-1.34150327732777,0.118010796133892
"14204",-4.90670363080731,-1.34097771410902,0.119038008995612
"14205",-4.90740591434177,-1.34066354456065,0.119651772144135
"14206",-4.90951685409227,-1.33971781301753,0.121498091695418
"14207",-4.91171723397805,-1.33872978990169,0.12342495101086
"14208",-4.91302167968859,-1.3381429950214,0.124568352050056
"14209",-4.91321699081155,-1.33805506753247,0.124739620894757
"14210",-4.91443567984424,-1.33750602241618,0.125808705817017
"14211",-4.91597048796065,-1.33681357658164,0.127156113039421
"14212",-4.91653907123766,-1.33655677632701,0.127655556358017
"14213",-4.91699454085696,-1.33635095567176,0.12805575119645
"14214",-4.9181652379741,-1.33582149247597,0.12908482478918
"14215",-4.91974424460449,-1.33510636235658,0.130473834127246
"14216",-4.91978999335214,-1.33508562565036,0.130514095469339
"14217",-4.92154315725495,-1.33429023586307,0.132057708422542
"14218",-4.92193252897063,-1.33411339052593,0.132400733407872
"14219",-4.92251643706426,-1.3338480598201,0.132915270707159
"14220",-4.92310016626151,-1.3335826539166,0.133429807723397
"14221",-4.92431866287766,-1.33302813287128,0.134504375380579
"14222",-4.92595139605429,-1.33228403304882,0.135945315399428
"14223",-4.92627513251239,-1.33213634909207,0.136231167597628
"14224",-4.92792507470704,-1.33138292655313,0.137688768036291
"14225",-4.9289277376052,-1.33092446952539,0.138575145339561
"14226",-4.92908262697828,-1.33085360725415,0.138712111392652
"14227",-4.92912168910955,-1.33083573451218,0.138746655072196
"14228",-4.92957416799491,-1.33062865389234,0.139146843943175
"14229",-4.9317959950729,-1.32961047024413,0.141113233260931
"14230",-4.93448013803637,-1.32837744924994,0.143491696589765
"14231",-4.93686421980546,-1.32727955086843,0.145606908429216
"14232",-4.93717605188363,-1.3271357600301,0.145883754835201
"14233",-4.93789430509195,-1.32680439635054,0.146521583497895
"14234",-4.93893646431825,-1.32632319000387,0.147447442791377
"14235",-4.93952822611382,-1.32604973445318,0.147973373182808
"14236",-4.94080765031399,-1.32545797447203,0.149110974291221
"14237",-4.94273289533347,-1.32456613942585,0.150824108710712
"14238",-4.94297251108699,-1.324455026858,0.151037433928241
"14239",-4.94419233695536,-1.32388898625483,0.15212379186773
"14240",-4.94509664580266,-1.32346893249558,0.152929553640751
"14241",-4.94632145389673,-1.32289943206768,0.154021425730027
"14242",-4.94641753482134,-1.32285472932072,0.15410710444563
"14243",-4.94673160578194,-1.32270857594638,0.154387198846328
"14244",-4.94677443237329,-1.32268864317651,0.154425395532265
"14245",-4.94707794207769,-1.32254735767518,0.154696114813757
"14246",-4.94784677506911,-1.32218928084954,0.155382053008294
"14247",-4.94803894011652,-1.32209974133023,0.155553536549355
"14248",-4.94856383256307,-1.32185508478752,0.156022014429819
"14249",-4.94874339794266,-1.32177136028799,0.156182306014428
"14250",-4.95051606012765,-1.32094408037669,0.157765394867922
"14251",-4.95059950119839,-1.32090510570287,0.157839943582483
"14252",-4.95082313554189,-1.32080063290662,0.158039758818968
"14253",-4.95250495716171,-1.32001425877669,0.159543088535756
"14254",-4.95377014126662,-1.3194218851628,0.160674735535394
"14255",-4.95488170457856,-1.31890086788436,0.161669493973982
"14256",-4.95500940372691,-1.31884097801012,0.161783805153985
"14257",-4.9554562929848,-1.31863133525319,0.162183892484343
"14258",-4.95574326168417,-1.31849666842481,0.162440848312137
"14259",-4.95577544469039,-1.31848156358162,0.162469667420104
"14260",-4.95622218040497,-1.31827184567561,0.162869749881718
"14261",-4.95660502570832,-1.31809205260324,0.163212675407623
"14262",-4.95837775517086,-1.31725871857886,0.164801293644841
"14263",-4.95960173081932,-1.31668256165409,0.165898849324145
"14264",-4.9605315481079,-1.3162444459639,0.166733007632259
"14265",-4.96055729393007,-1.31623230969359,0.166756109368427
"14266",-4.96062098394543,-1.31620228577736,0.166813259512675
"14267",-4.96175709130651,-1.31566642748284,0.167832963247534
"14268",-4.96313506250306,-1.31501575738947,0.169070394466641
"14269",-4.96343839584799,-1.31487241733848,0.169342884985061
"14270",-4.96382003370543,-1.31469201936899,0.169685766147879
"14271",-4.96615532164264,-1.31358680731286,0.171785056757707
"14272",-4.96647272149089,-1.31343641607985,0.172070533904441
"14273",-4.9674699245448,-1.31296364441668,0.172967678461608
"14274",-4.96793371861702,-1.31274361916598,0.173385057237847
"14275",-4.9679842420097,-1.31271964530107,0.173430529020544
"14276",-4.96863201226078,-1.3124121774194,0.174013612161437
"14277",-4.96920319229774,-1.31214091847774,0.174527877234109
"14278",-4.97040857195323,-1.31156802640448,0.175613526566358
"14279",-4.97072567712232,-1.31141721251162,0.175899218883544
"14280",-4.97073816405748,-1.31141127292267,0.175910469571063
"14281",-4.97135976289738,-1.31111551873885,0.176470597354372
"14282",-4.9732101509962,-1.3102341632981,0.178138797817124
"14283",-4.97332437839232,-1.31017970936137,0.178241817595418
"14284",-4.97405892254969,-1.30982941208271,0.17890439886764
"14285",-4.97571121387491,-1.30904063535891,0.180395497569293
"14286",-4.97604688358909,-1.30888025456008,0.180698535119901
"14287",-4.97848799001376,-1.30771251547288,0.182903486245372
"14288",-4.97876639689636,-1.30757917996408,0.183155088307297
"14289",-4.97933522256341,-1.30730665737347,0.183669229201823
"14290",-4.98011214214633,-1.30693422349887,0.184371634661554
"14291",-4.98026383184118,-1.30686147880564,0.184508799495292
"14292",-4.98085146195087,-1.30657958459286,0.185040234554807
"14293",-4.98119222321638,-1.30641605209781,0.185348461705907
"14294",-4.98236679202459,-1.30585200922894,0.1864111851521
"14295",-4.9827454833035,-1.30567003693387,0.18675391411405
"14296",-4.98419634618109,-1.30497231436549,0.188067434269571
"14297",-4.98439194169936,-1.30487818665569,0.188244567124011
"14298",-4.98552084050302,-1.30433461580221,0.189267151448526
"14299",-4.98634629547743,-1.3039368277389,0.190015131740744
"14300",-4.98678137807596,-1.30372704971502,0.190409467778963
"14301",-4.98758753434557,-1.303338153679,0.191140287206039
"14302",-4.98785235370075,-1.30321034547304,0.191380404383299
"14303",-4.98797832188359,-1.30314954025311,0.191494630249076
"14304",-4.98961535648264,-1.30235875681634,0.192979528318352
"14305",-4.98999298873865,-1.30217618515173,0.193322186944073
"14306",-4.99101205978774,-1.30168321472298,0.194247104488209
"14307",-4.99213188582596,-1.30114102388802,0.19526384597629
"14308",-4.99257203311243,-1.30092777836455,0.195663583680376
"14309",-4.99276064542131,-1.3008363744653,0.195834898187983
"14310",-4.99421853266475,-1.30012938412382,0.197159455192784
"14311",-4.99445755824687,-1.30001338966509,0.197376683765355
"14312",-4.99458321283727,-1.29995240280153,0.19749088685767
"14313",-4.99690676974684,-1.29882352391397,0.199603561997181
"14314",-4.99732711506044,-1.29861907377939,0.199985933828967
"14315",-5.00057620678855,-1.29703640052607,0.20294330616087
"14316",-5.00079587202876,-1.2969292483891,0.203143362844274
"14317",-5.00172610803054,-1.29647527107951,0.203990719362214
"14318",-5.00374043346917,-1.29549106709865,0.205826451740522
"14319",-5.00500902705152,-1.29487041356819,0.206983177596377
"14320",-5.00518026696811,-1.29478658704862,0.207139352849813
"14321",-5.00530543534463,-1.29472530653754,0.207253515014231
"14322",-5.00636914461324,-1.2942042842066,0.208223872882509
"14323",-5.00649399631798,-1.29414310086888,0.208337788848808
"14324",-5.00686957672877,-1.29395901182802,0.208680499094495
"14325",-5.00693212460062,-1.29392834893952,0.208737576792505
"14326",-5.00732389282505,-1.29373625750979,0.209095107965986
"14327",-5.00857645218191,-1.29312170376704,0.210238496992056
"14328",-5.00865139430898,-1.29308491498217,0.210306921384905
"14329",-5.00912044494621,-1.29285461050298,0.210735214482265
"14330",-5.00949541950904,-1.2926704362269,0.211077650558698
"14331",-5.01168181182974,-1.29159547561236,0.21307509894855
"14332",-5.0118066993401,-1.2915340178249,0.213189233894362
"14333",-5.01241206479396,-1.29123602931336,0.213742539395475
"14334",-5.01243105760622,-1.29122667790391,0.213759900500182
"14335",-5.01256189211372,-1.2911622557118,0.213879497459852
"14336",-5.01371655705615,-1.29059342005768,0.214935189466194
"14337",-5.01377271850914,-1.29056573956254,0.214986546258091
"14338",-5.01449050785439,-1.29021185377221,0.215643003376105
"14339",-5.01488126781121,-1.29001911770283,0.216000432984024
"14340",-5.01536378507573,-1.28978104327659,0.216441850052747
"14341",-5.01621784017176,-1.2893594338708,0.21722331079175
"14342",-5.01698491422942,-1.28898052617916,0.217925349582917
"14343",-5.01756232486117,-1.28869515786438,0.218453908176583
"14344",-5.01848057309091,-1.28824107968291,0.219294648643284
"14345",-5.01872977840632,-1.28811779126713,0.219522857126681
"14346",-5.01904125658737,-1.28796366174105,0.219808114485793
"14347",-5.01929015301936,-1.28784047328938,0.220036076532156
"14348",-5.01947727302572,-1.2877478449363,0.220207468712737
"14349",-5.01948946636524,-1.28774180851611,0.220218637492602
"14350",-5.01953955604828,-1.28771701058706,0.22026451873653
"14351",-5.01974283843251,-1.28761636171735,0.220450728410499
"14352",-5.02209208239843,-1.28645207598857,0.222603443710232
"14353",-5.02268918220414,-1.28615582206107,0.223150817347507
"14354",-5.02322846716712,-1.28588813820635,0.223645268537855
"14355",-5.02485989199597,-1.28507768767076,0.225141508966023
"14356",-5.02513993773964,-1.28493846797647,0.225398416159701
"14357",-5.02551268048924,-1.28475312023745,0.225740391525235
"14358",-5.02568673489113,-1.284666553284,0.225900090694776
"14359",-5.02588590544778,-1.28456748081474,0.226082843731317
"14360",-5.02619667401609,-1.2844128671489,0.226368015369413
"14361",-5.02731519158515,-1.28385608425611,0.227394601364958
"14362",-5.02968738440669,-1.28267369832665,0.229572836989384
"14363",-5.03017186070169,-1.28243196078706,0.230017869845564
"14364",-5.03023987895624,-1.28239801496498,0.230080354985559
"14365",-5.03183475609116,-1.2816015686086,0.23154581403542
"14366",-5.03203354751953,-1.28150223043347,0.231728517386379
"14367",-5.03239600162997,-1.2813210705811,0.232061662796491
"14368",-5.03383216586449,-1.28060277620328,0.23338200651421
"14369",-5.03445214941384,-1.28029245679706,0.23395214369829
"14370",-5.03525795255491,-1.27988891687544,0.23469329773341
"14371",-5.03618747955182,-1.27942311883752,0.235548441153126
"14372",-5.0363733534065,-1.27932993673417,0.235719465407193
"14373",-5.0365592167611,-1.27923674713468,0.23589048818052
"14374",-5.03662116888037,-1.27920568226922,0.235947495442271
"14375",-5.03706692781409,-1.27898212204258,0.236357701808263
"14376",-5.03770488059757,-1.27866204377832,0.236944854747068
"14377",-5.03773610791469,-1.27864637232852,0.236973597912056
"14378",-5.03849553676706,-1.27826514172052,0.237672684360525
"14379",-5.03872046590597,-1.27815218726488,0.237879767172834
"14380",-5.03915046954071,-1.27793619701781,0.238275686474885
"14381",-5.03924660740114,-1.27788789778028,0.238364209870013
"14382",-5.03995840777998,-1.27753018648609,0.239019700320794
"14383",-5.04051536255851,-1.27725016188586,0.239532677326686
"14384",-5.04195689390552,-1.2765248617113,0.24086071861077
"14385",-5.04305786847208,-1.27597039673695,0.241875338703032
"14386",-5.04406531027931,-1.2754626461132,0.242804006822929
"14387",-5.04480502041703,-1.27508959518433,0.243486025902496
"14388",-5.04534485742846,-1.27481721774507,0.243983839201275
"14389",-5.04698162124948,-1.27399072804006,0.245493594323498
"14390",-5.04714219235264,-1.27390959427908,0.245641738254489
"14391",-5.04798815295488,-1.27348198954285,0.246422323149215
"14392",-5.04937704745252,-1.27277938280907,0.247704233571994
"14393",-5.05205447532338,-1.27142295348354,0.250176640804956
"14394",-5.05287481982498,-1.27100683076869,0.25093448682492
"14395",-5.05527845293112,-1.26978617054222,0.253155849634473
"14396",-5.05583264005506,-1.26950443474509,0.253668191289141
"14397",-5.05640351886193,-1.26921409681762,0.254196034098364
"14398",-5.057310995276,-1.26875232874229,0.255035245311029
"14399",-5.05792668312128,-1.2684388670425,0.255604719133815
"14400",-5.05948167365796,-1.26764657283874,0.257043353633539
"14401",-5.06020967913263,-1.26727534127417,0.257717062100968
"14402",-5.06027742370356,-1.26724078657583,0.25777975980787
"14403",-5.06333367903068,-1.26568015053106,0.260609340190044
"14404",-5.0637703415699,-1.265456899925,0.261013777150671
"14405",-5.06431090080053,-1.26518043549302,0.261514498510226
"14406",-5.0643849023428,-1.26514257985589,0.261583051071679
"14407",-5.06635078573879,-1.26413620797164,0.263404596840611
"14408",-5.06748042062391,-1.26355729971467,0.264451654139986
"14409",-5.06770170501297,-1.26344384369867,0.264656793131719
"14410",-5.06880662550583,-1.26287707108229,0.265681246245841
"14411",-5.06954305135413,-1.2624990764143,0.266364179223102
"14412",-5.07046337308875,-1.26202641865816,0.267217805010418
"14413",-5.07127893723998,-1.26160730938691,0.26797440817932
"14414",-5.07137093593396,-1.26156001739111,0.268059764269319
"14415",-5.07175143186522,-1.26136439111512,0.26841280524098
"14416",-5.07264028087989,-1.2609072016002,0.269237631904513
"14417",-5.07280999737071,-1.26081987400042,0.269395141970399
"14418",-5.0733207625054,-1.26055699797407,0.269869206312176
"14419",-5.07366402057228,-1.26038028080692,0.27018782892976
"14420",-5.07377434669847,-1.26032347346951,0.27029024198452
"14421",-5.07414233564616,-1.26013396326779,0.270631854635095
"14422",-5.07434431219967,-1.26002992712518,0.270819365557258
"14423",-5.0745894314636,-1.25990364911304,0.271046940146157
"14424",-5.07640919116015,-1.25896549668107,0.272736819157071
"14425",-5.07697855996966,-1.25867172494325,0.273265684237477
"14426",-5.07732779059632,-1.25849147891912,0.273590102642565
"14427",-5.07910310567367,-1.25757452979122,0.275239651218578
"14428",-5.07971482857397,-1.25725831701632,0.275808179745355
"14429",-5.08002104060286,-1.25709997974205,0.276092796871253
"14430",-5.08069404985526,-1.25675186120031,0.276718406890101
"14431",-5.08087757687668,-1.2566569028743,0.276889023366931
"14432",-5.08203970665273,-1.25605533198195,0.277969550074241
"14433",-5.08225960067375,-1.25594145133701,0.278174032340079
"14434",-5.0825289172104,-1.25580195212005,0.278424485719028
"14435",-5.08307920334008,-1.25551683828908,0.278936271989964
"14436",-5.08338488326116,-1.25535841359529,0.279220590208319
"14437",-5.08411841445872,-1.25497811241187,0.27990293205334
"14438",-5.08425262134995,-1.254908512024,0.280027784268194
"14439",-5.08521207688229,-1.25441074910494,0.280920460615777
"14440",-5.08644033026633,-1.25377306304296,0.282063476318315
"14441",-5.08650141424114,-1.25374133558338,0.282120328518656
"14442",-5.08826282461164,-1.25282588425501,0.283760007674973
"14443",-5.08926724149917,-1.25230337674743,0.284695263760344
"14444",-5.08961540949712,-1.25212217416122,0.285019500954741
"14445",-5.09022570218698,-1.25180444789974,0.285587899157345
"14446",-5.09043902390223,-1.25169335924951,0.285786592974099
"14447",-5.09358060200827,-1.25005553015595,0.288713693135585
"14448",-5.09382448249482,-1.24992824235779,0.288940997315483
"14449",-5.09426733013364,-1.24969705559214,0.289353771953996
"14450",-5.09534839321578,-1.24913240618703,0.290361567145917
"14451",-5.09637796618644,-1.24859427526039,0.291321552422886
"14452",-5.096627766429,-1.2484636560718,0.291554496825395
"14453",-5.09917977387873,-1.24712799471797,0.293934920561429
"14454",-5.10143819883246,-1.24594412336659,0.296042430913244
"14455",-5.1016205618377,-1.24584845211608,0.296212645587743
"14456",-5.1025333841811,-1.24536939668415,0.297064743235488
"14457",-5.10320251863627,-1.24501804974797,0.297689452779838
"14458",-5.10356745469267,-1.24482636601102,0.29803019161885
"14459",-5.10405398529362,-1.24457074385503,0.298484497066153
"14460",-5.10417560888393,-1.24450683049094,0.298598071102945
"14461",-5.10441884520614,-1.24437899437632,0.298825216383579
"14462",-5.10533085271134,-1.24389949754778,0.299676977967992
"14463",-5.10563481015055,-1.24373962621051,0.299960886819964
"14464",-5.10602358584922,-1.24353509765358,0.300324041521701
"14465",-5.10615122920405,-1.2434679353899,0.300443278350523
"14466",-5.10698799870368,-1.24302751462903,0.30122500446973
"14467",-5.10794389727159,-1.24252410215989,0.302118162425567
"14468",-5.10843598558182,-1.24226482937723,0.302578009979139
"14469",-5.10918919312101,-1.24186781912831,0.303281944086249
"14470",-5.10936532684342,-1.24177495271824,0.303446568583155
"14471",-5.10976641197495,-1.24156344179695,0.303821463826752
"14472",-5.11047054820626,-1.24119198687587,0.304479683635099
"14473",-5.11072555783956,-1.24105741980456,0.304718083612909
"14474",-5.1113450591227,-1.24073042161884,0.305297277484767
"14475",-5.11152717250522,-1.24063427019238,0.305467553304286
"14476",-5.1127410605902,-1.2399930826728,0.306602670400246
"14477",-5.11292311370527,-1.23989687786294,0.306772929694013
"14478",-5.11366919310244,-1.23950250108893,0.307470730217066
"14479",-5.11419726655813,-1.23922324954195,0.307964684147201
"14480",-5.1156529741461,-1.23845297205768,0.309326558924593
"14481",-5.11730605690544,-1.23757739920588,0.310873478568915
"14482",-5.11788384247351,-1.23727115482411,0.311414255471681
"14483",-5.12098004551762,-1.23562818741224,0.314312987352164
"14484",-5.12187032724077,-1.23515518301459,0.315146749940461
"14485",-5.12249081137774,-1.23482536711863,0.315727911213719
"14486",-5.12262142892664,-1.23475592174801,0.315850258058978
"14487",-5.12463500181446,-1.23368465795024,0.317736642391523
"14488",-5.12479427274395,-1.23359986571302,0.31788587764186
"14489",-5.12504264224433,-1.23346762285245,0.318118604550321
"14490",-5.12522418002705,-1.23337095138062,0.318288714418066
"14491",-5.12564748360208,-1.23314549431827,0.318685388904605
"14492",-5.1260712587099,-1.23291972748942,0.319082530611169
"14493",-5.12693414536453,-1.23245984221965,0.31989126463705
"14494",-5.12969028143482,-1.23098930551647,0.322475125719868
"14495",-5.13010453790691,-1.23076806586579,0.322863578942043
"14496",-5.13181509122889,-1.22985393249346,0.324467831467399
"14497",-5.13199635745048,-1.2297570070169,0.324637856149176
"14498",-5.13241928417641,-1.22953082124756,0.325034571426346
"14499",-5.13392319366794,-1.22872604788993,0.326445466698214
"14500",-5.13568056247842,-1.22778472316407,0.328094522012028
"14501",-5.1366020027345,-1.22729076380765,0.328959330540148
"14502",-5.13849887454179,-1.22627304896169,0.33073996279391
"14503",-5.13899360993168,-1.22600742386529,0.331204455961114
"14504",-5.14061019124216,-1.22513893427146,0.332722432307812
"14505",-5.1406285392239,-1.22512907227753,0.332739663000536
"14506",-5.14071271712046,-1.22508382550454,0.332818715469476
"14507",-5.14189487689547,-1.22444816173918,0.333928987982325
"14508",-5.14273891694378,-1.22399403968324,0.334721806404504
"14509",-5.14290745235916,-1.22390333504047,0.334880124394494
"14510",-5.14373323454441,-1.22345877531029,0.335655893233658
"14511",-5.14460733959325,-1.22298796742631,0.336477147351554
"14512",-5.14484837415772,-1.22285809991342,0.336703624275914
"14513",-5.14520964894056,-1.22266341380891,0.337043092229078
"14514",-5.14527015604955,-1.22263080334536,0.337099948590649
"14515",-5.14580291930644,-1.22234361971044,0.337600585758282
"14516",-5.14599287151996,-1.22224120534067,0.337779091758123
"14517",-5.14634829287315,-1.22204954655021,0.33811310734797
"14518",-5.14637841214693,-1.22203330310104,0.338141413323885
"14519",-5.14673380567361,-1.22184161649601,0.338475418761595
"14520",-5.1473182957748,-1.22152627760577,0.339024765340506
"14521",-5.14857662351474,-1.22084703445369,0.340207567589287
"14522",-5.14978673049357,-1.22019335634124,0.341345213751321
"14523",-5.15045494126655,-1.21983220616665,0.341973483100762
"14524",-5.15062020761982,-1.21974286275945,0.342128878590165
"14525",-5.15075004526242,-1.21967266627258,0.342250963559102
"14526",-5.15287990484935,-1.21852041613857,0.344253918176174
"14527",-5.15370402705865,-1.21807419010338,0.345029073657588
"14528",-5.15936497910585,-1.21500332448142,0.35035578384045
"14529",-5.16068656794644,-1.21428497071397,0.351599882052666
"14530",-5.16119298764698,-1.21400955999294,0.352076663212829
"14531",-5.16307267669293,-1.21298661004368,0.353846611303182
"14532",-5.16401486359003,-1.21247344371875,0.354733951593178
"14533",-5.16403312399222,-1.21246349535787,0.354751150086296
"14534",-5.16446910223565,-1.21222594109546,0.355161786674025
"14535",-5.16613342275416,-1.21131854315126,0.356729580979358
"14536",-5.1661931638386,-1.21128595575176,0.356785863572695
"14537",-5.16639120902652,-1.21117791858809,0.35697244681293
"14538",-5.16699701974487,-1.21084736148352,0.357543226109132
"14539",-5.16710908177934,-1.21078620282496,0.357648813065211
"14540",-5.16751310812435,-1.21056566972541,0.358029507238223
"14541",-5.16967179606424,-1.20938650319076,0.36006387839299
"14542",-5.17021131093645,-1.20909156773733,0.360572414634622
"14543",-5.17022910803218,-1.2090818370705,0.360589190458482
"14544",-5.17048685298243,-1.2089409022845,0.360832149421608
"14545",-5.17080127232803,-1.20876894955161,0.361128542960556
"14546",-5.17220072116972,-1.20800322606945,0.362447913428344
"14547",-5.1738361519417,-1.20710759691418,0.363990080719114
"14548",-5.17438715364326,-1.20680565478277,0.364509738296662
"14549",-5.17482456704774,-1.20656588904862,0.364922297186627
"14550",-5.17572270863849,-1.20607338728984,0.365769483107305
"14551",-5.17590231548835,-1.20597486796426,0.365938912689426
"14552",-5.17632137025578,-1.20574496496282,0.366334238520222
"14553",-5.17781767492312,-1.20492360228626,0.367746003690476
"14554",-5.17798497684283,-1.20483172137371,0.367903871636567
"14555",-5.17887650266193,-1.20434195194241,0.368745187980887
"14556",-5.17943312072971,-1.20403603924309,0.369270511814811
"14557",-5.17955276001972,-1.20397027357132,0.369383430140949
"14558",-5.17988747991888,-1.2037862539049,0.36969935670054
"14559",-5.18027052788098,-1.20357562093425,0.370060916316408
"14560",-5.18152634090392,-1.20288473735338,0.371246418937184
"14561",-5.1853033162697,-1.2008037979441,0.374813222861852
"14562",-5.18672515439853,-1.20001924474604,0.376156451587009
"14563",-5.18756116190393,-1.19955764233319,0.376946370200284
"14564",-5.18785969652753,-1.19939275161638,0.377228470410712
"14565",-5.18847435978627,-1.19905316201519,0.377809335743339
"14566",-5.18851639938759,-1.19902993149787,0.377849065695687
"14567",-5.19006820420829,-1.19817202623347,0.379315789511013
"14568",-5.19052741609995,-1.19791800487899,0.379749889691371
"14569",-5.19096321829486,-1.1976768700178,0.380161888137609
"14570",-5.19224548901557,-1.19696701728003,0.381374278312099
"14571",-5.1933427795843,-1.19635914521122,0.382411957267125
"14572",-5.1947497528806,-1.19557914545854,0.383742750530176
"14573",-5.19478551720032,-1.19555931001595,0.383776582163268
"14574",-5.19551076422429,-1.19515698723257,0.384462677555321
"14575",-5.19597177805188,-1.19490115606216,0.384898844168811
"14576",-5.19630521615809,-1.1947160776427,0.385214330470152
"14577",-5.19810709144085,-1.19371530131342,0.386919479714401
"14578",-5.19865245322119,-1.19341219441086,0.38743566108364
"14579",-5.19871200393282,-1.19337909081778,0.387492028129839
"14580",-5.19950369423451,-1.19293888886173,0.388241443923144
"14581",-5.20085525152435,-1.19218691229372,0.38952104845803
"14582",-5.20180744362442,-1.19165677512645,0.390422714348577
"14583",-5.20293788066701,-1.19102701396172,0.391493345771639
"14584",-5.20311634176166,-1.19092755585789,0.391662383219926
"14585",-5.20335997427241,-1.19079176023294,0.391893158569138
"14586",-5.20539969179277,-1.18965410049602,0.393825592315978
"14587",-5.20650559348123,-1.18903670830557,0.394873595341637
"14588",-5.20665392764176,-1.18895386712447,0.395014178040779
"14589",-5.20759097065714,-1.18843038290783,0.395902333608828
"14590",-5.20805061011082,-1.1881734970324,0.396338042975334
"14591",-5.20882858078515,-1.18773854163923,0.397075586012315
"14592",-5.20885234086689,-1.18772525447918,0.397098112889404
"14593",-5.21082993054816,-1.18661868909777,0.398973374151542
"14594",-5.21246219807889,-1.18570437489772,0.400521650862947
"14595",-5.21268201990512,-1.18558117430991,0.400730194063152
"14596",-5.21353626382747,-1.18510225550506,0.401540682319887
"14597",-5.21428391682557,-1.18468289647714,0.402250136187831
"14598",-5.2147147722916,-1.18444114502762,0.40265901954155
"14599",-5.21475842523731,-1.18441664807429,0.402700448024129
"14600",-5.21702718698868,-1.18314260213356,0.404854026827565
"14601",-5.21819685442669,-1.18248509346412,0.405964641740172
"14602",-5.2205663733037,-1.18115170790803,0.408215227583701
"14603",-5.22163217065493,-1.18055134522087,0.409227835708151
"14604",-5.22263847862657,-1.17998414323111,0.410184099037491
"14605",-5.22344899682118,-1.1795270502673,0.410954434114201
"14606",-5.22470943367481,-1.17881578623243,0.412152604429867
"14607",-5.22494604066025,-1.17868220940432,0.412377553124356
"14608",-5.22626271719647,-1.1779385329261,0.413629529314257
"14609",-5.22630623626924,-1.17791394277726,0.413670915020575
"14610",-5.22713393431958,-1.17744613570408,0.414458101042177
"14611",-5.22771887154901,-1.17711539465599,0.415014480722402
"14612",-5.22849897398331,-1.17667412039099,0.415756591430135
"14613",-5.22902510663036,-1.17637639014368,0.416257162050651
"14614",-5.22914327193243,-1.17630950926054,0.416369593126199
"14615",-5.22932051257641,-1.17620918313531,0.416538237479027
"14616",-5.23084694227553,-1.17534471092482,0.417990868925929
"14617",-5.23191902759782,-1.17473707241001,0.419011375930807
"14618",-5.23539110140145,-1.17276643932216,0.422317874610931
"14619",-5.23681550999073,-1.17195678030652,0.423675018240988
"14620",-5.23689196366874,-1.17191330263179,0.423747872609379
"14621",-5.23780550303853,-1.17139363262897,0.424618492026547
"14622",-5.23795283565228,-1.17130979454537,0.424758917905579
"14623",-5.23840682863012,-1.17105140661414,0.425191655139027
"14624",-5.23875421170801,-1.17085364622667,0.425522801286166
"14625",-5.23905474487215,-1.17068252255331,0.425809306542302
"14626",-5.2395848471228,-1.17038060452315,0.426314708987383
"14627",-5.24109241931068,-1.16952142851485,0.427752343479386
"14628",-5.24145743067669,-1.16931328480224,0.428100490404273
"14629",-5.24158718999051,-1.16923927957654,0.428224261013921
"14630",-5.24264662756466,-1.16863482963529,0.429234931219384
"14631",-5.24294085459578,-1.1684668907882,0.429515655300778
"14632",-5.2435408127026,-1.16812435098737,0.43008813474738
"14633",-5.24572079748797,-1.16687862529318,0.432168903656773
"14634",-5.246645811451,-1.16634952046576,0.433052120026277
"14635",-5.24829669846526,-1.1654044494138,0.434628863677595
"14636",-5.24852603930865,-1.16527308210966,0.434847950919701
"14637",-5.24964188972448,-1.16463364547275,0.435914075685521
"14638",-5.25042063211165,-1.1641871189018,0.436658276132556
"14639",-5.2511972874717,-1.16374156791392,0.4374006151427
"14640",-5.25150245392224,-1.16356643973316,0.437692334434561
"14641",-5.25198973152406,-1.16328673110251,0.438158183107371
"14642",-5.25317845966231,-1.16260400676698,0.439294857686279
"14643",-5.25333892405897,-1.16251180702092,0.439448319820037
"14644",-5.25369078848286,-1.16230959918872,0.439784850149745
"14645",-5.25466381791461,-1.16175018440183,0.440715621808956
"14646",-5.25534775004778,-1.16135676734539,0.441369980866002
"14647",-5.25662138667724,-1.16062367144964,0.442588833005692
"14648",-5.25735919394285,-1.16019871788031,0.443295076405465
"14649",-5.25744143629217,-1.1601513362741,0.443373808254007
"14650",-5.25754660703891,-1.16009074142651,0.443474492114116
"14651",-5.25884060175811,-1.15934485771022,0.444713494287862
"14652",-5.26054382975859,-1.15836212261681,0.446344943940679
"14653",-5.26101182727403,-1.15809190350096,0.446793340650879
"14654",-5.26147974858481,-1.15782164535105,0.447241717233427
"14655",-5.26188911705949,-1.15758513747215,0.447634030222468
"14656",-5.2627661375912,-1.15707823440212,0.448474648951207
"14657",-5.26424266104228,-1.15622416554774,0.449890314106057
"14658",-5.26428566471038,-1.15619927833262,0.449931553355002
"14659",-5.264402517536,-1.1561316493247,0.450043614086191
"14660",-5.26446094212825,-1.1560978339107,0.450099643977949
"14661",-5.26528435245784,-1.15562111504725,0.450889394906015
"14662",-5.26533716507957,-1.15559052993717,0.450940054430332
"14663",-5.2689557123616,-1.1534923727686,0.454412758275601
"14664",-5.26920466323808,-1.1533478357726,0.454651798377416
"14665",-5.26948087228863,-1.1531874448345,0.454917030247545
"14666",-5.27192912569338,-1.15176447210553,0.457268853432785
"14667",-5.27283183920438,-1.15123920339428,0.458136409384545
"14668",-5.27367651330501,-1.15074741531799,0.458948382704771
"14669",-5.27431693463695,-1.15037435960686,0.459564138037611
"14670",-5.27439051434144,-1.15033148783615,0.459634890862141
"14671",-5.27517228214662,-1.14987585217987,0.460386713945228
"14672",-5.27572506890379,-1.14955352626312,0.460918426765523
"14673",-5.27608577217005,-1.1493431371874,0.461265423741109
"14674",-5.27681890687202,-1.14891535824381,0.461970809784976
"14675",-5.27826638162568,-1.14807013513829,0.463363932757154
"14676",-5.2789698456027,-1.14765905797054,0.464041191794028
"14677",-5.28002697071744,-1.14704093978975,0.465059197715165
"14678",-5.2807705997619,-1.14660585718152,0.465775496906187
"14679",-5.28123510413809,-1.14633397116193,0.466223009205144
"14680",-5.28149610500787,-1.14618116239399,0.466474489266109
"14681",-5.28517993614952,-1.14402141679712,0.470026028167897
"14682",-5.28529586629394,-1.1439533593305,0.470137858987169
"14683",-5.28719030698404,-1.14284043119354,0.471965872203639
"14684",-5.28730041638616,-1.14277569951607,0.472072153340367
"14685",-5.28790285336323,-1.14242144675179,0.472653708816369
"14686",-5.29073840463846,-1.14075201896248,0.475392439665962
"14687",-5.29133384568175,-1.14040102621492,0.475967859277675
"14688",-5.29137449841274,-1.1403770573458,0.476007149036915
"14689",-5.29162286279846,-1.14023060649309,0.476247197473059
"14690",-5.29201042290827,-1.14000202544715,0.476621818827175
"14691",-5.29270396509418,-1.1395928196714,0.477292322505322
"14692",-5.29306203698901,-1.13938146961878,0.477638557873573
"14693",-5.29381874313213,-1.13893464964169,0.47837038063001
"14694",-5.29728177439336,-1.13688670285836,0.481721808063222
"14695",-5.2980143717742,-1.13645281056908,0.48243127714554
"14696",-5.2994129311968,-1.13562385605969,0.483786153640523
"14697",-5.30015220632851,-1.1351853349571,0.484502588187827
"14698",-5.30057843409316,-1.13493240005081,0.484915726121285
"14699",-5.30101058513786,-1.13467587061937,0.485334664435826
"14700",-5.30247246893206,-1.13380748666373,0.486752293859743
"14701",-5.30277744152337,-1.13362621191338,0.487048120480308
"14702",-5.30325520207521,-1.13334215204254,0.487511613235805
"14703",-5.30383590012961,-1.13299675666852,0.488075068157563
"14704",-5.30407560870562,-1.13285413717939,0.488307690531269
"14705",-5.30475039591156,-1.13245252561075,0.488962629374929
"14706",-5.30521025895914,-1.13217871722842,0.48940905018957
"14707",-5.30526749228876,-1.13214463336725,0.489464615323026
"14708",-5.30620232684523,-1.1315877155687,0.49037235231513
"14709",-5.30779525862926,-1.13063787026677,0.4919197653947
"14710",-5.30786782528078,-1.13059457342918,0.49199027814112
"14711",-5.30842669933018,-1.13026104488716,0.492533391718902
"14712",-5.31146661585119,-1.12844447777912,0.49548937945806
"14713",-5.31158100667657,-1.12837604221313,0.495600671658304
"14714",-5.31188293486571,-1.12819538281764,0.495894442045534
"14715",-5.31211215261622,-1.12805820318219,0.496117486765605
"14716",-5.31386098238111,-1.12701082385786,0.497819794841632
"14717",-5.31684799346888,-1.12521877744627,0.500729715931362
"14718",-5.316905171771,-1.12518443505701,0.500785447881558
"14719",-5.31715077975999,-1.12503690169384,0.501024855683773
"14720",-5.31772060036453,-1.1246945152395,0.501580370301865
"14721",-5.31804842501073,-1.12449747090976,0.501900014456307
"14722",-5.32018446421987,-1.12321239978389,0.503983647330132
"14723",-5.32061856004364,-1.122950993113,0.504407283549139
"14724",-5.32107515523048,-1.12267594684073,0.504852946766076
"14725",-5.32186801937868,-1.12219811564722,0.505626998158444
"14726",-5.32195358892182,-1.12214652909309,0.50571055028507
"14727",-5.32301461069814,-1.12150660775104,0.506746767033841
"14728",-5.32307162713142,-1.12147220582134,0.506802461531607
"14729",-5.32312864205523,-1.12143780334359,0.506858155680421
"14730",-5.32403473539832,-1.12089087586944,0.507743410251906
"14731",-5.32505729176249,-1.12027320663789,0.508742792073164
"14732",-5.32592052013458,-1.11975141179906,0.509586740671483
"14733",-5.32609133317648,-1.1196481207493,0.509753769569076
"14734",-5.32666061116183,-1.11930378184013,0.5103105097355
"14735",-5.32802625704822,-1.11847714649156,0.511646542660097
"14736",-5.32904991458203,-1.11785696472427,0.512648434167032
"14737",-5.32910676991999,-1.11782250503119,0.512704091453598
"14738",-5.33052765552521,-1.11696083678814,0.514095408729585
"14739",-5.33160688705208,-1.11630574304104,0.5151526618455
"14740",-5.33167866406632,-1.11626215551647,0.515222991879741
"14741",-5.3330769150174,-1.11541257929561,0.516593423102028
"14742",-5.33372192901304,-1.11502036736175,0.517225840513166
"14743",-5.33376911510691,-1.11499166754633,0.517272110982852
"14744",-5.33421746010723,-1.114718921387,0.517711796115697
"14745",-5.33455772857066,-1.11451186084676,0.518045540664392
"14746",-5.33569155378265,-1.11382151974577,0.519157929621997
"14747",-5.33593320444433,-1.11367431169676,0.519395071871284
"14748",-5.33716459762698,-1.11292375654043,0.520603821249333
"14749",-5.33727786510897,-1.11285468288627,0.520715033643448
"14750",-5.338059001365,-1.11237816264183,0.521482124907034
"14751",-5.3384269376873,-1.11215361078015,0.521843523048858
"14752",-5.33852339562303,-1.11209473203216,0.521938275152121
"14753",-5.34027717701643,-1.11102345539539,0.523661637964971
"14754",-5.34039027249236,-1.11095432326333,0.52377281076099
"14755",-5.34055990393615,-1.11085062109096,0.523939567246527
"14756",-5.34811342811601,-1.10621919941895,0.531375957992623
"14757",-5.35069462962054,-1.10463036896688,0.533922077452133
"14758",-5.3514991667883,-1.104134496743,0.534716201874707
"14759",-5.35194312127182,-1.10386073548507,0.535154517195987
"14760",-5.35329780536644,-1.10302479696651,0.536492464661671
"14761",-5.35391570594758,-1.10264321546377,0.537102967496037
"14762",-5.35406710509877,-1.10254969171092,0.537252576667568
"14763",-5.35644144166138,-1.1010815513544,0.539600011450955
"14764",-5.35705834385813,-1.10069965303493,0.54021028538688
"14765",-5.35885184788797,-1.09958832391526,0.541985370981847
"14766",-5.3590476741592,-1.09946688744203,0.542179263214726
"14767",-5.35918794385715,-1.09937989145893,0.542318156911431
"14768",-5.35985995919752,-1.09896297147252,0.542983688322471
"14769",-5.36165084664715,-1.09785082654053,0.544758174622084
"14770",-5.36251746674465,-1.09731209144296,0.545617318585582
"14771",-5.36289770359807,-1.09707560089309,0.545994370377316
"14772",-5.36319396253582,-1.09689129180847,0.546288187999485
"14773",-5.3644510863588,-1.09610872885737,0.547535346179319
"14774",-5.3662323009756,-1.09499858795047,0.549303534132585
"14775",-5.36662288662704,-1.09475494712755,0.549691434595491
"14776",-5.36669340604774,-1.09471095029294,0.549761475771026
"14777",-5.36701339152241,-1.09451128168576,0.550079316383617
"14778",-5.36773840080343,-1.09405869489704,0.550799618642544
"14779",-5.36784991600396,-1.09398905863678,0.550910428639496
"14780",-5.36903513832508,-1.09324856237658,0.552088465156433
"14781",-5.36909085850584,-1.09321373284788,0.552143861423729
"14782",-5.3700231484005,-1.09263075131171,0.553070916812271
"14783",-5.37003962040341,-1.09262044716079,0.55308729946919
"14784",-5.37186008869433,-1.09148082113809,0.554898564150783
"14785",-5.37275008494132,-1.0909230841006,0.555784544191827
"14786",-5.37369524775754,-1.09033034919072,0.556725788754784
"14787",-5.37452882341641,-1.08980722880739,0.557556204915162
"14788",-5.37474525811468,-1.08967134674977,0.557771864611773
"14789",-5.37491769990639,-1.08956306783763,0.557943702303885
"14790",-5.37547309934757,-1.08921422441466,0.558497236648341
"14791",-5.3758062609047,-1.08900489464129,0.558829338392302
"14792",-5.37674990080857,-1.08841169712161,0.55977021634558
"14793",-5.3779812424546,-1.0876369841388,0.560998486439193
"14794",-5.3779978799032,-1.08762651138945,0.56101508650984
"14795",-5.37876128303736,-1.08714582680089,0.561776892722563
"14796",-5.37957800705956,-1.08663125093545,0.56259216413968
"14797",-5.37996584980379,-1.08638677630041,0.562979409607939
"14798",-5.38164174877887,-1.08532953205958,0.564653411746351
"14799",-5.38167378307991,-1.08530930970839,0.56468542059947
"14800",-5.3830046682984,-1.0844687135709,0.566015606388246
"14801",-5.38400578429312,-1.08383582813991,0.567016656245134
"14802",-5.38439272457913,-1.08359108026584,0.567403676644687
"14803",-5.38654134125791,-1.08223069623302,0.569553808138665
"14804",-5.38814748518084,-1.08121229381124,0.571162266277456
"14805",-5.38831296602033,-1.08110729588748,0.571328042885692
"14806",-5.38969141461645,-1.08023214465106,0.572709370746764
"14807",-5.38993368543226,-1.08007823498182,0.572952224201177
"14808",-5.39024251514812,-1.07988200000354,0.573261829787402
"14809",-5.39109066579907,-1.07934283146953,0.574112302307794
"14810",-5.39123409506783,-1.07925161869118,0.574256151896334
"14811",-5.39138261706696,-1.07915715657849,0.574405117571215
"14812",-5.39200496783126,-1.07876121477106,0.575029420710406
"14813",-5.39250563552304,-1.078442550083,0.575531768248679
"14814",-5.3935457802472,-1.07778012576991,0.576575713785492
"14815",-5.39651384296657,-1.07588697061154,0.579556924286015
"14816",-5.39673351631146,-1.075746681798,0.579777705919155
"14817",-5.3967772157501,-1.0757187714339,0.579821628046574
"14818",-5.39839474765107,-1.07468501152817,0.581447920029895
"14819",-5.39848999590622,-1.07462409860523,0.581543715495276
"14820",-5.39975147111093,-1.07381694315553,0.582812766569918
"14821",-5.39986112536132,-1.07374674394055,0.582923108196494
"14822",-5.40035449185581,-1.07343082416908,0.583419624405159
"14823",-5.40097352943651,-1.07303426385375,0.58404274585812
"14824",-5.40166951539369,-1.07258818525511,0.58474349839341
"14825",-5.40227193328205,-1.07220188539186,0.585350191492126
"14826",-5.40270970511223,-1.07192105294301,0.585791156997398
"14827",-5.40407805304301,-1.07104264587491,0.587169958486398
"14828",-5.40499118084221,-1.0704559551605,0.588090458607556
"14829",-5.40506249364044,-1.07041011899589,0.588162360504766
"14830",-5.4054998609168,-1.0701289474637,0.588603383015626
"14831",-5.40844949031914,-1.06823026170352,0.591579556429554
"14832",-5.40871674917772,-1.06805801560282,0.591849382914254
"14833",-5.41057696993574,-1.06685814911166,0.593728221169944
"14834",-5.41291993307127,-1.06534449504976,0.596096484041031
"14835",-5.41542321269302,-1.06372429902239,0.598629064961629
"14836",-5.41761168445385,-1.0623053427253,0.600845066159797
"14837",-5.41979057051661,-1.0608902735318,0.603053126130724
"14838",-5.42096242607407,-1.06012825619279,0.604241397754731
"14839",-5.42098931077896,-1.06011076611514,0.604268665019488
"14840",-5.42112510442457,-1.06002241898234,0.604406395030473
"14841",-5.42198396815916,-1.05946343476116,0.605277663105602
"14842",-5.4229676099427,-1.05882279684359,0.606275844578459
"14843",-5.42335767289289,-1.05856862106881,0.606671771605874
"14844",-5.42349842629011,-1.05847688401842,0.606814654744739
"14845",-5.42501424507326,-1.0574883246607,0.608353869257744
"14846",-5.42540406466856,-1.05723391770125,0.608749841327431
"14847",-5.42675620428602,-1.05635089914638,0.610123751364012
"14848",-5.42681027031361,-1.05631557261364,0.610178701748411
"14849",-5.42697763685125,-1.05620620691989,0.610348812643052
"14850",-5.42740489743476,-1.055926951398,0.610783125367417
"14851",-5.42932785393525,-1.05466901304822,0.612738642039019
"14852",-5.43059116433986,-1.05384161260614,0.61402407249206
"14853",-5.433517073593,-1.05192231044516,0.617003424108104
"14854",-5.43425702279528,-1.05143626650085,0.61775737616684
"14855",-5.43454222742292,-1.05124885540479,0.618048030426216
"14856",-5.4346878480287,-1.05115315122088,0.618196444754137
"14857",-5.43572659519548,-1.05047017014584,0.619255340642029
"14858",-5.43608737366879,-1.0502328334206,0.61962320780651
"14859",-5.43710946803339,-1.04956010709806,0.620665638990523
"14860",-5.43807727155085,-1.0489226426176,0.62165304662544
"14861",-5.43915204122172,-1.04821418390097,0.622749984704729
"14862",-5.44060203048833,-1.04725749013072,0.624230547345894
"14863",-5.44115472022019,-1.04689255604046,0.624795092632206
"14864",-5.44183634376244,-1.04644228074381,0.625491491426152
"14865",-5.44195414000495,-1.04636444216269,0.625611858347297
"14866",-5.44304818894908,-1.04564117726382,0.626730026384191
"14867",-5.44323069616391,-1.04552046581012,0.626916599969344
"14868",-5.44493983976993,-1.04438922408412,0.628664421248228
"14869",-5.44499898261726,-1.04435005281829,0.628724921841802
"14870",-5.44842368488984,-1.04207883795341,0.632230466230489
"14871",-5.44874443153325,-1.04186582244723,0.632559008899709
"14872",-5.44970634218332,-1.04122668461679,0.633544531557504
"14873",-5.4502242742647,-1.04088235380874,0.63407532169093
"14874",-5.45254984142303,-1.0393346054856,0.636459873940146
"14875",-5.45274912527742,-1.03920184770519,0.636664307913072
"14876",-5.45349571356934,-1.03870431078048,0.637430324969853
"14877",-5.45386889474253,-1.03845551157927,0.637813297347938
"14878",-5.45423361909418,-1.03821228216461,0.638187642480574
"14879",-5.45525943719922,-1.03752781605187,0.639240793143201
"14880",-5.45723986434176,-1.03620487924976,0.641275133197031
"14881",-5.45729138107807,-1.03617043901929,0.641328072572299
"14882",-5.45731435476515,-1.03615508009517,0.641351681010777
"14883",-5.45738352172671,-1.03610883729618,0.641422760253901
"14884",-5.45786252304568,-1.03578852522432,0.641915055524297
"14885",-5.45805909202031,-1.03565704392714,0.642117105708459
"14886",-5.45823481785806,-1.03553948743861,0.642297744249147
"14887",-5.45990897862961,-1.03441871760744,0.644019311173172
"14888",-5.4617410581581,-1.03319057459905,0.645904523061623
"14889",-5.46239209909622,-1.03275372867587,0.646574762161035
"14890",-5.46296163695377,-1.03237139100606,0.647161231687722
"14891",-5.46301975672792,-1.03233236504238,0.647221086487029
"14892",-5.46367202038205,-1.03189426622825,0.647892913417652
"14893",-5.46470561107806,-1.03119959298828,0.648957849374387
"14894",-5.46579685859872,-1.03046556514562,0.650082651110222
"14895",-5.46645346424665,-1.03002359983886,0.650759675015679
"14896",-5.46698821634021,-1.02966348841763,0.651311183376973
"14897",-5.46746444654847,-1.02934266067397,0.651802432445196
"14898",-5.46767606341081,-1.02920006006727,0.652020752235706
"14899",-5.46857515326805,-1.02859393551095,0.652948521123051
"14900",-5.46912473603253,-1.02822322332531,0.653515794564573
"14901",-5.46968516290545,-1.02784503282598,0.654094386620981
"14902",-5.47085761884125,-1.02705329408814,0.655305256304817
"14903",-5.47137526255332,-1.02670350756969,0.655840037186518
"14904",-5.47196979021552,-1.02630159357963,0.656454381748766
"14905",-5.47243074899347,-1.02598984635616,0.656930804363151
"14906",-5.47263347393224,-1.02585270747863,0.657140357577566
"14907",-5.47360496697712,-1.02519521157307,0.658144805992238
"14908",-5.47547977220256,-1.02392494476777,0.66008430336891
"14909",-5.47589857677166,-1.02364092930449,0.660517756970394
"14910",-5.47622521934935,-1.02341934913639,0.660855875197303
"14911",-5.47635660027573,-1.02333020992254,0.660991884253488
"14912",-5.47722515463566,-1.02274068150669,0.661891214802055
"14913",-5.47848740212444,-1.02188321409832,0.663198746811712
"14914",-5.47872900481604,-1.02171899145538,0.663449092895194
"14915",-5.48043155011898,-1.02056084278557,0.665213943427512
"14916",-5.48106161017359,-1.02013185074154,0.665867368754631
"14917",-5.4828820011484,-1.01889118466701,0.66775620693201
"14918",-5.48380467827905,-1.01826165786964,0.668714112139187
"14919",-5.48456969901445,-1.01773934586338,0.669508615721991
"14920",-5.48463780049102,-1.01769283463904,0.669579353807511
"14921",-5.48504657304463,-1.0174136023031,0.670003993888508
"14922",-5.48520368168584,-1.01730625719339,0.670167220051906
"14923",-5.48546549684221,-1.01712734097295,0.670439253221153
"14924",-5.48693090829847,-1.01612523247385,0.671962397611964
"14925",-5.48891763147032,-1.014764747474,0.674028865555031
"14926",-5.49079738566751,-1.01347551040258,0.675985642521119
"14927",-5.49122014552997,-1.01318528960534,0.676425936495488
"14928",-5.49147596257338,-1.01300962542197,0.676692401483158
"14929",-5.49159578890443,-1.01292733071722,0.676817225201187
"14930",-5.49167642807761,-1.01287194460718,0.676901230980551
"14931",-5.49220618871395,-1.01250799469867,0.677453179264573
"14932",-5.49272758092627,-1.01214964168065,0.677996528559516
"14933",-5.49298821513716,-1.01197045101695,0.67826818337457
"14934",-5.49345725265587,-1.01164788406998,0.678757128698145
"14935",-5.49356146503728,-1.01157619838219,0.678865777389693
"14936",-5.49442595225416,-1.01098130068154,0.679767250039155
"14937",-5.49538411015792,-1.01032145545742,0.680766786129178
"14938",-5.49660132583157,-1.00948246575867,0.682037153660147
"14939",-5.49779186685834,-1.00866105690929,0.683280318939155
"14940",-5.49815561345371,-1.00840993226925,0.683660269961478
"14941",-5.49831667511226,-1.00829871410768,0.683828525627124
"14942",-5.50120265358606,-1.00630335712668,0.686845400268145
"14943",-5.50121302537927,-1.00629617751744,0.686856249350392
"14944",-5.50436294149351,-1.0041128517165,0.690153438031604
"14945",-5.5046735984237,-1.00389721094027,0.690478872840228
"14946",-5.50542866101305,-1.00337285249365,0.691270045697107
"14947",-5.5055012844941,-1.00332240094986,0.69134615674043
"14948",-5.50653526578545,-1.0026037565447,0.692430068164721
"14949",-5.50803329499023,-1.00156146237923,0.694001357565771
"14950",-5.50901395910843,-1.0008784136552,0.6950305775153
"14951",-5.50906555531268,-1.00084246008066,0.695084741598221
"14952",-5.51081876801486,-0.999619822265253,0.696925999569468
"14953",-5.51092183392645,-0.999547889324439,0.697034289438653
"14954",-5.51277042725583,-0.998256598811256,0.69897749628569
"14955",-5.51282725699702,-0.998216868644408,0.699037262325607
"14956",-5.51385618577898,-0.9974971920127,0.700119642239674
"14957",-5.5153877214605,-0.996424758691362,0.701731757923937
"14958",-5.51565505793465,-0.996237411169499,0.702013286072991
"14959",-5.51586050048783,-0.996093408174036,0.702229660251874
"14960",-5.51638408679494,-0.995726286055412,0.702781207631271
"14961",-5.51701534890798,-0.995283436639837,0.703446374664056
"14962",-5.51736425141385,-0.995038563537814,0.703814107877203
"14963",-5.51790282959663,-0.994660418159227,0.704381881916235
"14964",-5.51842604046359,-0.994292886885627,0.7049336051231
"14965",-5.5185285655975,-0.994220847433357,0.705041734685189
"14966",-5.51919479705267,-0.993752556196159,0.705744523851936
"14967",-5.5198094993981,-0.993320233877723,0.706393170763162
"14968",-5.51996313280031,-0.99321214528335,0.706555320253394
"14969",-5.52052631058209,-0.992815793033905,0.707149826488684
"14970",-5.5209713552794,-0.992502436345955,0.70761975173156
"14971",-5.522725631166,-0.99126600369683,0.709473173183713
"14972",-5.52418627168665,-0.990235003450037,0.711017682308083
"14973",-5.52487040555867,-0.989751624113088,0.711741515172626
"14974",-5.52599250577565,-0.988958129398742,0.712929309808814
"14975",-5.52639229477658,-0.9886752168664,0.713352680398411
"14976",-5.52675703716231,-0.988417012687922,0.713739018052652
"14977",-5.52731741568771,-0.988020143563852,0.714332725851992
"14978",-5.5286814979167,-0.987053201179524,0.715778708424614
"14979",-5.52920059083076,-0.986684909094383,0.71632925665825
"14980",-5.52955656502207,-0.986432243329482,0.716706894293106
"14981",-5.5301157578776,-0.986035162585005,0.717300270555576
"14982",-5.53089131745096,-0.985484089423921,0.718123550466227
"14983",-5.53295867978253,-0.984013119645205,0.720319898015307
"14984",-5.53528952624582,-0.982351138957197,0.722799320006813
"14985",-5.53650383893129,-0.981483787149624,0.724092381495792
"14986",-5.53680196414814,-0.981270685657608,0.724409982674291
"14987",-5.54029096772038,-0.978772038583099,0.728131148631681
"14988",-5.54044221144434,-0.978663528633469,0.728292634615622
"14989",-5.54190326848074,-0.977614441078558,0.729853408804994
"14990",-5.54194837065449,-0.977582031601724,0.729901611627795
"14991",-5.54238632906227,-0.977267246913363,0.730369748681098
"14992",-5.54301530186181,-0.976814925086226,0.731042285905475
"14993",-5.54326679907106,-0.976633981519061,0.731311276522405
"14994",-5.54355344170883,-0.976427695519983,0.731617908901213
"14995",-5.54361880676046,-0.976380646295,0.731687840075997
"14996",-5.54381509310821,-0.976239342143886,0.731897855425072
"14997",-5.543915631298,-0.976166954960693,0.732005435680351
"14998",-5.54421719519022,-0.975949785291836,0.732328163118357
"14999",-5.5448121953811,-0.975521102374377,0.732965100441078
"15000",-5.54502099324188,-0.975370606686087,0.733188671848744
"15001",-5.54535218951518,-0.975131823416475,0.733543362870322
"15002",-5.54545761831063,-0.975055795133467,0.733656286379787
"15003",-5.54647649137067,-0.974320625329652,0.734747981183205
"15004",-5.54818043704913,-0.973089405603232,0.73657531363945
"15005",-5.55023235045524,-0.971603846392201,0.73877850591925
"15006",-5.55053229387657,-0.971386422792489,0.739100812364586
"15007",-5.55068223621694,-0.971277706490937,0.739261958048598
"15008",-5.55104521488212,-0.971014456039056,0.739652124085015
"15009",-5.55108198660941,-0.970987781690593,0.739691655296235
"15010",-5.55148159738569,-0.970697835577575,0.740121316786725
"15011",-5.55349733551548,-0.969233395110278,0.742290394379279
"15012",-5.55507176992718,-0.968087364646302,0.743986659114429
"15013",-5.55528402809487,-0.96793271333637,0.744215481654135
"15014",-5.55666847841245,-0.966923130863457,0.745708794575505
"15015",-5.55903224752492,-0.96519587734164,0.748261762178359
"15016",-5.55939430672092,-0.964930917783874,0.748653176067176
"15017",-5.561999594457,-0.963021202151503,0.751472674418047
"15018",-5.56230852567633,-0.962794383612091,0.751807356764954
"15019",-5.56360134220489,-0.961844340602724,0.753208751849038
"15020",-5.56409517342858,-0.961481077780732,0.753744407311315
"15021",-5.564243277756,-0.961372092629609,0.753905092934457
"15022",-5.5643420024133,-0.96129943424658,0.754012213858125
"15023",-5.56577246802652,-0.960245742625405,0.755565213215377
"15024",-5.56651159652529,-0.959700623388365,0.756368302200457
"15025",-5.56684859951385,-0.959451925525123,0.756734615041639
"15026",-5.56729942092899,-0.959119083128631,0.757224790216962
"15027",-5.5674470712636,-0.959010035177178,0.757385365601613
"15028",-5.56778376970774,-0.958761295566209,0.757751604911868
"15029",-5.56781097711203,-0.958741191599263,0.757781203474736
"15030",-5.5684699910402,-0.958254043734339,0.758498321974703
"15031",-5.56941842400057,-0.957552304373067,0.759531008132045
"15032",-5.57227311443921,-0.955435458766146,0.762643842056065
"15033",-5.57499010726121,-0.953414105774787,0.765612988528249
"15034",-5.57509547610148,-0.953335583317817,0.765728265233258
"15035",-5.57542733329394,-0.953088213708283,0.766091390554927
"15036",-5.57554938731764,-0.952997208745484,0.766224968991089
"15037",-5.5759254246002,-0.952716747142579,0.766636594218684
"15038",-5.57612060446759,-0.952571125392915,0.766850294867953
"15039",-5.57758320886504,-0.951478801818903,0.768452760444694
"15040",-5.57795317969418,-0.951202188955556,0.768858411512596
"15041",-5.57799700703712,-0.951169412734336,0.768906473711714
"15042",-5.57904360708493,-0.950386195745585,0.770054715337516
"15043",-5.58025891037387,-0.949475475546313,0.771389287472737
"15044",-5.58032677116298,-0.949424582280935,0.771463847711247
"15045",-5.58050178533129,-0.949293308087657,0.771656159311207
"15046",-5.58113296967113,-0.948819636218629,0.772349959638454
"15047",-5.58156969714005,-0.94849167870551,0.77283022670489
"15048",-5.58209329846826,-0.948098250533724,0.773406260829425
"15049",-5.58218057122848,-0.948032649964852,0.773502297679185
"15050",-5.58289783992883,-0.947493229363356,0.774291864190888
"15051",-5.58321773081997,-0.947252500885236,0.774644153591803
"15052",-5.58404066057868,-0.946632777524949,0.775550870639172
"15053",-5.58539448598078,-0.945611861863589,0.777043928723682
"15054",-5.58588702267669,-0.945240009691581,0.777587552539918
"15055",-5.58601734082905,-0.945141584234297,0.7777314264502
"15056",-5.58773459462814,-0.943843072597215,0.779628837932164
"15057",-5.5883369986793,-0.94338688794071,0.780295118061024
"15058",-5.58929467085413,-0.942660943106622,0.781355068495725
"15059",-5.58992487929316,-0.942182737857334,0.78205307524227
"15060",-5.59035745049186,-0.941854275545793,0.782532410459583
"15061",-5.59042451735471,-0.941803333518165,0.782606744374425
"15062",-5.59064571493488,-0.941635286947407,0.782851941633831
"15063",-5.5913179692803,-0.941124270900063,0.783597434601467
"15064",-5.59135616549729,-0.941095222536253,0.783639805679047
"15065",-5.59158172713834,-0.940923652635656,0.783890051143499
"15066",-5.59179783946676,-0.940759222920225,0.784129861191673
"15067",-5.59189378230202,-0.940686209676035,0.784236339670141
"15068",-5.59204227031973,-0.940573191119337,0.784401151693316
"15069",-5.59504904956264,-0.938279899520246,0.787743304883959
"15070",-5.59553185871708,-0.937910808231645,0.788280831719612
"15071",-5.59586618079395,-0.937655091401405,0.78865318500354
"15072",-5.59682067199003,-0.936924390642972,0.789716897422234
"15073",-5.59812012235531,-0.935928106271576,0.791166581791646
"15074",-5.5985360769723,-0.935608826685991,0.791631004259375
"15075",-5.59958247475963,-0.934804834549802,0.792800147074024
"15076",-5.60043787053986,-0.934146747546787,0.79375675679911
"15077",-5.60133973084486,-0.93345208051178,0.794766187024669
"15078",-5.60176681334317,-0.933122816023568,0.795244519247613
"15079",-5.60362658514388,-0.931686738812536,0.797329800819935
"15080",-5.60381258611192,-0.931542909082972,0.797538566282693
"15081",-5.60688461828969,-0.929161966916581,0.800992202638339
"15082",-5.60740900913681,-0.92875451398082,0.801582803179244
"15083",-5.60779036454207,-0.928458009547208,0.802012506865331
"15084",-5.60804940482906,-0.928256513636271,0.802304483844654
"15085",-5.60908392916452,-0.927451060781453,0.8034713211781
"15086",-5.60941281332442,-0.927194750713394,0.803842529431187
"15087",-5.60958645140599,-0.927059380175238,0.804038563935725
"15088",-5.60961927194445,-0.927033789059236,0.80407562173953
"15089",-5.61004181146691,-0.926704215049128,0.80455282554127
"15090",-5.61021096226697,-0.926572223990944,0.804743918245943
"15091",-5.61171116324241,-0.925400181142435,0.806440200578035
"15092",-5.61381593807362,-0.923751494236639,0.80882460369946
"15093",-5.61442291583922,-0.923275098130079,0.809513214890358
"15094",-5.6150294126695,-0.922798653396371,0.810201729049592
"15095",-5.61706443810474,-0.921196865635207,0.812515260481768
"15096",-5.61875104742634,-0.919865619884407,0.81443660227041
"15097",-5.61887149509691,-0.919770420723543,0.814573950198529
"15098",-5.61939096806807,-0.919359642025521,0.815166522189472
"15099",-5.62088261943735,-0.918178299777915,0.816869988418617
"15100",-5.62158856880791,-0.917618270834871,0.817677179894314
"15101",-5.62162259159313,-0.917591265279084,0.817716098263896
"15102",-5.62176125307379,-0.917481188255587,0.817874727459151
"15103",-5.62185367942923,-0.917407802161289,0.817980477378363
"15104",-5.62406838952804,-0.915646197744449,0.820517784624315
"15105",-5.62412661808511,-0.915599800453714,0.82058458190469
"15106",-5.62462100659333,-0.915205695444979,0.821151904120762
"15107",-5.62512240385406,-0.914805692775553,0.821727600658175
"15108",-5.62514545627872,-0.914787294572336,0.821754077138149
"15109",-5.62563303271151,-0.914398003082238,0.822314240925093
"15110",-5.62776259782756,-0.912694218241812,0.82476457528621
"15111",-5.6278955478118,-0.912587660496675,0.824917753540498
"15112",-5.62834002969113,-0.912231251437862,0.825430036694957
"15113",-5.62947003883868,-0.911324021296591,0.826733624536617
"15114",-5.62981597654044,-0.911045959426384,0.827133048719972
"15115",-5.63142871213671,-0.909747634054974,0.828997296883073
"15116",-5.63180703039477,-0.909442586630692,0.829435133276563
"15117",-5.63185734622535,-0.909402001816702,0.829493379824246
"15118",-5.63249476958438,-0.90888757209516,0.830231576156246
"15119",-5.63273455396783,-0.908693919054185,0.830509414759132
"15120",-5.63285905155975,-0.908593343754269,0.830653701815437
"15121",-5.633086510515,-0.908409539237884,0.830917372026627
"15122",-5.63317032109083,-0.908341796837947,0.831014543304794
"15123",-5.63399086540793,-0.907678084596091,0.831966412028607
"15124",-5.63426809379689,-0.907453644944704,0.832288222037919
"15125",-5.63485812792502,-0.906975628200624,0.832973499031208
"15126",-5.63601842285785,-0.906034281479608,0.834322515503244
"15127",-5.63611800498796,-0.905953407956254,0.834438383123407
"15128",-5.63648942937834,-0.905651647993439,0.834870673387296
"15129",-5.63766517645263,-0.904695219912258,0.836240382798825
"15130",-5.63829743088435,-0.904180143895013,0.836977754384233
"15131",-5.63834256939451,-0.904143350710554,0.837030419379869
"15132",-5.63888399718669,-0.903701811296859,0.837662353507473
"15133",-5.63890635658423,-0.903683568567426,0.837688459597953
"15134",-5.64091049443477,-0.902045690611364,0.840031352197711
"15135",-5.64153971659793,-0.901530341310785,0.840768130755844
"15136",-5.64203369086899,-0.901125386886967,0.841346947090415
"15137",-5.64332060586362,-0.900068826193272,0.842856572706421
"15138",-5.64419675215083,-0.899348209442061,0.843885737297685
"15139",-5.64491227457229,-0.898758919107121,0.844727067719599
"15140",-5.64507923793105,-0.898621309554364,0.844923497076599
"15141",-5.6463067309723,-0.897608434994081,0.846368896002233
"15142",-5.64752321590864,-0.89660257251182,0.847803559500005
"15143",-5.64775485897257,-0.896410801330949,0.848077000672382
"15144",-5.64797733421451,-0.896226549002348,0.8483396960701
"15145",-5.64833313657787,-0.895931731452891,0.848759977758515
"15146",-5.64908857048269,-0.895305187728838,0.849652949799256
"15147",-5.6491329803935,-0.895268329827808,0.849705472203881
"15148",-5.65064110570503,-0.894015003618711,0.851490879066948
"15149",-5.65077400648421,-0.893904401333661,0.851648381837509
"15150",-5.65115464942247,-0.893587484184494,0.852099638002891
"15151",-5.65223410295034,-0.892687619488751,0.8533805572389
"15152",-5.65483628485932,-0.890511447441038,0.856475851427692
"15153",-5.65496831451799,-0.890400770254985,0.856633183461241
"15154",-5.65554012426709,-0.889921141935812,0.85731489310481
"15155",-5.65618150698718,-0.889382585873096,0.858080162628015
"15156",-5.65650662143863,-0.889109362761816,0.858468324024404
"15157",-5.65703317548656,-0.888666520969757,0.859097345352603
"15158",-5.65720859520455,-0.88851889871292,0.859306999849663
"15159",-5.65739553802748,-0.888361529189447,0.859530480380146
"15160",-5.65812874184444,-0.887743813654902,0.860407527693485
"15161",-5.65825319641401,-0.887638882823077,0.860556483957852
"15162",-5.65939718988099,-0.886673270076195,0.861926866650573
"15163",-5.6600959143501,-0.886082532202456,0.862764905053445
"15164",-5.66092462427787,-0.885380945150637,0.863759874445826
"15165",-5.66105537137858,-0.885270159741302,0.863916954891195
"15166",-5.66380746654168,-0.882932204596909,0.867229858080344
"15167",-5.66388139487955,-0.882869241331443,0.86731902382204
"15168",-5.66470499316391,-0.882167230009431,0.868312989784557
"15169",-5.66559649932146,-0.881406154134943,0.869390188620256
"15170",-5.66613279202781,-0.880947728354929,0.870038829084885
"15171",-5.6663920285452,-0.880725971004106,0.87035254669803
"15172",-5.66689271940829,-0.880297370493473,0.870958784047305
"15173",-5.66751409366648,-0.879764916861958,0.871711735669944
"15174",-5.6677854799608,-0.879532176575647,0.872040794436709
"15175",-5.66837578948703,-0.879025527875142,0.87275698447288
"15176",-5.66893522370833,-0.878544870795065,0.873436264928145
"15177",-5.6734343899428,-0.874661082054458,0.87891895942987
"15178",-5.6755773433207,-0.87279970050635,0.881542864950619
"15179",-5.67594734188796,-0.872477553577129,0.88199673242831
"15180",-5.67598966037715,-0.872440693693319,0.88204865903592
"15181",-5.67658448449233,-0.871922281444546,0.882778874126897
"15182",-5.67740729308441,-0.871204203504205,0.883790017066539
"15183",-5.67768052433186,-0.870965500828715,0.884126059500468
"15184",-5.67798370560889,-0.870700486938186,0.884499095421179
"15185",-5.67836876901667,-0.870363677172314,0.884973120366885
"15186",-5.67847032792057,-0.870274803530093,0.885098187494593
"15187",-5.67942173757403,-0.869441387622041,0.886270738181243
"15188",-5.67980178243853,-0.8691080490714,0.886739582246876
"15189",-5.67988620211179,-0.869033971139162,0.886843762978268
"15190",-5.68001280793076,-0.868922852401783,0.887000029411321
"15191",-5.68045974249814,-0.868530371835273,0.887551905744569
"15192",-5.68165596564456,-0.867478223121021,0.889030822063221
"15193",-5.68363008046877,-0.865736513883977,0.891477283204002
"15194",-5.68379116521958,-0.865594096776832,0.891677232549224
"15195",-5.68430449165922,-0.865139958570942,0.89231473378292
"15196",-5.68442609125367,-0.865032312881257,0.892465821298268
"15197",-5.68509553022586,-0.864439233800267,0.893298099263236
"15198",-5.68580592141834,-0.863809019599618,0.894182218951354
"15199",-5.68588943671161,-0.86373487217532,0.894286221126728
"15200",-5.68784840001357,-0.861992131107017,0.896729549822417
"15201",-5.68905363131677,-0.860916558989267,0.898236443242206
"15202",-5.69200401619269,-0.858272621045881,0.901937200671709
"15203",-5.6921169680872,-0.858171089408513,0.902079218501425
"15204",-5.69237547762828,-0.857938630015024,0.902404344993559
"15205",-5.69355979250087,-0.85687210568113,0.903895542488798
"15206",-5.69405358003175,-0.856426673544487,0.904518103622141
"15207",-5.69433717351628,-0.856170649747386,0.904875874302748
"15208",-5.69524501210892,-0.855350073281043,0.906022249488128
"15209",-5.69590121046271,-0.854756002812595,0.906851894614726
"15210",-5.69610610564834,-0.854570343551992,0.907111125369923
"15211",-5.69666693834725,-0.854061764390544,0.907821117036066
"15212",-5.69723552451395,-0.853545556826678,0.908541573979243
"15213",-5.69730910946232,-0.853478706524354,0.908634861570837
"15214",-5.69757066141605,-0.853241010476191,0.908966534082027
"15215",-5.69814235229576,-0.852721017292859,0.909691976762394
"15216",-5.69939787812853,-0.851576872850721,0.911287510893226
"15217",-5.69965856001788,-0.85133894400575,0.9116191934946
"15218",-5.70038415409269,-0.850676003837392,0.912543151870556
"15219",-5.70202141624146,-0.84917643277873,0.914632020252681
"15220",-5.7021350008226,-0.849072210178232,0.914777141957725
"15221",-5.70379283531033,-0.847548190239747,0.916898358369226
"15222",-5.70447865926277,-0.846916167564997,0.917777570716381
"15223",-5.70528433158515,-0.846172527748753,0.918811700380544
"15224",-5.70661090243851,-0.844945324805681,0.920517451562933
"15225",-5.70689184970934,-0.84468497754117,0.920879187379884
"15226",-5.70749335314268,-0.844127053529976,0.921654229156356
"15227",-5.70928140601545,-0.842464298911647,0.923962773832132
"15228",-5.71088830566533,-0.840964535499663,0.926043386586226
"15229",-5.71104749962465,-0.840815671586329,0.926249819947947
"15230",-5.71224362621266,-0.839695514694591,0.927802679936593
"15231",-5.71250951705342,-0.83944611524371,0.928148301699425
"15232",-5.71311236749614,-0.838880119490853,0.928932508760124
"15233",-5.7132350248236,-0.838764869440693,0.929092164732643
"15234",-5.71540528778324,-0.836720534526604,0.931922664163127
"15235",-5.7155630234398,-0.836571570574365,0.932128800976556
"15236",-5.71604757314573,-0.836113642112213,0.932762388396544
"15237",-5.71678373806851,-0.835416982098091,0.933726007190735
"15238",-5.71800137522167,-0.834262185535362,0.935322585421529
"15239",-5.71831510441968,-0.833964139855674,0.935734503541875
"15240",-5.71895228320103,-0.833358170912099,0.936571803319145
"15241",-5.72021643623135,-0.83215337441258,0.938235787252678
"15242",-5.72085041739112,-0.83154787062877,0.939071692766965
"15243",-5.72124232210797,-0.831173136404296,0.939588892226005
"15244",-5.7216296850505,-0.830802418719495,0.940100453534091
"15245",-5.72233604204771,-0.8301255767323,0.941034199678185
"15246",-5.72299641996345,-0.829491810280881,0.941908236231831
"15247",-5.72327831228358,-0.829220987344217,0.94228164830846
"15248",-5.7234308215677,-0.829074394279947,0.942483750667711
"15249",-5.72353956403445,-0.828969839067319,0.942627888040494
"15250",-5.72588703758604,-0.826706401375856,0.945746379056322
"15251",-5.72685434718205,-0.825770158599296,0.947035281229072
"15252",-5.72765825086953,-0.824990477795529,0.948108192084336
"15253",-5.72812307021614,-0.824538999953872,0.948729276670106
"15254",-5.72904733435501,-0.823639811418508,0.949965849641263
"15255",-5.73016107793753,-0.822553700644919,0.951458745582401
"15256",-5.73020677871437,-0.822509073148285,0.951520070406281
"15257",-5.73198037562692,-0.820773415002785,0.953904071927822
"15258",-5.73577473477532,-0.817035590955555,0.959031183873633
"15259",-5.73593339192334,-0.816878557007,0.959246377227127
"15260",-5.73631053795845,-0.816505028447384,0.959758179383047
"15261",-5.7368491369247,-0.815971005748738,0.960489723482657
"15262",-5.73698266814687,-0.815838501500677,0.960671207753398
"15263",-5.73830402366339,-0.814524993167412,0.962469609443842
"15264",-5.73837907197014,-0.814450263892266,0.962571890575461
"15265",-5.73852146955863,-0.814308434080409,0.962766001073267
"15266",-5.73897899335222,-0.813852401096788,0.963390042678837
"15267",-5.73995210181482,-0.812880765887824,0.964719171966691
"15268",-5.74147632173349,-0.811354179701467,0.966806146225544
"15269",-5.74155667922081,-0.811273538175259,0.966916346316831
"15270",-5.74226377421422,-0.810563252182222,0.96788679275841
"15271",-5.74322948566985,-0.809591167596514,0.969214376164604
"15272",-5.74331098447411,-0.809509024044115,0.969326531024839
"15273",-5.74373730474992,-0.809079058960802,0.969913510430592
"15274",-5.74497318206176,-0.807830022673091,0.971617962210196
"15275",-5.74673944356194,-0.806038207175664,0.974061265332174
"15276",-5.7478727019187,-0.804884329922489,0.975633541168747
"15277",-5.7494629076723,-0.803259564696943,0.977845938825991
"15278",-5.74948980970246,-0.8032320211143,0.977883428945837
"15279",-5.74992817570659,-0.802782932976662,0.97849462030709
"15280",-5.75054094915208,-0.802154322607009,0.979349908353032
"15281",-5.75090170993862,-0.801783773594057,0.979853954359793
"15282",-5.75109486773515,-0.801585233098602,0.980123985018816
"15283",-5.75352686388446,-0.799076934507942,0.983533209510726
"15284",-5.75444012223359,-0.798130905199633,0.984817946901561
"15285",-5.75508707288654,-0.797459365482028,0.985729559004201
"15286",-5.75526727873272,-0.797272106620773,0.985983708832218
"15287",-5.75529625648154,-0.79724198641537,0.986024586147182
"15288",-5.75583634717479,-0.796680180522704,0.986786925055048
"15289",-5.75598728938769,-0.796523025977366,0.98700013756417
"15290",-5.7563180575558,-0.796178424660475,0.987467603110117
"15291",-5.75660545831203,-0.795878758970487,0.987874047922615
"15292",-5.75677077128539,-0.795706287597769,0.988107948710457
"15293",-5.75773880754248,-0.794694808992582,0.989479292395409
"15294",-5.75782816917286,-0.794601305405229,0.989606028751506
"15295",-5.7583828473038,-0.794020417718392,0.990393244833896
"15296",-5.75932068058984,-0.793036303245893,0.991726405160533
"15297",-5.76023748222392,-0.792071854218014,0.993032307680261
"15298",-5.76030863849862,-0.791996899966457,0.993133773163503
"15299",-5.76059313330966,-0.791697075956203,0.993539607726423
"15300",-5.76070672258725,-0.791577301698804,0.993701714800333
"15301",-5.76213985550526,-0.790062955061868,0.995750479099738
"15302",-5.76263876684061,-0.789534381261614,0.996465234969133
"15303",-5.76310888651191,-0.789035649923337,0.997139469429165
"15304",-5.76380903893526,-0.788291691861335,0.99814492390919
"15305",-5.76382148416829,-0.78827845501703,0.998162810148693
"15306",-5.76395556557696,-0.788135816228108,0.998355543063371
"15307",-5.76427243699925,-0.787798511733703,0.99881125466881
"15308",-5.76508842664425,-0.786928543367984,0.999986273954439
"15309",-5.76547709882934,-0.786513468085501,1.00054672012943
"15310",-5.76549927245617,-0.786489774663119,1.00057870826539
"15311",-5.76563261344239,-0.786347263604394,1.00077110261803
"15312",-5.76611295150185,-0.78583345349728,1.00146465260952
"15313",-5.76885691413597,-0.782885001067377,1.00544121444733
"15314",-5.77084801984144,-0.780731159793534,1.00834253406036
"15315",-5.77090351296546,-0.780670955998211,1.00842358824358
"15316",-5.77116960636963,-0.780382141788601,1.00881239504159
"15317",-5.77269413852617,-0.778723176611638,1.01104468345565
"15318",-5.7745948583192,-0.776644590879198,1.01383911464993
"15319",-5.77492804509532,-0.776279039640984,1.01433027200727
"15320",-5.77585041704282,-0.775265211165064,1.01569201215152
"15321",-5.77646400437954,-0.774589261976968,1.01659955929039
"15322",-5.77745032752948,-0.773500126508385,1.01806124780645
"15323",-5.77772193134836,-0.773199652388904,1.01846436995195
"15324",-5.77982297248945,-0.770867046263917,1.0215918876132
"15325",-5.78123367030019,-0.7692925968044,1.02370092943832
"15326",-5.78167014074526,-0.768804099683613,1.02435497289961
"15327",-5.78170690551917,-0.768762923048116,1.02441009694756
"15328",-5.78274216395338,-0.767601537670452,1.02596442709669
"15329",-5.7831231179585,-0.76717324711358,1.02653741106809
"15330",-5.78334369809035,-0.766925029702189,1.02686943311365
"15331",-5.78374412911193,-0.766473997809347,1.02747264561861
"15332",-5.78461010525115,-0.765496689473299,1.0287792633013
"15333",-5.78474313501479,-0.765346325565423,1.02898023976564
"15334",-5.78623609257559,-0.76365457142166,1.03124045945578
"15335",-5.78648413106735,-0.76337274293429,1.03161681368561
"15336",-5.78653388439171,-0.763316185481972,1.03169233459811
"15337",-5.78676531590476,-0.763052988373403,1.03204375412676
"15338",-5.78678834783158,-0.76302678472739,1.03207873873284
"15339",-5.78683140956504,-0.76297778790891,1.03214415345137
"15340",-5.78712866806238,-0.762639378732587,1.03259591600535
"15341",-5.78742565985055,-0.762300957983119,1.03304762224985
"15342",-5.78749478010947,-0.762222150485081,1.03315280006264
"15343",-5.7875013755171,-0.762214629833053,1.03316283704809
"15344",-5.78847947014011,-0.761097590930717,1.03465323270639
"15345",-5.78863053910272,-0.760924754026454,1.03488376854573
"15346",-5.789234812555,-0.760232581484164,1.03580682518465
"15347",-5.79079889587641,-0.75843478854924,1.03820290134119
"15348",-5.79136004860606,-0.75778759015359,1.03906498650359
"15349",-5.79162065318754,-0.757486627750104,1.03946578753138
"15350",-5.79194922737951,-0.757106809261678,1.03997152330269
"15351",-5.79197863974273,-0.757072790110267,1.04001681609635
"15352",-5.79314234393781,-0.755724214353491,1.04181171900715
"15353",-5.79319267039202,-0.755665777789026,1.04188947034234
"15354",-5.7936008188023,-0.755191502182573,1.04252042780404
"15355",-5.79627039763035,-0.752073743444778,1.04666470726976
"15356",-5.79771609712769,-0.750373885660259,1.04892171819908
"15357",-5.79790768462733,-0.750148007470991,1.04922149758249
"15358",-5.79962670030257,-0.748114897558292,1.05191837770326
"15359",-5.79966682423978,-0.74806730370668,1.05198147968995
"15360",-5.80161067683963,-0.745753931995872,1.05504698028988
"15361",-5.80220945356569,-0.745038301531055,1.05599461760252
"15362",-5.80325612376544,-0.743783917509784,1.05765492078125
"15363",-5.80403950217366,-0.742842187983094,1.05890076677716
"15364",-5.80453981515417,-0.742239442170225,1.05969787768644
"15365",-5.80466463357655,-0.742088910301411,1.05989691666552
"15366",-5.80493622470941,-0.741761150524714,1.06033024573438
"15367",-5.80566253290884,-0.740883154225533,1.06149071902339
"15368",-5.80575590640821,-0.740770123416509,1.06164008131398
"15369",-5.80622234472041,-0.740204953767651,1.06238679775936
"15370",-5.80653290657156,-0.739828159611464,1.06288452073545
"15371",-5.80656394530274,-0.739790479565026,1.0629342891609
"15372",-5.80661967580856,-0.739722814524328,1.06302366011317
"15373",-5.80684612089954,-0.739447745221806,1.06338693905665
"15374",-5.80736351789192,-0.738818454267303,1.06421786070875
"15375",-5.80775639669368,-0.738339870535346,1.06484962769556
"15376",-5.8083279191436,-0.737642529179377,1.06576992508747
"15377",-5.8084573596567,-0.737484404045731,1.06597856585419
"15378",-5.80894442565034,-0.736888775913845,1.06676434239633
"15379",-5.80912913195953,-0.736662641282137,1.0670626125853
"15380",-5.80933819882961,-0.73640650993545,1.06740041125949
"15381",-5.80948885360725,-0.736221826704396,1.06764395625457
"15382",-5.80952894053683,-0.736172669293647,1.06770877754818
"15383",-5.81023499391748,-0.735305750405249,1.06885170037215
"15384",-5.81222141021859,-0.732855453570674,1.07207968025224
"15385",-5.81255626898453,-0.7324407435203,1.07262565841961
"15386",-5.81289075139031,-0.732026020781294,1.07317155103805
"15387",-5.81316413917048,-0.731686692784762,1.07361812680773
"15388",-5.81432159491691,-0.730246500187813,1.07551274537242
"15389",-5.81469940490513,-0.729775148355109,1.07613255656137
"15390",-5.81543261476958,-0.728858635691267,1.0773373624695
"15391",-5.81592925631886,-0.728236503586419,1.07815490628528
"15392",-5.81603460977082,-0.728104391109044,1.07832848588789
"15393",-5.81729479996208,-0.72652034881989,1.08040892214166
"15394",-5.81738460667282,-0.726407196343835,1.08055747686178
"15395",-5.81758498294436,-0.72615460281564,1.08088907267227
"15396",-5.81771366241079,-0.725992296475725,1.08110212287406
"15397",-5.81822147585919,-0.725351064664596,1.08194367964176
"15398",-5.81968024565363,-0.723502654569108,1.0843681952011
"15399",-5.82074734870629,-0.72214449612903,1.08614838486253
"15400",-5.82093356336757,-0.72190696569757,1.08645961429558
"15401",-5.82098394998308,-0.721842666978303,1.08654385743394
"15402",-5.82105087272511,-0.721757248662209,1.08665576739497
"15403",-5.82130896103412,-0.721427642393287,1.08708755789426
"15404",-5.82189895495443,-0.72067302424774,1.08807588363855
"15405",-5.82192842300765,-0.720635292397911,1.08812529245394
"15406",-5.82201680910089,-0.720522096312203,1.08827351462977
"15407",-5.82343304643504,-0.718703462887045,1.09065386362066
"15408",-5.82433458509554,-0.717540981007443,1.09217439197895
"15409",-5.82666271415549,-0.714521587318877,1.09612011317277
"15410",-5.82781966462944,-0.713011693527938,1.0980912603055
"15411",-5.82785417814545,-0.712966554357011,1.09815016874472
"15412",-5.82802164555879,-0.712747448959445,1.09843609350555
"15413",-5.82845397603704,-0.712181197571756,1.09917490383472
"15414",-5.82905812750148,-0.711388416053784,1.10020896798632
"15415",-5.82951305271445,-0.710790306381103,1.10098887378591
"15416",-5.82960362585326,-0.710671108149944,1.10114427799379
"15417",-5.83018424926636,-0.709906050414856,1.10214152550521
"15418",-5.83049697896815,-0.709493313072644,1.10267938694054
"15419",-5.83100556518681,-0.708821082418948,1.10355520071332
"15420",-5.83126503382868,-0.708477646151076,1.10400254621919
"15421",-5.83262759755022,-0.706668788683733,1.10635757907545
"15422",-5.83330329078173,-0.705768428856255,1.10752910497384
"15423",-5.83359064471797,-0.705384853728769,1.1080280637559
"15424",-5.83457853532365,-0.704063072141061,1.10974681361969
"15425",-5.83497270562981,-0.703534336159307,1.11043406722437
"15426",-5.83524817149983,-0.703164372849219,1.1109148534331
"15427",-5.83568348390239,-0.702578961182458,1.11167546795811
"15428",-5.83628336698128,-0.701770689464069,1.11272532287086
"15429",-5.83632256610097,-0.701717810836793,1.11279399349095
"15430",-5.83660239726867,-0.70134010267908,1.11328445692151
"15431",-5.83824205142352,-0.699119050560782,1.11616692629168
"15432",-5.83857836430252,-0.698661810979806,1.11675998581383
"15433",-5.83918856852534,-0.697830734015914,1.11783762887175
"15434",-5.84037730260374,-0.696206273547453,1.11994292378131
"15435",-5.84235613543905,-0.693486010865366,1.12346508146276
"15436",-5.84320368206586,-0.692314699541944,1.12498041287402
"15437",-5.84339469431934,-0.692050202871997,1.12532248834443
"15438",-5.84347639982533,-0.691937006151587,1.12546887465329
"15439",-5.84470083865695,-0.690236443455281,1.1276671940282
"15440",-5.84573035894743,-0.68880046840932,1.12952223692704
"15441",-5.84591138371253,-0.68854739302262,1.12984905072589
"15442",-5.84651337285491,-0.687704545295579,1.1309372240631
"15443",-5.84683389679738,-0.687254987085094,1.13151747417242
"15444",-5.84689055351251,-0.687175464585862,1.13162010323239
"15445",-5.84714876755522,-0.686812820854832,1.13208807493624
"15446",-5.84739609505104,-0.686465130098577,1.1325366827741
"15447",-5.84996856318991,-0.682829105198534,1.13722408899308
"15448",-5.85007497693081,-0.682677917001681,1.13741883751461
"15449",-5.85103328904789,-0.681313572931252,1.13917571140249
"15450",-5.85124266944882,-0.681014802553938,1.13956030415168
"15451",-5.85153101837949,-0.680602951262236,1.1400903807185
"15452",-5.85174528344445,-0.68029661491494,1.14048459344753
"15453",-5.85235240949086,-0.679427210574139,1.14160311878695
"15454",-5.85281328881888,-0.67876585322216,1.14245370737929
"15455",-5.8529844157102,-0.678519983981699,1.14276986543426
"15456",-5.85306330774851,-0.678406579099373,1.14291567929863
"15457",-5.85382468712143,-0.677310314384806,1.14432487561768
"15458",-5.85476921979132,-0.675945770344549,1.14607802119347
"15459",-5.85502777986262,-0.675571348334906,1.14655889649336
"15460",-5.85508767602341,-0.67548455790274,1.14667035179191
"15461",-5.8552545764777,-0.675242608298154,1.14698103922763
"15462",-5.85594626265864,-0.674238191601651,1.14827047182886
"15463",-5.85683729301042,-0.672940236585155,1.14993593042403
"15464",-5.85749461312793,-0.671979773888746,1.15116775366701
"15465",-5.85795932127846,-0.671299231969812,1.15204026886658
"15466",-5.85816558399773,-0.670996765674051,1.15242797747311
"15467",-5.85832017039834,-0.670769914668852,1.15271872825959
"15468",-5.85906075821436,-0.669681174684521,1.15411376121643
"15469",-5.85927136098625,-0.669370976350524,1.15451111039524
"15470",-5.85932267426554,-0.669295356919472,1.15460796742227
"15471",-5.86009111552413,-0.668161051804626,1.15606047199345
"15472",-5.86177340948203,-0.665665494459706,1.15925366521664
"15473",-5.86197655309435,-0.665362995012097,1.15964050233738
"15474",-5.86271155614602,-0.664266421362531,1.16104239407052
"15475",-5.86271397985598,-0.664262799932573,1.16104702274899
"15476",-5.86287003025892,-0.664029559200786,1.16134512129258
"15477",-5.86290876770242,-0.663971637322258,1.1614191451502
"15478",-5.86296450008457,-0.663888287855361,1.16152566219331
"15479",-5.86362083727279,-0.662905289834764,1.16278161216128
"15480",-5.86367136723728,-0.662829501773286,1.16287842314351
"15481",-5.86420018948195,-0.662035400743324,1.16389261675505
"15482",-5.86482825897907,-0.661090030104369,1.165099568476
"15483",-5.86547974776171,-0.660106831105746,1.16635431190863
"15484",-5.86654832159389,-0.658488465919796,1.16841852810422
"15485",-5.86660323253919,-0.658405109892309,1.16852481070064
"15486",-5.86682730865412,-0.658064761238974,1.16895873201877
"15487",-5.86739510528825,-0.657200922256055,1.17005979265902
"15488",-5.86777113303716,-0.656627718439063,1.17079018815031
"15489",-5.86791982226703,-0.656400814794496,1.17107926842196
"15490",-5.86854571403607,-0.655444148789025,1.17229778330011
"15491",-5.86878535618476,-0.655077199244145,1.17276504244403
"15492",-5.86893331759898,-0.654850451830521,1.17305373821962
"15493",-5.86905170468787,-0.654668925604345,1.17328483866054
"15494",-5.86905674048321,-0.654661202091005,1.17329467105492
"15495",-5.86940159229497,-0.654131908662772,1.17396841154127
"15496",-5.86956650334423,-0.653878526489722,1.17429089088407
"15497",-5.86989107150191,-0.653379324084725,1.17492612664947
"15498",-5.87208019322021,-0.649994527278101,1.17922983278795
"15499",-5.87333077784971,-0.648046816050696,1.18170359059072
"15500",-5.87526288182432,-0.645017267712536,1.18554743709779
"15501",-5.87530121055161,-0.644956915177958,1.18562396293914
"15502",-5.87588659287302,-0.644033939104714,1.18679404269586
"15503",-5.87598872251166,-0.643872673392088,1.18699843781752
"15504",-5.87674745036566,-0.642672403945519,1.18851928682866
"15505",-5.8767568966724,-0.642657435685796,1.18853824823622
"15506",-5.87734339978237,-0.641726892056951,1.18971680896542
"15507",-5.87743860988679,-0.641575610099696,1.18990836958514
"15508",-5.87817516453284,-0.64040317483418,1.1913925627789
"15509",-5.87829374437145,-0.640214072402225,1.19163188213611
"15510",-5.8786964609856,-0.639571124323793,1.1924454294415
"15511",-5.8787437932349,-0.639495483398578,1.19254112681412
"15512",-5.8787839179642,-0.639431348541159,1.19262226493081
"15513",-5.87968840083564,-0.637982666645028,1.19445445178871
"15514",-5.87991913932497,-0.637612187134983,1.19492283335445
"15515",-5.88065488157229,-0.636428369817568,1.19641900957564
"15516",-5.88109806102574,-0.63571345170125,1.19732221480825
"15517",-5.8822195556789,-0.633898093479095,1.19961450166718
"15518",-5.88247801726963,-0.63347845405115,1.20014414759352
"15519",-5.8826386938186,-0.633217338255084,1.20047366810452
"15520",-5.88340967079456,-0.631961847157989,1.2020575735808
"15521",-5.88365295421193,-0.631564786997084,1.20255832978577
"15522",-5.88398399608189,-0.631023812407816,1.20324045528791
"15523",-5.88426133840671,-0.630569983529731,1.20381258165329
"15524",-5.88525237303346,-0.628943776563912,1.20586182057455
"15525",-5.88591831501266,-0.627847045126612,1.20724308725202
"15526",-5.8862321432401,-0.627329097897719,1.20789519713209
"15527",-5.88649084667189,-0.626901596128955,1.20843333069165
"15528",-5.88722762131562,-0.62568145142195,1.20996872074168
"15529",-5.88726719747566,-0.625615800236542,1.21005131255307
"15530",-5.88831339358639,-0.623876223630166,1.21223897073454
"15531",-5.88878943028563,-0.623082081348749,1.21323715750474
"15532",-5.88883235618727,-0.623010390684703,1.21332725238605
"15533",-5.88892516513382,-0.62285534494848,1.21352209208482
"15534",-5.88987150210045,-0.621270871776467,1.21551253599442
"15535",-5.89025670600317,-0.620624075474567,1.21632468727603
"15536",-5.89072877729232,-0.619829969083018,1.21732151890919
"15537",-5.89084103465091,-0.619640897548456,1.21755881092028
"15538",-5.89182658544155,-0.617977092521819,1.21964616974297
"15539",-5.89318612366218,-0.615670531106269,1.22253759614167
"15540",-5.89444950264401,-0.613515308066272,1.22523688325969
"15541",-5.89476313249266,-0.612978524131175,1.22590880866136
"15542",-5.89489332622848,-0.612755490032946,1.2261879514593
"15543",-5.89511389952107,-0.612377353196526,1.22666115897358
"15544",-5.89534963724925,-0.611972838633311,1.22716729639247
"15545",-5.89550824438537,-0.611700455203438,1.22750806207555
"15546",-5.89555225754201,-0.611624837829486,1.22760265668099
"15547",-5.89782999285198,-0.607692910443899,1.23251739678482
"15548",-5.89805433058294,-0.607303677969449,1.23300349853613
"15549",-5.89882848157511,-0.605957803284643,1.23468373931335
"15550",-5.89945953536819,-0.604857616343719,1.23605658039533
"15551",-5.8994652522189,-0.604847636865661,1.23606903026811
"15552",-5.90030268503628,-0.603383346135155,1.23789526267002
"15553",-5.90062621789315,-0.60281633489318,1.23860213923136
"15554",-5.90067354320149,-0.60273333383375,1.2387056007818
"15555",-5.90114300583316,-0.60190913560137,1.2397327844301
"15556",-5.90129015547662,-0.601650484635974,1.2400550666321
"15557",-5.9021091448564,-0.600208200670358,1.24185155778066
"15558",-5.90277258060463,-0.599036495417215,1.24331025597395
"15559",-5.90420905076499,-0.596489288036065,1.2464790084114
"15560",-5.90457438046813,-0.595839251389492,1.24728714398653
"15561",-5.90459984952823,-0.595793900513692,1.24734351705932
"15562",-5.90564762970311,-0.59392443794236,1.24966645003279
"15563",-5.90631764609595,-0.592725159544113,1.25115572111878
"15564",-5.9066969181929,-0.592044976453696,1.25200005971982
"15565",-5.90698513816624,-0.591527452416647,1.25264232957693
"15566",-5.90736985934813,-0.590835803118051,1.2535004894186
"15567",-5.90743840484622,-0.590712470823581,1.25365348836994
"15568",-5.90762178031631,-0.590382376879046,1.25406294690242
"15569",-5.90840116652084,-0.588976963989952,1.25580566047006
"15570",-5.90908034844531,-0.587749038598646,1.2573274903091
"15571",-5.91078968262644,-0.584645600744415,1.26117042044698
"15572",-5.91097632691479,-0.584305612662092,1.26159113291167
"15573",-5.9110210465648,-0.584224119616411,1.26169196663582
"15574",-5.9110499768891,-0.584171392926996,1.26175720516523
"15575",-5.91145600605435,-0.583430835507111,1.26267334939117
"15576",-5.91211753422349,-0.582222072765871,1.26416813109347
"15577",-5.91217525845738,-0.582116468722052,1.2642986891657
"15578",-5.91218351630695,-0.582101359651911,1.26431736803111
"15579",-5.91218492462087,-0.582098782871963,1.26432055361143
"15580",-5.91253022094424,-0.581466627913288,1.26510196541822
"15581",-5.91337843265507,-0.579910650020844,1.26702448578365
"15582",-5.91341552538447,-0.579842506171224,1.26710865514112
"15583",-5.91343608215278,-0.579804737292318,1.26715530521137
"15584",-5.9137914015114,-0.579151505547857,1.26796203086873
"15585",-5.91415467247343,-0.578482867112005,1.26878756662562
"15586",-5.91610663106278,-0.574876621793831,1.27323624762983
"15587",-5.91623912753257,-0.574631022534686,1.27353898850973
"15588",-5.91673355370434,-0.573713641784274,1.2746695481325
"15589",-5.91680886715469,-0.573573777955683,1.27484187706879
"15590",-5.91748502111775,-0.572316643762603,1.27639038758343
"15591",-5.91778316890422,-0.571761487761097,1.2770739710533
"15592",-5.9179857734067,-0.57138394815656,1.27753876317853
"15593",-5.91846832380857,-0.570483819865438,1.27864663808099
"15594",-5.91851194890255,-0.57040237935603,1.27874685529989
"15595",-5.91859815987009,-0.570241407210258,1.27894493124924
"15596",-5.91923909626839,-0.569043366640632,1.28041872142627
"15597",-5.92005312770039,-0.56751852821923,1.28229351668888
"15598",-5.9201256615646,-0.567382483745775,1.28246072896498
"15599",-5.92024637481324,-0.567156011190159,1.28273906643907
"15600",-5.92082605755928,-0.566067368773656,1.28407667289268
"15601",-5.92096975182722,-0.565797234551927,1.28440849550202
"15602",-5.92102987915194,-0.56568416733499,1.28454737244715
"15603",-5.92113622823441,-0.565484135036153,1.2847930506835
"15604",-5.92209198296997,-0.563683784998322,1.28700335296667
"15605",-5.92227394102987,-0.563340489919232,1.28742463997819
"15606",-5.92229199977758,-0.563306409584355,1.28746645977358
"15607",-5.92253578069581,-0.562846182009908,1.28803114729105
"15608",-5.92368893365242,-0.560665007420099,1.29070599342462
"15609",-5.92386813970461,-0.560325427450418,1.29112222355726
"15610",-5.92450983531031,-0.559108125974399,1.29261383449669
"15611",-5.92543734013523,-0.557344956138493,1.29477304418321
"15612",-5.92584928526598,-0.556560470203982,1.29573325421854
"15613",-5.92613033065995,-0.556024776957023,1.29638877038673
"15614",-5.92726015755363,-0.553867301216028,1.29902741443104
"15615",-5.92857541766265,-0.551347876392087,1.30210586690387
"15616",-5.92863956340875,-0.55122478962272,1.30225618596574
"15617",-5.92889949179975,-0.550725821640666,1.30286547250419
"15618",-5.92953726904361,-0.549500158239386,1.30436160818031
"15619",-5.93100490601309,-0.546672427478031,1.30781055933707
"15620",-5.93125874360613,-0.546182338368483,1.30840792007806
"15621",-5.93168794884629,-0.545352991345112,1.30941853003086
"15622",-5.93198032689726,-0.544787552462479,1.31010736000532
"15623",-5.93240876735103,-0.543958278930365,1.31111731779684
"15624",-5.93248264284519,-0.543815204609158,1.31129153168335
"15625",-5.93271027121192,-0.543374203817353,1.31182845191664
"15626",-5.93280362072323,-0.543193284026089,1.3120486951192
"15627",-5.93295340691928,-0.542902903548152,1.31240215729776
"15628",-5.93349732909841,-0.541847599888691,1.31368636765474
"15629",-5.93398237531195,-0.540905425459006,1.31483245199826
"15630",-5.93409086699011,-0.540694545660669,1.31508891225727
"15631",-5.93415685505609,-0.540566256813309,1.31524491941785
"15632",-5.93423437848657,-0.540415517604272,1.31542821737111
"15633",-5.93508620564419,-0.538757484657908,1.31744364554661
"15634",-5.93576259342981,-0.537438724374212,1.31904571428114
"15635",-5.93616398312333,-0.536655218073852,1.3199971398876
"15636",-5.93617748780283,-0.536628845425056,1.3200291594647
"15637",-5.9362065065806,-0.536572173453811,1.32009796492891
"15638",-5.93666924468135,-0.535667999982614,1.32119551086228
"15639",-5.93694079769514,-0.53513698299174,1.32183990911837
"15640",-5.93719879436306,-0.534632194802254,1.32245235099331
"15641",-5.93795551181868,-0.533150064574058,1.32424985089538
"15642",-5.93796360653196,-0.53313419753424,1.32426908835853
"15643",-5.93828886818855,-0.532496411574549,1.32504224916535
"15644",-5.93925181648418,-0.53060576975434,1.32733302984297
"15645",-5.93964646095089,-0.529829883585575,1.32827262211852
"15646",-5.93966560725287,-0.529792225935073,1.32831821778659
"15647",-5.93981875010207,-0.529490968287432,1.32868295395704
"15648",-5.94012488946004,-0.528888471992875,1.32941227066665
"15649",-5.94214525794361,-0.524903499887066,1.33423159245685
"15650",-5.94328997937004,-0.522639087807724,1.33696666530739
"15651",-5.94382193417499,-0.52158525114495,1.33823869083547
"15652",-5.94444820341078,-0.520343333355602,1.33973704318022
"15653",-5.94454302963288,-0.52015517385258,1.3399639887621
"15654",-5.94473444834875,-0.519775258716775,1.34042216471667
"15655",-5.94477054558808,-0.519703601666228,1.34050857490897
"15656",-5.94506609585256,-0.519116739402512,1.34121616931715
"15657",-5.94518741465924,-0.518875758369269,1.34150667748644
"15658",-5.94522529634373,-0.518800502399276,1.34159739448269
"15659",-5.94543859791099,-0.518376669002798,1.34210825110223
"15660",-5.94566075191231,-0.517935088924496,1.34264040502587
"15661",-5.94600130957352,-0.517257847659669,1.3434563725205
"15662",-5.94666095858735,-0.515945008837345,1.3450374962095
"15663",-5.94718596225587,-0.514899175249652,1.34629644908923
"15664",-5.94726718149671,-0.514737307077357,1.34649125495742
"15665",-5.9472954109992,-0.514681041602814,1.34655896660032
"15666",-5.94767274094795,-0.513928737514918,1.34746416459095
"15667",-5.94780475077334,-0.513665441237081,1.34778090642038
"15668",-5.94785196992404,-0.513571249083183,1.34789421007915
"15669",-5.94800776788514,-0.513260418433243,1.34826807727104
"15670",-5.94802910186644,-0.513217849677157,1.34831927531137
"15671",-5.94839852255407,-0.512480514347384,1.34920593851738
"15672",-5.94866212350029,-0.511954144354801,1.34983874855911
"15673",-5.94884098651408,-0.511596868922671,1.35026819347998
"15674",-5.94962362713658,-0.510032494510812,1.35214783703071
"15675",-5.95022321832453,-0.508832859617094,1.35358842539069
"15676",-5.95030390931576,-0.50867134234036,1.3537823306451
"15677",-5.95244181257688,-0.50438579121436,1.35892257980367
"15678",-5.95247372409542,-0.504321735959133,1.35899934199072
"15679",-5.95282370992253,-0.503619056890396,1.35984128304548
"15680",-5.95335325468482,-0.502555320107537,1.36111537963882
"15681",-5.9552044119441,-0.498831799068791,1.36557089012917
"15682",-5.95574356907158,-0.497745936936905,1.3668689398235
"15683",-5.95591137877934,-0.497407848498578,1.36727297614011
"15684",-5.95604738847366,-0.49713378699128,1.36760045533004
"15685",-5.95650777538195,-0.496205832929164,1.36870900525881
"15686",-5.95760069378095,-0.494001357330547,1.3713408202983
"15687",-5.95764357269329,-0.493914824215293,1.37144407941667
"15688",-5.95766768459668,-0.493866163022931,1.3715021447306
"15689",-5.95769931752632,-0.493802321801072,1.37157832196502
"15690",-5.95987408753554,-0.489409214905039,1.37681551870771
"15691",-5.96014320805437,-0.488865063324814,1.37746356683615
"15692",-5.96091339413309,-0.487307192433722,1.37931808740958
"15693",-5.96115630252753,-0.486815683306695,1.3799029438659
"15694",-5.96188311194228,-0.485344559013327,1.3816527596241
"15695",-5.96208150448592,-0.4849428763944,1.38213035404196
"15696",-5.96264654346603,-0.483798582093111,1.3834904711347
"15697",-5.96285216879085,-0.48338206251695,1.3839853911505
"15698",-5.96302631657,-0.483029265996009,1.38440452757406
"15699",-5.96324104214181,-0.482594217336432,1.38492129937302
"15700",-5.96356326295132,-0.481941279340543,1.3856967176893
"15701",-5.9638963574522,-0.481266188984643,1.38649822556192
"15702",-5.96428311114784,-0.480482201095291,1.38742874479723
"15703",-5.96452917433966,-0.479983328449986,1.38802070361301
"15704",-5.964893570528,-0.479244437988828,1.38889724349625
"15705",-5.9650396748832,-0.47894814551283,1.38924865833582
"15706",-5.9652098829025,-0.478602947477297,1.38965802331671
"15707",-5.9660638852367,-0.476870571470111,1.39171154652252
"15708",-5.96729813539854,-0.47436584852822,1.39467801698836
"15709",-5.96871981120044,-0.47147957060147,1.39809260797327
"15710",-5.9690889307171,-0.470730015313507,1.39897870365197
"15711",-5.96912945242233,-0.470647725922081,1.39907596645183
"15712",-5.96943210533514,-0.470033092364989,1.3998023352252
"15713",-5.97087843323103,-0.467095424796508,1.40327152020107
"15714",-5.97104928415352,-0.466748368790964,1.40368109389147
"15715",-5.97290661784168,-0.462975252980037,1.40813013116797
"15716",-5.97314625290966,-0.462488432214969,1.40870366086914
"15717",-5.97374890773903,-0.461264151445283,1.41014549599609
"15718",-5.9746391738904,-0.459455687274404,1.41227400086523
"15719",-5.97465760343759,-0.459418251638557,1.41231804475887
"15720",-5.97591076478226,-0.456872954798156,1.41531106156605
"15721",-5.97666072482626,-0.455349987529102,1.41710042811002
"15722",-5.97766149961062,-0.453318111802352,1.41948598410151
"15723",-5.97803370802525,-0.452562562919108,1.42037254185507
"15724",-5.97920973593027,-0.450175950580268,1.42317118036087
"15725",-5.97973319542223,-0.44911398818217,1.4244156010763
"15726",-5.97992869240765,-0.448717434651512,1.42488014859781
"15727",-5.98002079612453,-0.448530619459765,1.4250989694042
"15728",-5.98024019628636,-0.44808563754848,1.42562011919897
"15729",-5.98055556694759,-0.44744608767522,1.42636897490206
"15730",-5.98146405323741,-0.445604279932859,1.42852447110365
"15731",-5.98155140358521,-0.445427235833926,1.42873158288105
"15732",-5.98173392763491,-0.445057317386358,1.42916427667527
"15733",-5.98176528461603,-0.444993770342069,1.42923860108451
"15734",-5.98181450129984,-0.44489403156654,1.42935525131873
"15735",-5.98193131840303,-0.444657309604331,1.42963209218531
"15736",-5.98193875409745,-0.444642242183462,1.42964971227704
"15737",-5.98212322419208,-0.444268458492194,1.43008678630297
"15738",-5.98237404445616,-0.443760294382343,1.43068088714936
"15739",-5.98243685054406,-0.44363306006886,1.43082961897201
"15740",-5.98254464907822,-0.443414689593968,1.43108486724887
"15741",-5.98311957512415,-0.44225028190719,1.43244553139007
"15742",-5.98426403013627,-0.439933650866835,1.43515069191081
"15743",-5.98461486896428,-0.439223830713604,1.43597904444249
"15744",-5.9846941994849,-0.439063352697355,1.43616628718292
"15745",-5.98479954494099,-0.43885026295605,1.43641489726973
"15746",-5.98500270815785,-0.438439355818492,1.43689423803804
"15747",-5.98530313271549,-0.437831844778229,1.43760277782485
"15748",-5.98542757253895,-0.437580245363292,1.4378961664366
"15749",-5.98545092416977,-0.437533034347187,1.43795121555716
"15750",-5.98736846150784,-0.433659240403908,1.44246452082307
"15751",-5.98782346219123,-0.432740964541049,1.44353334165332
"15752",-5.98805657304674,-0.432270647242444,1.44408060848365
"15753",-5.98870073390778,-0.43097152868464,1.44559173041204
"15754",-5.98885061359511,-0.430669369130158,1.44594308412902
"15755",-5.98936734003204,-0.42962797401538,1.44715369396013
"15756",-5.98960806220319,-0.429143008913033,1.44771728400415
"15757",-5.9902010717707,-0.427948815066271,1.44910460903539
"15758",-5.9909426336015,-0.42645649609722,1.45083731936776
"15759",-5.99105390729167,-0.42623266999782,1.45109710928451
"15760",-5.99138779171833,-0.425561225836997,1.45187629644428
"15761",-5.99181456278204,-0.424703344087387,1.45287152585554
"15762",-5.99183675503572,-0.424658745055131,1.45292325566536
"15763",-5.99416474242618,-0.419986661233689,1.45833710681287
"15764",-5.99575826815724,-0.416796334591865,1.46202799516771
"15765",-5.99617760498933,-0.415957911820024,1.46299716553269
"15766",-5.99631268217024,-0.415687939851731,1.46330916729594
"15767",-5.99685350995807,-0.414607517395033,1.46455744653819
"15768",-5.99687509903026,-0.414564405325659,1.46460724512012
"15769",-5.99704293620227,-0.414229289186881,1.46499430643998
"15770",-5.9976589898347,-0.412999909302426,1.46641379278241
"15771",-5.99788674718636,-0.412545672581475,1.4669380898036
"15772",-5.99953756249862,-0.409257637241206,1.47073035003221
"15773",-5.999678003832,-0.408978261369511,1.47105233264418
"15774",-6.00019467475534,-0.407950933590019,1.47223601718975
"15775",-6.00058614952076,-0.407173032831245,1.47313198011731
"15776",-6.00081101159523,-0.406726400097938,1.47364626893911
"15777",-6.00094220797074,-0.406465875475854,1.4739462143173
"15778",-6.00212386367668,-0.404121523990439,1.47664385118557
"15779",-6.00233034823242,-0.403712261234332,1.47711452164561
"15780",-6.00283737992528,-0.402707793700899,1.47826936811778
"15781",-6.00357975454817,-0.401238359527898,1.47995793111536
"15782",-6.00371136568847,-0.400978008896033,1.48025699986184
"15783",-6.0041156428593,-0.400178569726451,1.48117512734944
"15784",-6.00438853236784,-0.399639194071643,1.48179441024521
"15785",-6.00514154641496,-0.398151880395456,1.48350135267758
"15786",-6.00594878261943,-0.39655916821121,1.48532809684498
"15787",-6.00649857633722,-0.395475403620843,1.48657042269773
"15788",-6.0065833792918,-0.395308310429489,1.48676191317339
"15789",-6.00715898678632,-0.394174659131094,1.48806074006606
"15790",-6.00810327109343,-0.392316817975199,1.49018795805021
"15791",-6.00816932807142,-0.392186942319356,1.49033660389273
"15792",-6.00822602067109,-0.392075487353709,1.49046416044463
"15793",-6.00980546725087,-0.388973791456537,1.49401159196561
"15794",-6.0104114597811,-0.387785498202031,1.49536944544494
"15795",-6.01079980453753,-0.387024498445233,1.4962386830646
"15796",-6.01182375928481,-0.385019850969192,1.49852714243034
"15797",-6.01271782598817,-0.383271727402041,1.50052120830229
"15798",-6.01288684002305,-0.382941496196563,1.50089773717498
"15799",-6.01524513910895,-0.378341388658314,1.50613740526953
"15800",-6.01627399848349,-0.376338966470688,1.50841510073021
"15801",-6.01635986809031,-0.376171964571525,1.50860497472453
"15802",-6.01674124676398,-0.375430474337242,1.50944785800059
"15803",-6.01830650459326,-0.372391110929431,1.51290011326675
"15804",-6.01861222099446,-0.371798204759809,1.51357305535464
"15805",-6.01866955371221,-0.371687039967192,1.51369920768311
"15806",-6.0192621930124,-0.370538431789635,1.51500233212497
"15807",-6.01968299809286,-0.369723395381193,1.51592663266798
"15808",-6.01970212997782,-0.369686350343147,1.5159686365156
"15809",-6.02037198569406,-0.368389887644969,1.5174382335199
"15810",-6.02085073912441,-0.367463978332595,1.518487305519
"15811",-6.02182813109324,-0.365575474308115,1.52062575791761
"15812",-6.02228842089159,-0.364686929904326,1.52163131998168
"15813",-6.02239385350018,-0.364483476436206,1.52186151490359
"15814",-6.02319552058733,-0.362937396758174,1.52361016811354
"15815",-6.02327677884593,-0.362780772157181,1.52378725123438
"15816",-6.02342089088309,-0.36250303743468,1.52410123552082
"15817",-6.02347850914724,-0.362392009023525,1.52422674500495
"15818",-6.02361296493401,-0.362132949127132,1.52451957056674
"15819",-6.02378586374292,-0.361799885281399,1.52489599906158
"15820",-6.02419894174976,-0.361004449223894,1.52579478800604
"15821",-6.02434318920026,-0.360726780402028,1.5261084645368
"15822",-6.02445853734098,-0.360504777939888,1.52635922974121
"15823",-6.02517522822548,-0.359126142964324,1.52791595951127
"15824",-6.02602660383741,-0.357490055907476,1.52976223323014
"15825",-6.02660640973396,-0.356376852993696,1.53101772465014
"15826",-6.02726949322412,-0.3551047594492,1.53245169844674
"15827",-6.02777090790638,-0.354143525385091,1.53353474671725
"15828",-6.0279059470646,-0.353884753023081,1.53382623784434
"15829",-6.02794453302153,-0.353810819733283,1.53390951332494
"15830",-6.02814257930219,-0.353431406163139,1.53433682881949
"15831",-6.02893855041458,-0.351907449892039,1.5360525025275
"15832",-6.0293152947401,-0.351186669916396,1.5368635757984
"15833",-6.02974041613205,-0.350373743743221,1.53777804374638
"15834",-6.02974999832981,-0.350355425438243,1.53779864657133
"15835",-6.0299337121746,-0.350004261737815,1.53819357406169
"15836",-6.03057185059894,-0.348785103865786,1.53956421681361
"15837",-6.03067816418094,-0.348582086919103,1.53979239109186
"15838",-6.03116191971407,-0.347658644102813,1.54083001855187
"15839",-6.03152012848295,-0.346975215810436,1.54159769375375
"15840",-6.03182996113749,-0.346384329665767,1.54226124097959
"15841",-6.03192680308742,-0.34619968762612,1.5424685545293
"15842",-6.03260495304539,-0.344907325255819,1.54391914987029
"15843",-6.03361843849352,-0.342977926904311,1.54608330795458
"15844",-6.03492560213054,-0.340493001087136,1.54886799320603
"15845",-6.03558431892192,-0.339242287242721,1.55026847710384
"15846",-6.03582740396755,-0.338780993469042,1.55078482294765
"15847",-6.0358370430444,-0.338762704566656,1.5508052924236
"15848",-6.03707246334603,-0.336420435849289,1.55342552056688
"15849",-6.03715546773781,-0.336263191941647,1.55360133181025
"15850",-6.03853339527144,-0.333655156794112,1.55651561750818
"15851",-6.03874783516319,-0.333249673523277,1.55696842593828
"15852",-6.03881147346973,-0.333129360447908,1.55710276614715
"15853",-6.03923535937872,-0.332328207385056,1.55799714989376
"15854",-6.0399932660593,-0.330896755685578,1.55959442437787
"15855",-6.0407479840361,-0.329472583436017,1.56118261361579
"15856",-6.04081643044572,-0.32934348424863,1.56132653323873
"15857",-6.04108007475632,-0.328846308971679,1.56188070993187
"15858",-6.04189124464422,-0.327317540258793,1.56358401934648
"15859",-6.04189640589508,-0.32730781751299,1.5635948486027
"15860",-6.04209193172015,-0.326939527065268,1.56400501986982
"15861",-6.04211799599492,-0.326890438593857,1.56405968567246
"15862",-6.04236055733815,-0.326433674256579,1.56456829189374
"15863",-6.04427083865103,-0.32284053958573,1.56856579175314
"15864",-6.04456468282895,-0.322288460551399,1.56917945823628
"15865",-6.04472932390105,-0.321979201157719,1.5695231540357
"15866",-6.04507217978763,-0.321335347271885,1.5702385562615
"15867",-6.04574858628684,-0.320065744850694,1.57164866704609
"15868",-6.04601323813008,-0.319569222419351,1.57219993209676
"15869",-6.04721992780025,-0.317306864100932,1.57471023847444
"15870",-6.04760262384424,-0.316589886880965,1.57550528715826
"15871",-6.0483783573126,-0.315137300665506,1.57711529653895
"15872",-6.04919557081549,-0.313608088206437,1.57880915306542
"15873",-6.04999943945859,-0.312104859357199,1.58047314493329
"15874",-6.05081246859513,-0.310585485119054,1.58215391686942
"15875",-6.05133674207277,-0.309606240505068,1.58323660116225
"15876",-6.05174991381651,-0.308834786272641,1.58408922440446
"15877",-6.05198604859706,-0.308393992985314,1.58457626886039
"15878",-6.05317393610886,-0.306177696979728,1.58702371268157
"15879",-6.05334630704146,-0.30585624996355,1.58737849068158
"15880",-6.05431929078449,-0.30404247495027,1.58937941443456
"15881",-6.05546205315427,-0.301913666571654,1.59172587761593
"15882",-6.05590540749158,-0.301088162746431,1.59263520177846
"15883",-6.05601910010741,-0.300876507932077,1.59286829534851
"15884",-6.05632928105914,-0.300299134253644,1.5935040432355
"15885",-6.05678270090371,-0.299455320250621,1.59443288338247
"15886",-6.05780804701886,-0.297547936252742,1.59653121143906
"15887",-6.05824193344252,-0.296741120204408,1.59741827357374
"15888",-6.05841944617948,-0.296411085489426,1.59778104406113
"15889",-6.05854757121455,-0.296172891666343,1.59804283175541
"15890",-6.05882372576129,-0.295659551986585,1.59860692730354
"15891",-6.05918875450916,-0.294981112084528,1.59935225413547
"15892",-6.06215390600283,-0.289474220897967,1.60539392968346
"15893",-6.06292369358005,-0.288045640712873,1.60695887379896
"15894",-6.0632145696972,-0.287505931381731,1.60754984657544
"15895",-6.06329352743745,-0.287359437636414,1.60771023075433
"15896",-6.06367836948826,-0.286645478604903,1.60849173991436
"15897",-6.06465560936389,-0.284832894472496,1.61047472310187
"15898",-6.06590908733907,-0.282508688154223,1.61301512403378
"15899",-6.06672842074752,-0.280989871957672,1.61467382071628
"15900",-6.067557513065,-0.279453242393852,1.61635084649259
"15901",-6.0676136280159,-0.279349248792982,1.61646430072139
"15902",-6.0676364720565,-0.279306913972926,1.61651048538967
"15903",-6.06852472575008,-0.277660925855682,1.61830549040451
"15904",-6.06894442833272,-0.276883273956397,1.61915309389475
"15905",-6.068998429485,-0.276783220627221,1.61926212619393
"15906",-6.06935368998441,-0.276125012472618,1.61997928346139
"15907",-6.06962999235085,-0.275613114717363,1.62053688310413
"15908",-6.06974840440877,-0.275393741191048,1.62077580366896
"15909",-6.06988654924321,-0.27513781392185,1.62105450587575
"15910",-6.07016283027161,-0.274625986877319,1.6216117860701
"15911",-6.07173137711983,-0.271720389643991,1.62477303382118
"15912",-6.0720766908471,-0.271080762757951,1.62546839423589
"15913",-6.07284286111904,-0.269661603718309,1.62701050920676
"15914",-6.07312207632185,-0.269144423627284,1.62757225722182
"15915",-6.07314179796161,-0.269107893962336,1.62761192996621
"15916",-6.0731615194997,-0.26907136448383,1.62765160186691
"15917",-6.07461067267602,-0.266387112411648,1.63056500973604
"15918",-6.07485716251032,-0.265930526394534,1.63106022999615
"15919",-6.07583265263926,-0.264123497106787,1.63301917831986
"15920",-6.07645338183801,-0.262973554031208,1.6342649805478
"15921",-6.07702464225334,-0.261915181402438,1.63541101667425
"15922",-6.07745792639589,-0.261112382220888,1.63627995098239
"15923",-6.0774776193177,-0.261075893484114,1.63631943831408
"15924",-6.07757608152641,-0.260893452584657,1.63651686234462
"15925",-6.07765484839718,-0.260747503206175,1.63667478641602
"15926",-6.078747380478,-0.258722916166398,1.63886442648253
"15927",-6.0789344346447,-0.258376241846651,1.63923916521606
"15928",-6.07895411485964,-0.258339767022182,1.63927858943009
"15929",-6.07931808298818,-0.257665170418731,1.64000761901883
"15930",-6.07951683109031,-0.257296778435847,1.6404056438719
"15931",-6.07953451615171,-0.257263997283223,1.64044105872039
"15932",-6.07964280745055,-0.257063264915334,1.64065790698878
"15933",-6.0797411735029,-0.256880925998184,1.64085486824936
"15934",-6.08087195028815,-0.254784515295895,1.64311824560937
"15935",-6.08142238746683,-0.253763800832325,1.6442194869662
"15936",-6.08151091830611,-0.253599616827334,1.64439657698001
"15937",-6.08186466594663,-0.252943534775599,1.64510410188203
"15938",-6.08292548742756,-0.250975647503591,1.64722504400087
"15939",-6.08311394988924,-0.250625970010547,1.64760172255169
"15940",-6.08335748948631,-0.250174069767615,1.64808842976447
"15941",-6.08346539004285,-0.249973843312056,1.64830404685947
"15942",-6.08416229303377,-0.248680458016008,1.64969638334381
"15943",-6.08451549992441,-0.248024823623759,1.65040186886371
"15944",-6.0859667752112,-0.245330062172863,1.65329934528566
"15945",-6.08739406519629,-0.242678421818067,1.65614703006929
"15946",-6.08810204541149,-0.241362575206013,1.65755889881703
"15947",-6.08933482342614,-0.239070427594117,1.66001631136207
"15948",-6.08973763731151,-0.238321200771933,1.66081900609944
"15949",-6.09037111721317,-0.237142671033963,1.66208109030193
"15950",-6.09087614003509,-0.236202883794991,1.66308702351993
"15951",-6.09147493070144,-0.235088323662536,1.66427947594614
"15952",-6.09225591899077,-0.233634158239557,1.66583436181542
"15953",-6.09443060974184,-0.229582039456178,1.67016173176238
"15954",-6.09470339947025,-0.229073430333855,1.6707043265405
"15955",-6.09566735573403,-0.227275568892905,1.67262131543275
"15956",-6.09587183633691,-0.226894074553254,1.67302788587069
"15957",-6.09729195762368,-0.224243392470156,1.67585084734749
"15958",-6.09762243333958,-0.22362624671924,1.67650761382278
"15959",-6.09788021880048,-0.223144763923066,1.67701987915088
"15960",-6.09831216817927,-0.22233782045489,1.67787815987473
"15961",-6.09895304589563,-0.22114018657203,1.67915140244079
"15962",-6.09927343509266,-0.220541288659729,1.6797878479875
"15963",-6.10004956846844,-0.219089987162245,1.68132941391693
"15964",-6.10040377553263,-0.218427417445444,1.68203285149042
"15965",-6.10202629850257,-0.215390448412029,1.68525440656427
"15966",-6.10452115602908,-0.210714242321275,1.69020603874223
"15967",-6.10455978967822,-0.210641765973138,1.69028269995457
"15968",-6.10462731343374,-0.210515087278039,1.69041668706026
"15969",-6.10500397318134,-0.209808338259891,1.69116406643828
"15970",-6.1050974733478,-0.209632868701058,1.69134958579826
"15971",-6.10565051166866,-0.208594751256713,1.69244685257195
"15972",-6.10627751878268,-0.207417276086423,1.69369078031945
"15973",-6.10706785142956,-0.20593230162423,1.6952585958399
"15974",-6.10722198943371,-0.205642584611037,1.69556434944152
"15975",-6.10738118852031,-0.205343318994135,1.69588013711498
"15976",-6.10754945270545,-0.205026972891089,1.69621390067306
"15977",-6.10806155729247,-0.204063934447548,1.69722966116101
"15978",-6.10844451963722,-0.203343503162868,1.6979892363495
"15979",-6.10861767867231,-0.203017683983482,1.69833267523638
"15980",-6.10906005431847,-0.202185098700781,1.69921004936177
"15981",-6.10918511770529,-0.201949666397624,1.69945808522616
"15982",-6.10924279620431,-0.201841078443098,1.69957247715798
"15983",-6.10957910296439,-0.201207832765063,1.70023945462101
"15984",-6.11049163168431,-0.199488721266379,1.70204915046996
"15985",-6.11183465451296,-0.196956228094033,1.70471245165036
"15986",-6.11262985834444,-0.195455372067582,1.70628934724971
"15987",-6.11319483260879,-0.194388416487412,1.7074096879787
"15988",-6.11376893043926,-0.193303685251558,1.70854812176317
"15989",-6.11432353399563,-0.19225525799717,1.70964790598966
"15990",-6.11605190484027,-0.188984517008205,1.71307539881548
"15991",-6.11611876108836,-0.188857893558823,1.71320798521033
"15992",-6.11621414555095,-0.188677224808278,1.71339714837986
"15993",-6.11636673811994,-0.188388163642161,1.71369976687607
"15994",-6.11696721959201,-0.187250243683584,1.71489065811978
"15995",-6.11752933656993,-0.186184429369448,1.71600551046951
"15996",-6.11869028864493,-0.183981325176575,1.71830821051824
"15997",-6.11955699692308,-0.182334936737685,1.72002747010171
"15998",-6.12007742144112,-0.181345648977029,1.72105990401281
"15999",-6.12065617499574,-0.180244860107397,1.72220813626287
"16000",-6.121050071381,-0.179495290733633,1.72298967054486
"16001",-6.12117778556523,-0.179252189269989,1.72324307955549
"16002",-6.12257941848604,-0.176582042392386,1.72602452714551
"16003",-6.12329816766206,-0.175211241705536,1.72745110396644
"16004",-6.12447873048427,-0.172957311402632,1.72979473185359
"16005",-6.12479018332954,-0.172362189515645,1.73041311956183
"16006",-6.12504476418478,-0.171875582467051,1.73091862042155
"16007",-6.12546611479571,-0.171069900953345,1.73175532805869
"16008",-6.1259683332739,-0.170109079761503,1.73275273129325
"16009",-6.12642025877823,-0.169243999079261,1.73365035938078
"16010",-6.12649555171855,-0.16909982823143,1.73379991856765
"16011",-6.12738912001155,-0.167387849164726,1.73557509854642
"16012",-6.1274924235112,-0.167189814087246,1.73578035115164
"16013",-6.12765224647852,-0.166883381842622,1.73609791339478
"16014",-6.12799040544062,-0.166234828476049,1.73676987019621
"16015",-6.12801414530979,-0.166189287997426,1.73681704622995
"16016",-6.12816873215944,-0.165892710282891,1.73712425028982
"16017",-6.12947258110236,-0.163389030240501,1.73971590629162
"16018",-6.12952880262035,-0.163280982157026,1.73982768136655
"16019",-6.1300251429818,-0.162326773807933,1.74081455371166
"16020",-6.13037156149249,-0.161660438054761,1.74150343253428
"16021",-6.13080189491263,-0.160832288232733,1.74235929430033
"16022",-6.13092986976709,-0.160585921887659,1.74261383933404
"16023",-6.13101687806744,-0.160418398101336,1.74278690733979
"16024",-6.13122252442492,-0.16002237786742,1.74319597883488
"16025",-6.13140508879824,-0.159670720687208,1.74355916036522
"16026",-6.1324737105537,-0.157610683301159,1.74568548268084
"16027",-6.13340586732653,-0.155811391135848,1.74754095731776
"16028",-6.13383420690334,-0.154983854486575,1.74839379769308
"16029",-6.13412770008634,-0.154416566450558,1.74897823676733
"16030",-6.13667624532997,-0.149481146276581,1.75405618116257
"16031",-6.13708384180193,-0.148690223126114,1.75486882930672
"16032",-6.13709026790408,-0.148677749998807,1.75488164257838
"16033",-6.13740795171447,-0.14806098444345,1.75551513193726
"16034",-6.13794454077476,-0.147018608637928,1.75658534658958
"16035",-6.13800002303485,-0.146910784537471,1.75669601985046
"16036",-6.13989892695152,-0.143215369511032,1.76048562689622
"16037",-6.14028883079502,-0.142455347727506,1.76126418838122
"16038",-6.14154024774551,-0.140013115499122,1.7637640741458
"16039",-6.14226586612576,-0.138594966355765,1.76521435688004
"16040",-6.1427246971071,-0.137697439909864,1.76613170998353
"16041",-6.14385193675206,-0.135489809949029,1.76838642495588
"16042",-6.14470261915652,-0.13382130525383,1.77008892952463
"16043",-6.14477574272926,-0.133677781504393,1.77023531414562
"16044",-6.14604481352225,-0.131184324261531,1.77277686182609
"16045",-6.14631831605562,-0.130646304881968,1.7733248580745
"16046",-6.14689215153677,-0.129516736150751,1.77447491169991
"16047",-6.1472836008903,-0.12874559913651,1.77525967437772
"16048",-6.14731081850164,-0.128691963918357,1.7753142464735
"16049",-6.14778370611023,-0.127759717364122,1.77626255206405
"16050",-6.14791095143892,-0.127508746885572,1.7765177730946
"16051",-6.14949905349943,-0.124372143750977,1.77970489850705
"16052",-6.14995190550053,-0.123476245842737,1.78061434300117
"16053",-6.14997001149754,-0.123440412062954,1.78065071044584
"16054",-6.15044951678471,-0.122491028290152,1.78161400444836
"16055",-6.150458637774,-0.122472962135053,1.78163233103212
"16056",-6.15192177529985,-0.119571331287617,1.78457371872053
"16057",-6.15282287825573,-0.117780739484327,1.78638679135287
"16058",-6.15283180512323,-0.117762987054585,1.78640475882246
"16059",-6.15340349702647,-0.116625524946631,1.78755567842395
"16060",-6.1536732084736,-0.116088507114802,1.78809883023727
"16061",-6.15410860937952,-0.115221058667836,1.7889758895391
"16062",-6.15470095109403,-0.114039881134552,1.79016956329441
"16063",-6.15544494132377,-0.112554563781943,1.7916696281596
"16064",-6.15623244610004,-0.110980239255204,1.79325840908858
"16065",-6.15672391805461,-0.109996599367022,1.79425046787391
"16066",-6.15701868371049,-0.109406233115086,1.79484566051678
"16067",-6.15767885152605,-0.108082883498436,1.79617921168053
"16068",-6.15798186831499,-0.10747493349429,1.79679156222856
"16069",-6.16153692034785,-0.100316718548933,1.80398805643998
"16070",-6.16235376044975,-0.0986651520911088,1.80564491534573
"16071",-6.16252150321449,-0.0983256702589997,1.80598532074811
"16072",-6.16289191788107,-0.0975756233174695,1.80673720962096
"16073",-6.16330599477837,-0.0967365221254936,1.80757804743979
"16074",-6.16384024866559,-0.0956528796688154,1.8086634264883
"16075",-6.16385784265808,-0.0956171738192047,1.80869917985102
"16076",-6.16457250326571,-0.0941657620218633,1.81015199889051
"16077",-6.16587925396079,-0.0915064867334903,1.81281119900704
"16078",-6.16651793891202,-0.0902041786176923,1.81411221853688
"16079",-6.16719075014899,-0.0888304388159141,1.8154837075311
"16080",-6.16769679131752,-0.0877959485582453,1.81651589883609
"16081",-6.16858526770092,-0.0859770084757738,1.81832953881931
"16082",-6.16971492824433,-0.0836593722960944,1.82063809936946
"16083",-6.17015719461376,-0.082750486545132,1.8215427159362
"16084",-6.17020920353311,-0.082643548115018,1.8216491257631
"16085",-6.17125672269551,-0.0804871221174493,1.82379371125993
"16086",-6.1721076571957,-0.0787317538468374,1.82553778000117
"16087",-6.1721421653704,-0.0786604985430265,1.82560854514934
"16088",-6.17376469171975,-0.0753039883315975,1.82893918526794
"16089",-6.1737905386931,-0.0752504199873074,1.82899229659477
"16090",-6.17446858442515,-0.0738440363047216,1.83038618577783
"16091",-6.17469324066199,-0.0733775819305429,1.83084828512982
"16092",-6.17576154635329,-0.0711561621872197,1.83304752322653
"16093",-6.1765556125899,-0.0695014271492241,1.83468418727548
"16094",-6.17670912700029,-0.0691811678799101,1.8350007964787
"16095",-6.17695639798065,-0.068665072235833,1.83551090596029
"16096",-6.17769301609644,-0.0671258404621329,1.83703152141157
"16097",-6.17829181615228,-0.0658726038019441,1.83826875709256
"16098",-6.17877557482107,-0.0648588239973583,1.839269039392
"16099",-6.18389539979498,-0.0540551094220941,1.84989818131246
"16100",-6.18432314759063,-0.0531461286125656,1.85078991449018
"16101",-6.18452180950233,-0.0527236204116821,1.85120427061534
"16102",-6.18454691579261,-0.0526702095272547,1.85125664486034
"16103",-6.18526383142505,-0.0511435594038632,1.85275308566459
"16104",-6.18534709584693,-0.0509660617399016,1.85292699845812
"16105",-6.18558837600164,-0.0504514919296803,1.85343109029775
"16106",-6.18582962307186,-0.0499366565995835,1.85393531528788
"16107",-6.18836359206447,-0.0445079532217214,1.85924442524501
"16108",-6.18844605884445,-0.0443306097524584,1.85941762474313
"16109",-6.18918725759221,-0.0427347040333938,1.86097556580523
"16110",-6.19039387113309,-0.0401289259729076,1.86351675489333
"16111",-6.19070499349269,-0.0394554296039366,1.86417303371878
"16112",-6.1907230140544,-0.0394163994282032,1.86421105952414
"16113",-6.19293017603912,-0.0346184897604298,1.86888001809714
"16114",-6.19302757024513,-0.0344059540817476,1.86908659029555
"16115",-6.19317359516874,-0.0340871616904466,1.86939639788933
"16116",-6.19333575137874,-0.0337329635820121,1.86974055721275
"16117",-6.1939348660935,-0.032422573904895,1.87101329429852
"16118",-6.1947397612421,-0.030657703400613,1.87272617796812
"16119",-6.19586193684491,-0.0281884809553739,1.87512021428881
"16120",-6.19605285696014,-0.0277673538705925,1.87552823340386
"16121",-6.19615715613596,-0.0275371648063394,1.87575122256398
"16122",-6.19644556494031,-0.0269001689264328,1.87636816524284
"16123",-6.19647758927058,-0.0268293949024431,1.87643669953384
"16124",-6.19651754604468,-0.0267410779311836,1.87652221832174
"16125",-6.19654162524243,-0.0266878488320518,1.87657375918151
"16126",-6.19723846473925,-0.0251452772417019,1.87806683127547
"16127",-6.19742829932854,-0.0247243187937306,1.87847408882691
"16128",-6.19753200334767,-0.0244942219097023,1.87869666185664
"16129",-6.19765949341797,-0.0242112194155601,1.87897037672639
"16130",-6.19820055099068,-0.0230085764701509,1.88013313514897
"16131",-6.19845892076413,-0.0224333564000628,1.88068904067004
"16132",-6.19887502508209,-0.0215056901825759,1.88158523399521
"16133",-6.20016299629069,-0.0186240810078036,1.88436653191964
"16134",-6.20089437349544,-0.0169806977714665,1.88595098559557
"16135",-6.20104356891989,-0.0166448166617349,1.88627466878351
"16136",-6.20132337807634,-0.0160142913964189,1.88688215506216
"16137",-6.20160143079152,-0.0153869480842558,1.88748639353688
"16138",-6.20234201256648,-0.0137122144547108,1.8890985585138
"16139",-6.20242927824435,-0.0135145024078866,1.88928879870236
"16140",-6.20265367699269,-0.0130057329925806,1.88977825818732
"16141",-6.20294687121824,-0.0123401910648295,1.89041836025889
"16142",-6.20312027847085,-0.0119461343405196,1.8907972584761
"16143",-6.20470263883383,-0.00833528875365655,1.89426588451789
"16144",-6.20496800653993,-0.00772702026348396,1.89484960744304
"16145",-6.20534473258616,-0.00686212428319605,1.89567931084064
"16146",-6.20586379036335,-0.00566778092395892,1.89682449472683
"16147",-6.20586619899566,-0.00566223138761406,1.89682981432331
"16148",-6.20719385251349,-0.00259278399631542,1.89976993163354
"16149",-6.20734583287402,-0.00224005381602939,1.90010752499761
"16150",-6.20823748670031,-0.000164826412896808,1.90209255352597
"16151",-6.20829793448022,-2.37777066575605e-05,1.90222740070321
"16152",-6.20905410875791,0.00174465294596417,1.90391731348436
"16153",-6.21110618314511,0.00658215029084628,1.90853280863094
"16154",-6.21124327059416,0.00690738810744015,1.90884274237561
"16155",-6.21226070502017,0.00932966690853544,1.91114954593179
"16156",-6.2125073108142,0.0099190552230109,1.91171043865734
"16157",-6.21255147402795,0.0100247006757389,1.91181095994082
"16158",-6.21265447187178,0.0102712009713038,1.91204548467995
"16159",-6.21357241272714,0.0124751503170814,1.91414115271708
"16160",-6.21386303625475,0.0131756265433766,1.91480675951548
"16161",-6.21407450949975,0.0136861606036889,1.9152917414231
"16162",-6.21412543251946,0.0138092030194801,1.91540860819704
"16163",-6.21545916133299,0.0170466500694726,1.91848114119763
"16164",-6.21575850732676,0.0177772835276109,1.91917391192924
"16165",-6.215790637167,0.0178557942015581,1.91924833993891
"16166",-6.21612856274207,0.018682587252241,1.92003197256005
"16167",-6.21726531017864,0.0214782849694838,1.92267948541735
"16168",-6.21767055830194,0.0224804649889959,1.92362770376977
"16169",-6.21783364132187,0.0228846069311641,1.92400995953231
"16170",-6.21788331295617,0.023007796227968,1.92412646322224
"16171",-6.21969147863219,0.027523601809136,1.92839258001634
"16172",-6.2198939434905,0.0280331621933084,1.92887340317204
"16173",-6.22039501577898,0.0292977592666546,1.9300661902865
"16174",-6.22044034340547,0.0294124051629373,1.93017429141272
"16175",-6.22049220503254,0.0295436283864227,1.93029801645975
"16176",-6.22062872985484,0.029889332610115,1.93062393086272
"16177",-6.22064477154587,0.0299299778619941,1.93066224594485
"16178",-6.22116335578208,0.0312467802846275,1.93190316615524
"16179",-6.2212095349574,0.0313643100797014,1.93201388634397
"16180",-6.22192680096886,0.0331955916475185,1.93373828609419
"16181",-6.22218697849847,0.0338625850589462,1.93436598769493
"16182",-6.22326906031964,0.0366526336187022,1.93698958067946
"16183",-6.22366253370954,0.0376737308536968,1.9379489142725
"16184",-6.22428698057651,0.0393016294527647,1.93947741161424
"16185",-6.22447465872766,0.0397927034434268,1.9399382750908
"16186",-6.22519540354084,0.0416865438721927,1.94171463372008
"16187",-6.2253793509129,0.0421719468196414,1.94216967681511
"16188",-6.22552736940742,0.0425631592307341,1.94253634693205
"16189",-6.22627351520042,0.0445437821354953,1.94439171082916
"16190",-6.22720316626569,0.0470321456164876,1.94672033021436
"16191",-6.22735637822775,0.0474445102549666,1.94710596804676
"16192",-6.22744396207937,0.0476805333428357,1.94732666116836
"16193",-6.22770352173953,0.0483812691667207,1.94798174424273
"16194",-6.22804625623209,0.0493094940201099,1.94884917539002
"16195",-6.2283941832138,0.0502552638650515,1.94973262794493
"16196",-6.22893915805849,0.0517438789236101,1.95112239363727
"16197",-6.22959487957917,0.0535470009537626,1.95280453513414
"16198",-6.22967734439127,0.0537747148852622,1.95301687371445
"16199",-6.22977866321309,0.0540547863413431,1.95327800487564
"16200",-6.2299871944661,0.0546322521032643,1.95381631509666
"16201",-6.23114687989393,0.0578696992672376,1.95683167222874
"16202",-6.2314078287568,0.0586044551747129,1.95751541791862
"16203",-6.23248284173242,0.0616568924051213,1.96035355469952
"16204",-6.23305231816034,0.0632911643574665,1.96187151637369
"16205",-6.23407060543252,0.0662448975243222,1.96461226587602
"16206",-6.23434523878405,0.0670487053106661,1.9653574995539
"16207",-6.23477885769298,0.0683242788801191,1.96653958382417
"16208",-6.23545033650978,0.0703155922017497,1.96838363654042
"16209",-6.23577766180194,0.0712935811522301,1.96928871750625
"16210",-6.23644453004355,0.0733013899525936,1.97114564520379
"16211",-6.23720120244757,0.0756054879829434,1.97327461479916
"16212",-6.23726387645221,0.0757976105734716,1.97345203933587
"16213",-6.23734348580301,0.0760419349992148,1.9736776509374
"16214",-6.23834619481444,0.0791476237903692,1.97654341768408
"16215",-6.2394351410834,0.0825831085531609,1.97970908477586
"16216",-6.23947347610619,0.0827053040538992,1.97982159823964
"16217",-6.23955538262089,0.0829666811420642,1.98006224584141
"16218",-6.23979503124001,0.0837337647238257,1.98076833940884
"16219",-6.24100298669681,0.0876552132487201,1.98437443340516
"16220",-6.24126312607179,0.0885122763132517,1.98516178310916
"16221",-6.24145152452644,0.0891358859554022,1.9857344911282
"16222",-6.24294436507246,0.0941685170144643,1.99035090208501
"16223",-6.24354926744114,0.0962570811587894,1.99226391212818
"16224",-6.24380862791061,0.0971619341927732,1.99309219770783
"16225",-6.24416496198917,0.0984146163478794,1.99423837250177
"16226",-6.24487265587293,0.100936557091858,1.9965441106064
"16227",-6.24491618672889,0.101093217791903,1.99668726286764
"16228",-6.24523353669675,0.102240878034257,1.99773568566909
"16229",-6.24547681371707,0.103127431098898,1.99854524512939
"16230",-6.24553382222865,0.103336050157945,1.99873570423449
"16231",-6.24556229174438,0.103440357363828,1.99883092564068
"16232",-6.24572794149774,0.104048932191238,1.99938640984048
"16233",-6.24583630025318,0.104448580465018,1.99975111950628
"16234",-6.24643794851457,0.106690635081274,2.00179607808913
"16235",-6.24661309431055,0.10735090516686,2.00239795375342
"16236",-6.24727716793547,0.109887152458579,2.0047084174866
"16237",-6.2473894233168,0.110321202145629,2.00510359275697
"16238",-6.24747895785981,0.110668539944453,2.00541977310224
"16239",-6.24779468034304,0.111901596215704,2.0065418676208
"16240",-6.24811568512527,0.113168861111186,2.00769452128231
"16241",-6.24819429269735,0.113481338116471,2.00797864918424
"16242",-6.24882803740362,0.116032854562555,2.01029737389241
"16243",-6.24987564659513,0.12038695872689,2.01424887730857
"16244",-6.25022854163853,0.121895707865165,2.01561656009788
"16245",-6.25058794060415,0.123455983899872,2.01703011342063
"16246",-6.25114324743061,0.125917033776987,2.01925801111353
"16247",-6.25125871285597,0.126436861160615,2.01972832295097
"16248",-6.25148769225797,0.127476397843776,2.02066855978596
"16249",-6.25155787366738,0.127797374581562,2.02095880051443
"16250",-6.25162002601695,0.128082574997937,2.02121666102321
"16251",-6.25253586263373,0.132394731922991,2.02511204987888
"16252",-6.25260029207424,0.132706338101267,2.02539329387955
"16253",-6.25326562055857,0.135994645984003,2.02835919513613
"16254",-6.25424127961063,0.141079736591247,2.03293857512066
"16255",-6.25509649117835,0.145850020689712,2.0372266836659
"16256",-6.25522731026139,0.146610189049101,2.03790932765909
"16257",-6.2554958858839,0.148199354531049,2.03933581927408
"16258",-6.25560255453727,0.148841716515984,2.03991219446887
"16259",-6.25565039099408,0.149131950617572,2.04017257054498
"16260",-6.25566085098353,0.149195595119881,2.04022966394816
"16261",-6.25569572284118,0.149408250513686,2.04042042069151
"16262",-6.25582080153096,0.150177132890671,2.04111000435498
"16263",-6.25595789985429,0.151031282649276,2.04187583881568
"16264",-6.25613772743285,0.152170623599099,2.0428970134743
"16265",-6.25640346351915,0.153896528281897,2.04444312843985
"16266",-6.25727818834624,0.160002646328031,2.04990561672944
"16267",-6.2574884517195,0.161588629946884,2.05132252076705
"16268",-6.25761557857966,0.162574400141468,2.0522028071123
"16269",-6.25772302914543,0.163424586968878,2.05296177724897
"16270",-6.2578582765907,0.164518253864295,2.0539377761149
"16271",-6.25817248772578,0.167171028412055,2.05630360366558
"16272",-6.25856582101875,0.170752302373831,2.05949405324431
"16273",-6.25860712564973,0.171148043312819,2.05984636447061
"16274",-6.25871289150884,0.17218067833384,2.06076544811513
"16275",-6.2587319795652,0.172370122654878,2.06093402497549
"16276",-6.25876124922669,0.172662519039038,2.0611941919505
"16277",-6.25879540185393,0.17300666928379,2.0615003744959
"16278",-6.25889758585748,0.174056361350143,2.06243403620108
"16279",-6.25890418069124,0.1741251781957,2.06249523436039
"16280",-6.25895084166531,0.174615958590471,2.06293163840181
"16281",-6.25905733384321,0.175762698897697,2.06395103603001
"16282",-6.25920114819194,0.177375803025785,2.06538432453052
"16283",-6.25926474794286,0.178115315626172,2.06604113498245
"16284",-6.25927785883132,0.178269910876615,2.0661784200992
"16285",-6.25934252468805,0.179043704401418,2.06686546111172
"16286",-6.25943172063335,0.180143845557621,2.06784194530716
"16287",-6.25944808554358,0.180350101305768,2.06802497634086
"16288",-6.25976804658873,0.184714310829911,2.07189470935052
"16289",-6.25977614422609,0.184834397448556,2.07200110727738
"16290",-6.25985404560957,0.186019565846646,2.07305094115029
"16291",-6.25998281148179,0.188114292138812,2.07490541823577
"16292",-6.2601327034366,0.19082612277533,2.07730422782643
"16293",-6.26023871602847,0.192987902179431,2.07921486660224
"16294",-6.26025537721795,0.193351452312242,2.07953604170573
"16295",-6.26032154486131,0.194874574215269,2.08088119122238
"16296",-6.26037613281423,0.196246350059159,2.08209207279334
"16297",-6.26044232951058,0.198097780285522,2.08372544007407
"16298",-6.26049398742007,0.19974304488695,2.08517604687559
"16299",-6.26050095885103,0.199982943797401,2.0853874934652
"16300",-6.26052560500589,0.200873917699632,2.08617264320059
"16301",-6.26054492775065,0.201627721177978,2.08683672588269
"16302",-6.26061235372539,0.204881753966015,2.0897014649762
"16303",-6.26064501509875,0.207230362808757,2.09176709831201
"16304",-6.26066737368944,0.210216208602658,2.0943907700044
"16305",-6.26067004619188,0.211179542770902,2.0952366770274
"16306",-6.26067055498205,0.211658464733576,2.09565711522392
"16307",-6.26067047147845,0.21220575942739,2.09613749158003
"16308",-6.2606563532531,0.215346401411021,2.09889236749416
"16309",-6.26064195610344,0.216804423518601,2.10017028425808
"16310",-6.26062397537886,0.218171447087713,2.10136785850533
"16311",-6.26061139847251,0.218974578307681,2.10207117385047
"16312",-6.26058591490519,0.220375286246605,2.10329733004459
"16313",-6.26048518422486,0.224490031560434,2.10689587828639
"16314",-6.26039061721751,0.227408214068656,2.1094448740012
"16315",-6.26031160077723,0.22948924744374,2.11126106124496
"16316",-6.26025536019894,0.230836283104782,2.11243596822713
"16317",-6.26020610154752,0.231944645408937,2.1134022903833
"16318",-6.26003377715443,0.235430443434461,2.11643896183827
"16319",-6.25999004760369,0.236239232219884,2.11714302001344
"16320",-6.25995883525489,0.236801251736481,2.11763214742424
"16321",-6.25986520443825,0.238419456972925,2.11903994652939
"16322",-6.25985706755617,0.238555695194084,2.11915843455239
"16323",-6.2596045357881,0.242499927081706,2.12258636445293
"16324",-6.25949370208406,0.244087655088507,2.12396494042002
"16325",-6.25949042493636,0.24413348976407,2.12400472605118
"16326",-6.25947538942835,0.244343005370748,2.12418658275743
"16327",-6.25929919511339,0.246710703077179,2.12624079801172
"16328",-6.25914943359562,0.248611721029934,2.12788890661406
"16329",-6.25898824011527,0.250561364460414,2.12957804830085
"16330",-6.25880115832733,0.252716783199852,2.13144414769003
"16331",-6.25866680393735,0.25420273435502,2.13272983290843
"16332",-6.25856945741337,0.255250409520344,2.13363591349713
"16333",-6.25834255105719,0.257607861355726,2.13567355490465
"16334",-6.25770391336509,0.263723949252761,2.14095221355486
"16335",-6.2576870512691,0.263876717885879,2.14108392215423
"16336",-6.25760306609141,0.264631781570543,2.14173479400171
"16337",-6.25750466688016,0.265504476143637,2.1424868534871
"16338",-6.25738819137551,0.266521598302417,2.14336309013394
"16339",-6.25737449527463,0.266640107836376,2.14346516445109
"16340",-6.25689925050291,0.270622217579354,2.14689259905987
"16341",-6.25678178412088,0.271570715668741,2.14770828491962
"16342",-6.25669150357309,0.272290929894283,2.14832747378756
"16343",-6.25665842980766,0.272552927771403,2.14855268272707
"16344",-6.25658749870524,0.273111556267752,2.1490328023503
"16345",-6.25598869080833,0.27766455408466,2.15294247959821
"16346",-6.25598410384721,0.277698391069948,2.15297151256844
"16347",-6.25557752745021,0.280641459620814,2.15549544202613
"16348",-6.25555563437457,0.280796924138335,2.15562869472275
"16349",-6.255261753155,0.282856096504968,2.15739299116447
"16350",-6.25463897179744,0.287063688906825,2.16099415768623
"16351",-6.25427611913715,0.289427983414492,2.16301540175273
"16352",-6.25305023932369,0.297020955148478,2.16949546829572
"16353",-6.25287864174844,0.29804149699881,2.17036512299519
"16354",-6.25284594391886,0.298234902449397,2.17052989846679
"16355",-6.25274387881023,0.298836478031654,2.17104235100177
"16356",-6.25272002155415,0.298976632912439,2.1711617265244
"16357",-6.25265966114465,0.299330464319973,2.17146307282888
"16358",-6.25193578432605,0.303492376012788,2.17500482568369
"16359",-6.25181465778236,0.304174954087629,2.17558519930585
"16360",-6.25152674934874,0.305782585659989,2.17695156341804
"16361",-6.25140602149208,0.306450707224168,2.17751918757681
"16362",-6.25110742744466,0.308088564776198,2.17891011465726
"16363",-6.25070288272728,0.310275993207104,2.18076649793644
"16364",-6.24915241025145,0.318362308396392,2.18761648389685
"16365",-6.24908618477938,0.318698282125671,2.18790066127066
"16366",-6.2490729233843,0.318765474476524,2.18795749060336
"16367",-6.2490198236113,0.319034235895829,2.18818478745867
"16368",-6.24886668087283,0.319806853806781,2.18883808340125
"16369",-6.24825388445404,0.322862697261988,2.19142020588564
"16370",-6.24802899997604,0.323970451296992,2.19235553114935
"16371",-6.24799825501481,0.324121349863298,2.19248291242088
"16372",-6.24787490277528,0.324725471334335,2.19299281286468
"16373",-6.24774078117595,0.325380004991742,2.19354513710628
"16374",-6.24702470334482,0.328835272491029,2.19645866984582
"16375",-6.24628527261156,0.332338544375801,2.1994089399728
"16376",-6.24621739267261,0.332657069580592,2.19967699781017
"16377",-6.24589574815006,0.334159686673009,2.20094111755685
"16378",-6.24560222483051,0.335521563602994,2.20208623397912
"16379",-6.24535896384809,0.336643705751076,2.20302934211932
"16380",-6.24514307230926,0.337634793785623,2.20386198162104
"16381",-6.24483586929475,0.339037526612948,2.20503993522355
"16382",-6.24425542891056,0.341664819165431,2.20724457919879
"16383",-6.24409911521449,0.342367413379562,2.20783378493859
"16384",-6.24373649554845,0.34398959018888,2.20919357964465
"16385",-6.24306898631238,0.34694882097139,2.21167205231339
"16386",-6.24265057368436,0.348787006031394,2.21321022854101
"16387",-6.24245571041678,0.349638906726953,2.21392273282277
"16388",-6.24158152450921,0.353429874192917,2.2170906268963
"16389",-6.23969213398353,0.361470459547686,2.2237947160309
"16390",-6.23966442245431,0.361587003695566,2.22389173821276
"16391",-6.239374562605,0.36280385536208,2.22490450162302
"16392",-6.23828046412309,0.367363031908781,2.22869484146767
"16393",-6.23808216632898,0.368183989348398,2.22937665425429
"16394",-6.23748083685491,0.370664261486058,2.23143523772185
"16395",-6.23702478488992,0.372536559072881,2.23298791108918
"16396",-6.23687854967595,0.373135408873481,2.23348429312359
"16397",-6.23627302753835,0.37560772167379,2.23553235772245
"16398",-6.23536920526159,0.379277643438979,2.23856890210633
"16399",-6.23510415447604,0.380349663219351,2.23945508797074
"16400",-6.23502824345635,0.380656363877537,2.23970855409959
"16401",-6.23450524467843,0.38276564453683,2.24145090097826
"16402",-6.23333118170895,0.387479153701226,2.24533923791741
"16403",-6.23311150207642,0.388358188653844,2.24606358697544
"16404",-6.23272141290739,0.389917125519688,2.24734757612324
"16405",-6.2326964969711,0.390016616704163,2.24742949332858
"16406",-6.23245966720823,0.390961830817352,2.24820758538973
"16407",-6.23243603911307,0.391056088183837,2.24828516127613
"16408",-6.23216163921327,0.392150156122599,2.24918539132956
"16409",-6.23136937623525,0.39530370371213,2.2517780328808
"16410",-6.23104431106707,0.396595639230434,2.25283923893164
"16411",-6.23087051871426,0.397285958596715,2.25340604856113
"16412",-6.23064401314239,0.398185283001386,2.25414423430981
"16413",-6.23010165979827,0.400337167511393,2.25590947174931
"16414",-6.22980953467223,0.401495513064175,2.25685905733686
"16415",-6.22899983147232,0.404704461384336,2.25948737210658
"16416",-6.22835722355489,0.407250384493977,2.26157021159454
"16417",-6.22834888006742,0.407283440352769,2.26159724074673
"16418",-6.22774835885199,0.409662917497476,2.26354194312388
"16419",-6.22729831680195,0.411446819833674,2.26499866095349
"16420",-6.22679041279094,0.413461240742084,2.26664234592967
"16421",-6.2265450381643,0.414435011061739,2.26743641808537
"16422",-6.22633299706649,0.415276859246138,2.26812265797814
"16423",-6.22609623626592,0.416217292873894,2.2688889809377
"16424",-6.2260920483325,0.416233932188933,2.26890253701221
"16425",-6.22603172237713,0.416473634727864,2.26909781275998
"16426",-6.22592186459267,0.416910238716198,2.26945344664046
"16427",-6.22578907583636,0.417438135877801,2.26988335787118
"16428",-6.22533308094588,0.419252376030793,2.27136013589411
"16429",-6.22493159457367,0.420851822776324,2.27266115899982
"16430",-6.22482000299976,0.421296764191193,2.27302293098281
"16431",-6.22459607711948,0.422190145380188,2.27374911864233
"16432",-6.2234458979415,0.42679180238357,2.27748533590527
"16433",-6.22301476619339,0.428523076189418,2.2788891578931
"16434",-6.22273123516937,0.42966378959869,2.2798135639263
"16435",-6.22248617620862,0.430651131031946,2.28061332595141
"16436",-6.22163544065068,0.434089040253326,2.28339551622514
"16437",-6.22080142483424,0.437475230150234,2.28613195114383
"16438",-6.22027740943314,0.439611004475389,2.287855916005
"16439",-6.22012058865164,0.440251425604432,2.28837255463405
"16440",-6.2193845996616,0.443264873552231,2.29080169970024
"16441",-6.21894337780957,0.44507770370777,2.29226155195605
"16442",-6.21840991317642,0.447275936629928,2.29403028149701
"16443",-6.217898161995,0.449391397598247,2.29573087731554
"16444",-6.21779524480662,0.449817636255316,2.29607334383178
"16445",-6.21751062929852,0.450997804972693,2.29702124595476
"16446",-6.21719505669905,0.452308785602102,2.2980736667297
"16447",-6.21688415319395,0.453602911996655,2.29911199143906
"16448",-6.21656213766689,0.454945981046792,2.30018899029826
"16449",-6.21641497987742,0.455560668906489,2.3006817028746
"16450",-6.21622521478085,0.456354187847746,2.30131757288899
"16451",-6.21549155530981,0.459431246306793,2.30378131385006
"16452",-6.21523493249681,0.460511051809791,2.30464514118442
"16453",-6.21499161817293,0.461536556715106,2.30546516740144
"16454",-6.21393223618206,0.466021190189417,2.30904708776117
"16455",-6.21340253086208,0.468275796058069,2.31084532313244
"16456",-6.21325325951154,0.468912648581851,2.31135295827632
"16457",-6.21259424067093,0.471732318359134,2.31359888987718
"16458",-6.21242191866556,0.472471797341392,2.31418746262448
"16459",-6.21203859023038,0.474120055801059,2.31549870288525
"16460",-6.21196840518541,0.474422337869632,2.3157390792501
"16461",-6.21158473412548,0.476077524811822,2.31705475300009
"16462",-6.21112055283517,0.478086308023976,2.31865026687452
"16463",-6.21095968130373,0.478784114680264,2.31920419843522
"16464",-6.21078332943332,0.479550038522761,2.31981201603091
"16465",-6.21039019271626,0.48126117307926,2.3211692233856
"16466",-6.2093335066579,0.485886120610264,2.32483268466874
"16467",-6.20932609940095,0.485918675692758,2.32485844663939
"16468",-6.20913367934894,0.486765034341895,2.32552807618791
"16469",-6.20881616023585,0.488164470702386,2.3266347728962
"16470",-6.20856133886767,0.489290146921772,2.32752450396797
"16471",-6.20837096149965,0.490132651958574,2.32819014230564
"16472",-6.20811050599745,0.491287396589009,2.32910208944388
"16473",-6.20768198702343,0.493192633299583,2.3306057631976
"16474",-6.20732567399769,0.49478199487642,2.33185921796231
"16475",-6.20714029673216,0.495610760960072,2.33251249493637
"16476",-6.2069843032333,0.496309165459835,2.33306283749237
"16477",-6.20583036969626,0.501504575399165,2.33715175378781
"16478",-6.20509779978864,0.50483020387862,2.33976442294077
"16479",-6.20446602306922,0.507715918261125,2.34202853008946
"16480",-6.20411640457371,0.50932003901183,2.34328592210625
"16481",-6.20388155627574,0.510400499668681,2.3441323645394
"16482",-6.20364860551172,0.511474582850636,2.34497342962396
"16483",-6.20341731699159,0.512543342969232,2.34580994937248
"16484",-6.20330537767476,0.513061447549661,2.34621533507946
"16485",-6.20266707706084,0.516026463321528,2.34853358272066
"16486",-6.20146372958227,0.521667076017414,2.35293581351548
"16487",-6.20104320228867,0.523654475828227,2.35448439645627
"16488",-6.2009697699363,0.524002397949064,2.35475536430574
"16489",-6.20048555213084,0.526303291178558,2.35654634138813
"16490",-6.19919708065629,0.532483890414978,2.36134863433936
"16491",-6.19908700974456,0.533015914545372,2.3617614301748
"16492",-6.19877419507931,0.534531452817501,2.36293682447082
"16493",-6.19786260383401,0.538978654412255,2.36638157673623
"16494",-6.197665798194,0.539944908904223,2.36712917327078
"16495",-6.19754728846277,0.540527827588662,2.36758003352577
"16496",-6.19715311854432,0.542472517799386,2.36908335922094
"16497",-6.19679273367957,0.544258541145982,2.37046294372391
"16498",-6.19677330012847,0.544355071900794,2.37053747774353
"16499",-6.19665183482883,0.544958932474752,2.37100366607906
"16500",-6.19639211437299,0.546253126442451,2.37200240125288
"16501",-6.19602074981648,0.548110846581743,2.37343505983901
"16502",-6.19548573834145,0.550802400579686,2.37550877446481
"16503",-6.19501618781109,0.553179782438918,2.37733847771556
"16504",-6.19392051898717,0.558784465738997,2.38164475319604
"16505",-6.19391800932013,0.558797398038284,2.38165467776836
"16506",-6.19362602197478,0.560305034404746,2.38281130487345
"16507",-6.19312057831972,0.562929227694378,2.38482277715528
"16508",-6.19311961077883,0.562934268808738,2.38482663908053
"16509",-6.19306059395721,0.563241890074396,2.38506228776532
"16510",-6.19212141286751,0.568172358304062,2.38883502819801
"16511",-6.19211535495903,0.568204379114622,2.38885950452484
"16512",-6.19199126989608,0.568860894856367,2.38936126444268
"16513",-6.19169413673449,0.570437895830105,2.39056596216488
"16514",-6.19055707573555,0.576538785690218,2.39521899027016
"16515",-6.1891625697029,0.584172667755353,2.40102434634334
"16516",-6.18842823773206,0.588264592812356,2.40412844689558
"16517",-6.18818576914795,0.589627205382918,2.40516092361661
"16518",-6.18801907102508,0.590567436997451,2.40587300825664
"16519",-6.18741331328641,0.594008575116096,2.40847674754905
"16520",-6.18728801721331,0.594725305255306,2.40901858658677
"16521",-6.18719913181129,0.595234819571367,2.40940367352064
"16522",-6.18703145648332,0.59619841856871,2.41013172810227
"16523",-6.18641758404819,0.599754403633012,2.41281592414194
"16524",-6.18549440872698,0.605191382643631,2.41691221187353
"16525",-6.18523098618305,0.606763964981992,2.41809527109308
"16526",-6.18520447208886,0.606922796654148,2.41821471728974
"16527",-6.18456568554873,0.610780927383452,2.42111370371045
"16528",-6.18430158877703,0.612394420091738,2.42232468646682
"16529",-6.18413554308505,0.613414649771696,2.4230899821277
"16530",-6.18385592571852,0.615143101216056,2.42438578370471
"16531",-6.18379975769435,0.615491914443728,2.42464717156007
"16532",-6.1835962896925,0.616760112119071,2.4255971909443
"16533",-6.18336499193398,0.618210778919293,2.42668328188958
"16534",-6.1832331587609,0.619042021791628,2.42730532321661
"16535",-6.18282899158906,0.621611072560412,2.42922644732509
"16536",-6.18247017773315,0.623919121386456,2.43095063849329
"16537",-6.18163715616406,0.629384678034912,2.43502698228966
"16538",-6.18115137179603,0.632647447138063,2.43745601412659
"16539",-6.17983944136399,0.641780705267323,2.44423795770923
"16540",-6.17979036105782,0.642132533505492,2.44449869571986
"16541",-6.17885677114018,0.648985735270523,2.44956999957618
"16542",-6.17870031953502,0.650166475326614,2.45044228558435
"16543",-6.17850682151981,0.651640804049309,2.45153086685284
"16544",-6.17847951220023,0.651850164417748,2.45168539588397
"16545",-6.17821294649029,0.65391098228477,2.4532057748551
"16546",-6.177897106353,0.656395191790655,2.4550367968943
"16547",-6.17766920333787,0.658218208940746,2.45637928623123
"16548",-6.177581725159,0.658925091168789,2.45689957089818
"16549",-6.17731150424421,0.661134911839501,2.45852508410007
"16550",-6.1765456373432,0.667636352191666,2.46329890587243
"16551",-6.17625506801034,0.670207362260875,2.46518321644734
"16552",-6.17599399295385,0.672573194364454,2.46691539966132
"16553",-6.17575249439893,0.67481284113505,2.46855365104121
"16554",-6.17558371670599,0.676409602421832,2.46972073130796
"16555",-6.17557715725143,0.676472209407089,2.469766475549
"16556",-6.17545825064947,0.677614507345937,2.47060089856616
"16557",-6.17482603436524,0.683947710659521,2.47522012118711
"16558",-6.17459228031833,0.686416060963424,2.47701723067719
"16559",-6.17458936845103,0.686447297525543,2.47703996125309
"16560",-6.1745574159065,0.686790885884792,2.47728996850121
"16561",-6.17448964573409,0.687524698601297,2.47782380025912
"16562",-6.17446738351482,0.687767287768777,2.4780002432914
"16563",-6.17435886575085,0.688961021685428,2.4788682320302
"16564",-6.17417838708208,0.690989853096554,2.48034247392922
"16565",-6.17410896371532,0.69178566953933,2.48092041974317
"16566",-6.17352860766323,0.698831666930377,2.48602932611435
"16567",-6.17333144657187,0.701416671093428,2.48790001711758
"16568",-6.1729298988074,0.70707994469371,2.49199156013597
"16569",-6.17291323130027,0.707328720693952,2.49217107968897
"16570",-6.17288426428383,0.707764046456978,2.49248517249183
"16571",-6.17251442060304,0.713707233402559,2.49676777243714
"16572",-6.17249001714187,0.714128877625414,2.49707121777204
"16573",-6.17226153179328,0.718308004935243,2.50007605204237
"16574",-6.17220385464646,0.719440306081394,2.50088932474192
"16575",-6.17218335174633,0.719851664159556,2.50118469077497
"16576",-6.17209839842775,0.72161081093196,2.50244725854698
"16577",-6.17205175571856,0.722618065735862,2.50316978311987
"16578",-6.171984881773,0.724121115449107,2.50424741298876
"16579",-6.1717641696203,0.729740941959374,2.50827091785486
"16580",-6.1715305526146,0.737795138782882,2.51402170723507
"16581",-6.17152048892265,0.738242898077154,2.51434087593291
"16582",-6.17149938287338,0.73923118917688,2.51504514338902
"16583",-6.1714976290032,0.739316673028615,2.51510604726234
"16584",-6.17146476281688,0.741037485737612,2.51633162239161
"16585",-6.17146150343667,0.741222693062094,2.516463478884
"16586",-6.17144236660152,0.742379937776627,2.51728715005495
"16587",-6.1713734112315,0.749148672815653,2.52209731825629
"16588",-6.1713715367655,0.749580041581101,2.52240343587132
"16589",-6.1713668450839,0.752413731131746,2.52441305871021
"16590",-6.17138144048658,0.756199486465844,2.52709440829013
"16591",-6.1714491982237,0.761895664676495,2.53112141721364
"16592",-6.17145712201531,0.762356544904318,2.531446854634
"16593",-6.1715471735977,0.766586333404884,2.53443088534458
"16594",-6.17160322701936,0.7686731098611,2.53590126575985
"16595",-6.1716596014094,0.770528785163548,2.53720781298473
"16596",-6.17178040522013,0.773965405668735,2.53962500781554
"16597",-6.17180985696698,0.77472125803049,2.5401562182003
"16598",-6.17188024266905,0.776428660592728,2.54135560676735
"16599",-6.17235176630527,0.785607635563112,2.54779007023273
"16600",-6.17246478633442,0.787436369789647,2.54906932000822
"16601",-6.17250526166781,0.788067332314257,2.54951048880666
"16602",-6.17284640580439,0.792982926062238,2.55294384489286
"16603",-6.17285341950709,0.793077555591967,2.55300987709078
"16604",-6.1729897783617,0.794874445345772,2.55426329092191
"16605",-6.17311144759223,0.796414654890209,2.55533697802054
"16606",-6.17334686488711,0.799249451924884,2.55731148908503
"16607",-6.17372665236376,0.803491083951008,2.56026194137886
"16608",-6.17416117155948,0.807951143556867,2.56335923186784
"16609",-6.174583011449,0.811968558281778,2.5661446698165
"16610",-6.17478889075138,0.813836714476593,2.56743850423252
"16611",-6.17502883227604,0.815947210427061,2.56889908356177
"16612",-6.17530661489094,0.818309713870647,2.57053269297991
"16613",-6.1753910850759,0.8190122869364,2.57101822455743
"16614",-6.1754499365314,0.819497649251772,2.57135357222514
"16615",-6.17557356284207,0.820506547098534,2.572050447069
"16616",-6.17559354239815,0.820668273163048,2.57216213142318
"16617",-6.1757082867843,0.821590165514538,2.57279864016994
"16618",-6.17606416643482,0.82437865037629,2.57472257709861
"16619",-6.17607142692235,0.824434485084623,2.57476108019851
"16620",-6.17628911021397,0.826090145538502,2.5759024432202
"16621",-6.17663457544711,0.828648899746679,2.5776649843951
"16622",-6.17748831684355,0.834656509505285,2.58179659137633
"16623",-6.17851012303096,0.841359351911058,2.58639545305389
"16624",-6.17860254061063,0.841943278023992,2.58679554744952
"16625",-6.17996217227363,0.850174661188588,2.59242634655334
"16626",-6.18133309414615,0.857902166878297,2.59769694581073
"16627",-6.18241027107512,0.863649242502459,2.60160710656885
"16628",-6.18284633581996,0.865905710665498,2.60314010510268
"16629",-6.1834673599755,0.869056209150894,2.60527838136829
"16630",-6.18380108228046,0.87072042953141,2.60640691587832
"16631",-6.18413861005361,0.872384270009412,2.60753451066066
"16632",-6.18424026199123,0.872881669424175,2.60787146901576
"16633",-6.18461608792261,0.874706287637009,2.60910701825309
"16634",-6.18482222331295,0.875697725699355,2.60977803285463
"16635",-6.1859392471068,0.880962435562862,2.61333720808679
"16636",-6.18632194807896,0.882726901912602,2.61452855170966
"16637",-6.18708260428333,0.88617912781447,2.61685725866213
"16638",-6.18843815692541,0.892165112079064,2.62088827921046
"16639",-6.18885923687892,0.893984688663154,2.62211188777756
"16640",-6.18968854501199,0.897517388400078,2.62448524848629
"16641",-6.18989724479868,0.898396232710185,2.6250752148977
"16642",-6.19092537350879,0.90266948868636,2.62794121483221
"16643",-6.19143806458381,0.904767163181778,2.62934649840306
"16644",-6.1933295230193,0.912331751041374,2.6344055464072
"16645",-6.19354592629598,0.913180905788532,2.63497260188591
"16646",-6.19362364681167,0.913485104372209,2.63517570086073
"16647",-6.19383012405702,0.914291299322285,2.63571385388349
"16648",-6.19390325350957,0.914576158571806,2.63590396727547
"16649",-6.19394446327081,0.914736527273503,2.6360109880297
"16650",-6.19850662824406,0.931872382572867,2.64741193438059
"16651",-6.19889788818465,0.93329114994826,2.64835283497283
"16652",-6.19894976255126,0.933478716290405,2.64847719097559
"16653",-6.20036475459082,0.938548325176041,2.6518352794137
"16654",-6.20115348087299,0.94133686360223,2.65367989743959
"16655",-6.20354604071544,0.949647074573419,2.65916665701284
"16656",-6.20412273278773,0.951619116593906,2.66046640090092
"16657",-6.20717688381588,0.961884450181987,2.66721811287659
"16658",-6.20817896117711,0.965192645213601,2.6693890016052
"16659",-6.21039344555125,0.972410240286315,2.67411695920654
"16660",-6.21113578820015,0.974803084262444,2.67568190608577
"16661",-6.2118657348209,0.977143801613108,2.67721155924209
"16662",-6.21298965561024,0.980725401947168,2.67954983376799
"16663",-6.21349208211538,0.982318055664505,2.68058872210904
"16664",-6.21440822381695,0.985209378885178,2.682473341951
"16665",-6.2148726107168,0.986668893508447,2.68342400223554
"16666",-6.21506328954584,0.987267025735021,2.68381346654833
"16667",-6.21552459592896,0.988711369112056,2.684753613554
"16668",-6.21817014455422,0.996925072999545,2.69009164093791
"16669",-6.21958712065991,1.00127990692565,2.69291605532601
"16670",-6.22021449929355,1.00319904856862,2.6941594948423
"16671",-6.22023833228598,1.00327184908241,2.69420664824127
"16672",-6.22087191971859,1.0052044900188,2.69545803038147
"16673",-6.22341972467078,1.01292668495297,2.70045043019961
"16674",-6.223850441685,1.01422494972706,2.70128855441778
"16675",-6.22434396382635,1.01571016387162,2.70224694534432
"16676",-6.22447415858077,1.01610156528031,2.70249943701975
"16677",-6.22505792903585,1.01785450400177,2.70362986870717
"16678",-6.22566195358472,1.01966487164813,2.70479667927416
"16679",-6.22578616796138,1.02003675097019,2.70503627905444
"16680",-6.22627977912667,1.0215132016444,2.70598727174262
"16681",-6.22723382718489,1.02436102923915,2.7078203348174
"16682",-6.22888321362616,1.02926781186721,2.71097486409404
"16683",-6.23062729057283,1.03443617430227,2.71429238593022
"16684",-6.23108591217879,1.03579217148963,2.7151619248939
"16685",-6.23207487057794,1.03871224327658,2.71703323900399
"16686",-6.23224819113795,1.03922347271728,2.71736069181119
"16687",-6.23338247216341,1.04256555550932,2.71950016086835
"16688",-6.23451779608516,1.04590495925184,2.7216358628571
"16689",-6.23508083508842,1.04755915279555,2.72269304946249
"16690",-6.23581067760122,1.04970171326951,2.72406162562385
"16691",-6.23641819710691,1.05148384090141,2.72519935859235
"16692",-6.24011826416918,1.06231809041733,2.73210448440136
"16693",-6.24125820855151,1.06565158041654,2.73422520358564
"16694",-6.24748580528475,1.083866887152,2.74578407904283
"16695",-6.25147953194181,1.09559013338889,2.75319938683204
"16696",-6.25195266710365,1.09698306606828,2.75407933487084
"16697",-6.25378218308781,1.10237975059037,2.75748643660054
"16698",-6.25445403028091,1.10436620681863,2.75873973397845
"16699",-6.25745715443403,1.11328189108439,2.76435975774282
"16700",-6.26070519360435,1.12300568894531,2.77048053919107
"16701",-6.26071457948628,1.12303393017325,2.77049830403406
"16702",-6.26246109716654,1.1283050457447,2.77381291954586
"16703",-6.26296358649685,1.12982779711136,2.77477006516441
"16704",-6.26306580448491,1.13013791695046,2.7749649740224
"16705",-6.2642214988433,1.133652900287,2.77717364179138
"16706",-6.26534798757751,1.13709525822357,2.77933585426107
"16707",-6.26547869472824,1.13749576514595,2.7795873703376
"16708",-6.26568761705094,1.1381364194566,2.77998967654861
"16709",-6.26617064201193,1.139619919685,2.78092115980505
"16710",-6.26705213788117,1.14233584190225,2.78262613436512
"16711",-6.26721289353212,1.14283237240416,2.78293779534694
"16712",-6.26841230836653,1.1465496206061,2.78527060139489
"16713",-6.26929867076058,1.1493115507924,2.78700342678545
"16714",-6.27181125038516,1.15721608386467,2.79196082223949
"16715",-6.27353214982949,1.1627008472158,2.79539927633693
"16716",-6.27441901387023,1.16555219105647,2.79718646259442
"16717",-6.27591981921211,1.17041892419426,2.80023643312542
"16718",-6.277084272935,1.17423344765983,2.80262669256944
"16719",-6.27714776423369,1.17444245162462,2.80275765311398
"16720",-6.27820761876481,1.17794760109533,2.80495389306056
"16721",-6.278447003636,1.1787436580854,2.8054526695026
"16722",-6.27853609779708,1.17904035612047,2.80563856735355
"16723",-6.2790822530138,1.18086423022811,2.80678131824917
"16724",-6.27999500516928,1.18393248848607,2.80870372818107
"16725",-6.28547351809225,1.20296096600365,2.8206281124099
"16726",-6.28567025045199,1.20366668453964,2.82107050716861
"16727",-6.28578575004819,1.20408182293748,2.82133075287563
"16728",-6.28763374824392,1.21081056350072,2.82554977803245
"16729",-6.28894772662702,1.21570187681304,2.82861788759158
"16730",-6.28909799215414,1.2162673723828,2.82897267215467
"16731",-6.28974986501609,1.21873591499785,2.83052159753148
"16732",-6.29065543259826,1.22220838645335,2.83270102207633
"16733",-6.29111883054989,1.22400580712449,2.83382941568146
"16734",-6.29148931162624,1.22545326651163,2.8347382557985
"16735",-6.2918019332416,1.22668211582311,2.83550994031117
"16736",-6.29219828776408,1.22825019225989,2.83649479751279
"16737",-6.29264891018738,1.23004712110903,2.8376235994558
"16738",-6.29356796307019,1.2337610917763,2.83995740531228
"16739",-6.29386333505264,1.23496940050255,2.84071691727653
"16740",-6.29397027268284,1.23540869270528,2.84099307389905
"16741",-6.29561448330769,1.24229361456187,2.84532332935627
"16742",-6.29563693360328,1.24238941754376,2.84538361382927
"16743",-6.29710788630458,1.24878335147064,2.849408999257
"16744",-6.29765504807398,1.25122484524412,2.85094715100008
"16745",-6.29916910852914,1.2581837826442,2.8553348568994
"16746",-6.30005994965246,1.26243496847605,2.85801804730224
"16747",-6.30107482763786,1.26744153710287,2.86118089633014
"16748",-6.30213677315799,1.2728943208509,2.86462942361525
"16749",-6.30221434182218,1.27330214657098,2.86488751245793
"16750",-6.30244166771736,1.27450536082957,2.86564909414077
"16751",-6.30402971447738,1.28328300880882,2.87121146706697
"16752",-6.30435365608052,1.28516450750015,2.87240532474823
"16753",-6.30486023718085,1.28817891629903,2.87431924484048
"16754",-6.30543629426588,1.29172497998664,2.87657267730369
"16755",-6.30786104125212,1.30852343644126,2.88727863940516
"16756",-6.30936034629184,1.32140466073243,2.89552643640394
"16757",-6.30961743907496,1.32394797398725,2.89715921998364
"16758",-6.31000841722539,1.32809697715111,2.89982605546893
"16759",-6.31091339713379,1.33976312384263,2.90734703457436
"16760",-6.31165206397816,1.35531317276699,2.91742733441497
"16761",-6.31166157809828,1.35563858606212,2.91763900414198
"16762",-6.31182590182104,1.36481864502849,2.92362317343452
"16763",-6.3118352119027,1.36786918663034,2.92561737005123
"16764",-6.31180066120191,1.37285077278637,2.92888020982738
"16765",-6.31175891652243,1.37539198506418,2.93054772059922
"16766",-6.31162096177106,1.38062772910721,2.93398999197081
"16767",-6.31159859875294,1.38128827888727,2.9344249084274
"16768",-6.3115967620182,1.38134111773274,2.93445970447911
"16769",-6.31064940252443,1.39822586790072,2.94562483302598
"16770",-6.31043194515878,1.4009245771709,2.94741777840485
"16771",-6.31038974246917,1.40142378635323,2.94774969002495
"16772",-6.3103889975624,1.40143253274482,2.94775550597869
"16773",-6.30896048859507,1.41539213981791,2.95706840818274
"16774",-6.30863993642791,1.41800789033007,2.95882015577688
"16775",-6.30821893188632,1.42125555017896,2.96099799627162
"16776",-6.30814531453374,1.42180408396447,2.96136615308676
"16777",-6.30128739246516,1.45992716006239,2.98717188206806
"16778",-6.3011961732631,1.46033340578578,2.98744914067993
"16779",-6.29763118227349,1.47508656974143,2.9975493530198
"16780",-6.29741715789682,1.47591269508229,2.99811671308519
"16781",-6.29680024963829,1.47826202864329,2.99973119187038
"16782",-6.29420077368416,1.48769560008102,3.00622909567489
"16783",-6.29418125945005,1.48776384471776,3.00627619029438
"16784",-6.29056434424111,1.49985713379716,3.01464108378126
"16785",-6.28946534971132,1.50333758580225,3.01705560477683
"16786",-6.28545332859426,1.51541617695526,3.02545909813187
"16787",-6.28388684818853,1.51989941569544,3.02858762467659
"16788",-6.28090059612294,1.52813826160922,3.03434990202563
"16789",-6.28030861700699,1.52972766380797,3.03546344817775
"16790",-6.27919089902778,1.53269206016183,3.03754196015399
"16791",-6.27765939180979,1.53668012772216,3.04034156289336
"16792",-6.27764478924617,1.53671775902273,3.04036799798357
"16793",-6.27612236513412,1.54060208834046,3.04309845557958
"16794",-6.27114185545434,1.55281619712606,3.05170728267902
"16795",-6.27053125577621,1.55426640240037,3.05273170916568
"16796",-6.26891633536263,1.55805662877722,3.05541138107957
"16797",-6.25485876755099,1.58872814309798,3.07721174196727
"16798",-6.25279342306526,1.59294271191388,3.08022280103524
"16799",-6.25086039731652,1.59683056202728,3.08300361700141
"16800",-6.24739031020109,1.6036809310715,3.08791069307136
"16801",-6.24377274342057,1.61065887265891,3.09291852211342
"16802",-6.23187753460997,1.63258602623074,3.10871373819464
"16803",-6.22760167489979,1.64013769517241,3.1141732622289
"16804",-6.21438625753296,1.66256957239523,3.13044559163188
"16805",-6.2101084130831,1.66957366719612,3.13554232528177
"16806",-6.20630589257425,1.6757064650646,3.14001085857879
"16807",-6.20563439999246,1.67678080506367,3.14079419833771
"16808",-6.20545604363368,1.67706573671105,3.14100197904638
"16809",-6.19158833842367,1.69871391892235,3.15681985093258
"16810",-6.18986859249844,1.70133444189696,3.15873858940351
"16811",-6.18519277597066,1.70839507604597,3.16391232401568
"16812",-6.18388969901162,1.71034665171183,3.16534334477308
"16813",-6.17743681228066,1.71991365889347,3.17236437126541
"16814",-6.17726287737992,1.72016938016223,3.17255216925962
"16815",-6.17587204490563,1.72221029256919,3.17405121874239
"16816",-6.16964864406399,1.73126064098885,3.18070350580049
"16817",-6.1694189483736,1.73159221012879,3.1809473627714
"16818",-6.16891985147763,1.73231207951406,3.1814768340148
"16819",-6.16139722567647,1.74306915114228,3.18939401926258
"16820",-6.16086934879977,1.74381770518113,3.18994530250371
"16821",-6.15997953210612,1.74507772051855,3.19087335577863
"16822",-6.15732375700722,1.74882533337792,3.19363432901922
"16823",-6.15303070662514,1.75484350151148,3.19807017212879
"16824",-6.14100266019424,1.7714662988754,3.21033405572707
"16825",-6.12637384164615,1.79127895274032,3.22496808246313
"16826",-6.12262578323332,1.79629481481364,3.22867481380564
"16827",-6.12030507371728,1.79938961663841,3.23096212634705
"16828",-6.11828356861254,1.80207895349904,3.23294988699312
"16829",-6.1051538611244,1.81941582682871,3.24576505051802
"16830",-6.09343811849298,1.83472954808938,3.25708240720146
"16831",-6.07561087340232,1.8578459461062,3.27415084352106
"16832",-6.06387557038432,1.87300196398675,3.28532398585377
"16833",-6.05824743917379,1.88026854900384,3.29067410811478
"16834",-6.05247020218339,1.88773325463951,3.29616456566457
"16835",-6.05176879172658,1.88864018915572,3.29683122050323
"16836",-6.04965551123254,1.89137379464738,3.29884001837238
"16837",-6.04369259013799,1.89909810859295,3.30451129865445
"16838",-6.03838230991916,1.90599494264281,3.3095683211909
"16839",-6.03620100513064,1.90883405459722,3.31164807758413
"16840",-6.03287391581296,1.91317245368774,3.31482373857259
"16841",-6.03178793396244,1.91459080544421,3.3158613099998
"16842",-6.03046874406714,1.91631535468448,3.31712243255491
"16843",-6.01776216871819,1.93303457994419,3.32932157415937
"16844",-6.00872859878301,1.94507237942331,3.33807065294328
"16845",-6.00585850668465,1.94892999355536,3.34086756675252
"16846",-6.00138916058278,1.95497371645314,3.34524234807394
"16847",-6.00114664108568,1.9553030263879,3.34548046184273
"16848",-5.99782011863337,1.95983514151357,3.34875467734583
"16849",-5.98729561855396,1.97437404878894,3.35922164575616
"16850",-5.98694304627771,1.97486661132354,3.35957526297204
"16851",-5.98400629778315,1.97898385047783,3.36252851025114
"16852",-5.98149509667202,1.98252529893421,3.36506505346686
"16853",-5.97850915611354,1.9867618766029,3.36809495595741
"16854",-5.9589912634671,2.01519788214629,3.38830131932732
"16855",-5.95624700016108,2.01930846948567,3.39120305371485
"16856",-5.95212307335981,2.02554270180633,3.39559441914492
"16857",-5.94792218793861,2.03196666341038,3.40010734115273
"16858",-5.94497836061008,2.03651438979322,3.40329468383171
"16859",-5.92334409737846,2.07124518230147,3.42742521399012
"16860",-5.92186237181328,2.07371813913384,3.42912877335167
"16861",-5.91920328941171,2.07819004241491,3.43220428864459
"16862",-5.91803479420188,2.08016931129248,3.43356341850254
"16863",-5.89576839375659,2.11978170264795,3.46048575309241
"16864",-5.8934794019972,2.12408958388967,3.46338057744799
"16865",-5.89084998807791,2.12910172105695,3.466740234556
"16866",-5.88983818143405,2.13104923325852,3.46804320014064
"16867",-5.8797571179721,2.15108198728299,3.48136454658764
"16868",-5.8756455943598,2.15961936412698,3.48699569568956
"16869",-5.87034458966088,2.17099246639697,3.49445336142749
"16870",-5.86892337690508,2.17411846892082,3.49649424604238
"16871",-5.86344975642018,2.18649765118345,3.5045377976974
"16872",-5.86317620047554,2.18713150691588,3.50494798220287
"16873",-5.85980843729924,2.19506493518772,3.51006793036609
"16874",-5.85936383659403,2.19613105886878,3.51075398165302
"16875",-5.85496588445686,2.2069361087266,3.51768011859081
"16876",-5.85262635628306,2.21289309629644,3.52147738857761
"16877",-5.84846286615026,2.22390794165757,3.52845829680188
"16878",-5.84507002456974,2.23333510195867,3.53439047544649
"16879",-5.8424269418905,2.24100789059368,3.53918919025495
"16880",-5.84023006699547,2.24763775299204,3.54331396683296
"16881",-5.83977688267,2.2490368196685,3.54418180269951
"16882",-5.83826028300338,2.25380369514632,3.54713182751845
"16883",-5.83224535621823,2.27425279023383,3.55966453372791
"16884",-5.8296069570943,2.2842292522711,3.56570502581023
"16885",-5.82886772769041,2.28716764874962,3.56747470881494
"16886",-5.82853279708382,2.28852226899487,3.56828908357674
"16887",-5.82418179928674,2.30775994443869,3.57975333269154
"16888",-5.82394609889412,2.3089097403907,3.58043245530473
"16889",-5.8233090187869,2.3120883728036,3.58230628207633
"16890",-5.82287924460857,2.3142955352769,3.58360427859603
"16891",-5.81690204752843,2.35460693521486,3.60684382875931
"16892",-5.81605634113611,2.36375788462362,3.61199185153172
"16893",-5.81603077030675,2.36407206337988,3.61216773375731
"16894",-5.8151072993171,2.37851396980764,3.62018967903458
"16895",-5.81585142497615,2.42832724302657,3.64687848582176
"16896",-5.81717240100697,2.44204864951529,3.65395150168833
"16897",-5.81782886466899,2.44744842268639,3.65670082313065
"16898",-5.82146803628538,2.4702585584381,3.66809839673791
"16899",-5.82162807415121,2.47109337755257,3.66850882488725
"16900",-5.82181443738134,2.47205319898089,3.66898011871039
"16901",-5.82194149429187,2.47270022899016,3.66929746849497
"16902",-5.82197658504829,2.4728779021874,3.66938456187347
"16903",-5.82395325572112,2.48226088731984,3.67395313248937
"16904",-5.82945787220366,2.50395255113961,3.68428114099134
"16905",-5.8308172359555,2.50863070334824,3.68646549344617
"16906",-5.83558459544882,2.52361623482612,3.69335938497971
"16907",-5.83759131448242,2.52939550106203,3.69597600209218
"16908",-5.84018915598886,2.53650789983207,3.69916413084625
"16909",-5.84867989661528,2.55750839381337,3.70837233804841
"16910",-5.85118878575599,2.56319737655815,3.71081455620322
"16911",-5.85788625347576,2.57750843238527,3.71686141366055
"16912",-5.86389585995596,2.58946322979371,3.7218087276664
"16913",-5.86809253848133,2.59740776724864,3.72504555871853
"16914",-5.86974559893455,2.6004574678344,3.72627754290233
"16915",-5.86996178111486,2.60085318333272,3.72643697606262
"16916",-5.8727025872273,2.60581061393099,3.72842615557142
"16917",-5.88489011107909,2.62670113542368,3.73664838450634
"16918",-5.88733914061032,2.63070670267829,3.7381967342335
"16919",-5.88841904702681,2.63245536975725,3.73886997463156
"16920",-5.88966401943156,2.63445852515483,3.73963920534025
"16921",-5.89650353931078,2.6452378346469,3.74374329877436
"16922",-5.90645355052207,2.66033759615018,3.74939933775192
"16923",-5.91312254443122,2.6701455716518,3.7530211787479
"16924",-5.9138183205328,2.67115655646357,3.75339239811302
"16925",-5.92804804173772,2.69142017090636,3.76076087163656
"16926",-5.92860486193022,2.69219955168201,3.76104185755716
"16927",-5.93163734945852,2.69642969345362,3.76256429295394
"16928",-5.93344766873041,2.6989441612525,3.76346726810238
"16929",-5.94067346139515,2.70891285798136,3.76703460947508
"16930",-5.95050921549856,2.72235816880513,3.77182263738795
"16931",-5.95751451720492,2.73189035622946,3.77520841994622
"16932",-5.96656821414522,2.74420110029432,3.77957862557771
"16933",-5.96894204494065,2.7474285293669,3.78072409355937
"16934",-5.96905773345538,2.74758581387557,3.78077991386626
"16935",-5.97173013265619,2.7512189730432,3.78206925631092
"16936",-5.97344111140068,2.7535449630498,3.78289464098595
"16937",-5.9819828974336,2.76515584622205,3.78701401155871
"16938",-5.98392938298464,2.76780141960418,3.78795243787375
"16939",-5.99295300990308,2.78006449158539,3.79230144232709
"16940",-6.00675896759192,2.7988221538081,3.79895081545579
"16941",-6.0105112626152,2.8039192975113,3.800757084254
"16942",-6.03298287751544,2.83443613689554,3.81156577273478
"16943",-6.04554609442315,2.85149056950571,3.81760205601877
"16944",-6.06121794925168,2.8727581565474,3.82512526563732
"16945",-6.06814748369063,2.88215949076245,3.82844936255476
"16946",-6.07435574963714,2.89058099600227,3.83142620535957
"16947",-6.07765687074957,2.89505846705048,3.83300859341427
"16948",-6.10491016692947,2.93201010839248,3.84605929079972
"16949",-6.10862918440886,2.93705070638312,3.84783836466331
"16950",-6.11084331123693,2.94005142403952,3.84889732852261
"16951",-6.11440684125394,2.94488059483025,3.85060134548765
"16952",-6.14886863610107,2.99156009411601,3.86705877225309
"16953",-6.1522859711673,2.99618677411368,3.86868857314698
"16954",-6.15567816981482,3.00077902355205,3.87030599308741
"16955",-6.16332304266754,3.01112694188223,3.87394966960819
"16956",-6.1639026724231,3.01191143182559,3.87422584911395
"16957",-6.17618336460048,3.02852974766193,3.88007456557376
"16958",-6.19118221875865,3.04881902676165,3.88721065037672
"16959",-6.194418664726,3.05319597655069,3.88874942556093
"16960",-6.19644468054483,3.05593575463304,3.88971250864037
"16961",-6.20576658325095,3.06853981963476,3.8941418497027
"16962",-6.23311620684615,3.10550042582392,3.9071188274208
"16963",-6.24676979223434,3.12394145208426,3.91358681097531
"16964",-6.29622191159073,3.19067194732006,3.93695288419038
"16965",-6.30584299437748,3.20364307640575,3.94148748578725
"16966",-6.33026018878486,3.23654482536749,3.95297856705909
"16967",-6.34004928036306,3.24972827773067,3.95757838179543
"16968",-6.35031053066928,3.26354310831149,3.96239562672115
"16969",-6.35044509677377,3.26372424520168,3.96245876967951
"16970",-6.38225561691783,3.30652090234487,3.97736280246952
"16971",-6.38581400966499,3.31130534620292,3.97902716139407
"16972",-6.47310168102833,3.42847542382243,4.01966422770874
"16973",-6.49448781126397,3.45712320140277,4.02956176080116
"16974",-6.5705813227634,3.55884396521874,4.06457094019408
"16975",-6.5865393077165,3.58013202572192,4.07186923798486
"16976",-6.59469781815856,3.59100924257467,4.07559429476997
"16977",-6.59982647377937,3.59784473168912,4.07793378129898
"16978",-6.60903059926251,3.61010766938392,4.08212805013825
"16979",-6.62932130410063,3.63712143329364,4.09135456429165
"16980",-6.68331251948663,3.70885947535707,4.11576502950233
"16981",-6.68805789135146,3.71515422447272,4.11790024834191
"16982",-6.7126678647385,3.74777087339265,4.12894560825446
"16983",-6.71878984921585,3.75587698098583,4.13168575607277
"16984",-6.73367776061127,3.77557695359839,4.13833658373277
"16985",-6.7466417512503,3.79271568215743,4.14411271572112
"16986",-6.77023501815882,3.82386819386719,4.15458696180181
"16987",-6.86795804977124,3.95231439664432,4.19739345588811
"16988",-7.06550814818662,4.2080524888539,4.28007234345831
"16989",-7.09711272444965,4.248271880306,4.29261683145238
"16990",-7.19097108931066,4.36594008090212,4.32812698999735
"16991",-7.21218913656459,4.39205708750989,4.33567925922707
"16992",-7.22147251855527,4.40341116039894,4.3389120890977
"16993",-7.36369382560197,4.56683666602506,4.37810486602258
"16994",-7.36620315445189,4.56934851084505,4.37843137349744
"16995",-7.36681154609994,4.56995298673667,4.37850609122204
"16996",-7.40002166474099,4.59803748414783,4.37776125502968
"16997",-7.40167478507538,4.59889451147161,4.37719300278675
"16998",-7.4078472699853,4.6003472799637,4.37335568694657
"16999",-7.41022593609301,4.59874186844474,4.36975096786368
"17000",-7.41111278774999,4.59552635891751,4.36583760220499
"17001",-7.40899969792576,4.58278100853508,4.35512604906112
"17002",-7.40523258563916,4.57174536574864,4.34750381097481
"17003",-7.40479477321185,4.57060268470301,4.34675529658885
"17004",-7.39322728627312,4.54405744748485,4.33055836101657
"17005",-7.35818695031659,4.47621502443927,4.2938366910609
"17006",-7.35129443955722,4.46369146710034,4.28742001237111
"17007",-7.34745396735708,4.45678086144344,4.28391093849763
"17008",-7.28324352011676,4.34571232531009,4.22963614747404
"17009",-7.2504009661708,4.29088344586545,4.20382256558846
"17010",-7.17620871239151,4.16968725005819,4.14812945322339
"17011",-7.09072765230021,4.03296614544551,4.08683352391119
"17012",-6.69866686091158,3.42495626109736,3.82453168472733
"17013",-6.3923539150622,2.96141177839313,3.63102796768735
"17014",-7.16707182778469,4.28495325504494,4.29135779450028
